         0  0.0000000000000000e+00  1.2500000000000000e-01  3.7500000000000000e-01 -0.000000e+00  3.375000e+00 -0.000000e+00  1.562500e+01 -0.000000e+00  8.374023e+01  3.375000e+00  1.562500e+01  1.1250000000000000e+00
        10  2.4999999999999998e-02  1.2481263638387965e-01  3.7446223916162519e-01  1.324531e-02  3.375300e+00  1.324627e-01  1.563091e+01  1.086794e+00  8.381010e+01  3.373818e+00  1.561449e+01  1.1235813805565404e+00
        20  5.0000000000000010e-02  1.2462552938208508e-01  3.7397358180111256e-01  2.646580e-02  3.376199e+00  2.647347e-01  1.564861e+01  2.173135e+00  8.401928e+01  3.370294e+00  1.558317e+01  1.1226970603793145e+00
        30  7.5000000000000025e-02  1.2443865457878274e-01  3.7353348760439936e-01  3.966309e-02  3.377694e+00  3.968894e-01  1.567803e+01  3.260727e+00  8.436742e+01  3.364477e+00  1.553158e+01  1.1223424949749670e+00
        40  1.0000000000000005e-01  1.2425198782064770e-01  3.7314144617249817e-01  5.283874e-02  3.379781e+00  5.289988e-01  1.571914e+01  4.351251e+00  8.485447e+01  3.356439e+00  1.546049e+01  1.1225139881301847e+00
        50  1.2500000000000006e-01  1.2406550520220151e-01  3.7279697586650096e-01  6.599419e-02  3.382458e+00  6.611334e-01  1.577190e+01  5.446369e+00  8.548070e+01  3.346272e+00  1.537090e+01  1.1232086674664763e+00
        60  1.5000000000000008e-01  1.2387918305172851e-01  3.7249962265163328e-01  7.913079e-02  3.385724e+00  7.933622e-01  1.583628e+01  6.547724e+00  8.624668e+01  3.334090e+00  1.526404e+01  1.1244244617427845e+00
        70  1.7500000000000010e-01  1.2369299791777155e-01  3.7224895894020976e-01  9.224972e-02  3.389577e+00  9.257524e-01  1.591228e+01  7.656939e+00  8.715326e+01  3.320023e+00  1.514135e+01  1.1261600797991800e+00
        80  2.0000000000000012e-01  1.2350692655620661e-01  3.7204458243352662e-01  1.053520e-01  3.394013e+00  1.058369e+00  1.599988e+01  8.775620e+00  8.820159e+01  3.304220e+00  1.500441e+01  1.1284149910465002e+00
        90  2.2500000000000014e-01  1.2332094591789779e-01  3.7188611496290103e-01  1.184386e-01  3.399033e+00  1.191277e+00  1.609909e+01  9.905354e+00  8.939306e+01  3.286841e+00  1.485498e+01  1.1311894074173574e+00
       100  2.5000000000000017e-01  1.2313503313693250e-01  3.7177320133020270e-01  1.315102e-01  3.404635e+00  1.324536e+00  1.620992e+01  1.104771e+01  9.072934e+01  3.268063e+00  1.469491e+01  1.1344842667029844e+00
       110  2.7500000000000019e-01  1.2294916551943555e-01  3.7170550814834202e-01  1.445672e-01  3.410816e+00  1.458206e+00  1.633237e+01  1.220423e+01  9.221235e+01  3.248070e+00  1.452620e+01  1.1383012172081906e+00
       120  3.0000000000000021e-01  1.2276332053296410e-01  3.7168272268230079e-01  1.576099e-01  3.417576e+00  1.592343e+00  1.646647e+01  1.337645e+01  9.384421e+01  3.227057e+00  1.435087e+01  1.1426426036636284e+00
       130  3.2500000000000023e-01  1.2257747579648155e-01  3.7170455169131628e-01  1.706385e-01  3.424913e+00  1.727001e+00  1.661224e+01  1.456587e+01  9.562727e+01  3.205224e+00  1.417101e+01  1.1475114543399410e+00
       140  3.5000000000000026e-01  1.2239160907090900e-01  3.7177072027295532e-01  1.836527e-01  3.432824e+00  1.862232e+00  1.676970e+01  1.577396e+01  9.756409e+01  3.182777e+00  1.398875e+01  1.1529114693130140e+00
       150  3.7500000000000028e-01  1.2220569825025469e-01  3.7188097070979198e-01  1.966521e-01  3.441308e+00  1.998083e+00  1.693888e+01  1.700219e+01  9.965739e+01  3.159921e+00  1.380620e+01  1.1588470098329309e+00
       160  4.0000000000000030e-01  1.2201972135331805e-01  3.7203506131944925e-01  2.096361e-01  3.450361e+00  2.134600e+00  1.711980e+01  1.825198e+01  1.019101e+02  3.136864e+00  1.362544e+01  1.1653230887518486e+00
       170  4.2500000000000032e-01  1.2183365651596813e-01  3.7223276530877586e-01  2.226036e-01  3.459981e+00  2.271822e+00  1.731248e+01  1.952471e+01  1.043251e+02  3.113812e+00  1.344855e+01  1.1723453619672402e+00
       180  4.5000000000000034e-01  1.2164748198399218e-01  3.7247386963288664e-01  2.355535e-01  3.470165e+00  2.409788e+00  1.751694e+01  2.082173e+01  1.069057e+02  3.090966e+00  1.327753e+01  1.1799201208376389e+00
       190  4.7500000000000037e-01  1.2146117610651300e-01  3.7275817385980303e-01  2.484843e-01  3.480907e+00  2.548532e+00  1.773319e+01  2.214436e+01  1.096550e+02  3.068525e+00  1.311430e+01  1.1880542855274099e+00
       200  5.0000000000000033e-01  1.2127471732997258e-01  3.7308548904135330e-01  2.613942e-01  3.492203e+00  2.688081e+00  1.796124e+01  2.349386e+01  1.125764e+02  3.046679e+00  1.296072e+01  1.1967553992357993e+00
       210  5.2499999999999980e-01  1.2108808419267708e-01  3.7345563659098202e-01  2.742811e-01  3.504048e+00  2.828461e+00  1.820109e+01  2.487143e+01  1.156731e+02  3.025610e+00  1.281856e+01  1.2060316232629529e+00
       220  5.4999999999999927e-01  1.2090125531989951e-01  3.7386844716901818e-01  2.871426e-01  3.516434e+00  2.969691e+00  1.845273e+01  2.627822e+01  1.189485e+02  3.005492e+00  1.268948e+01  1.2158917328625205e+00
       230  5.7499999999999873e-01  1.2071420941953889e-01  3.7432375957592467e-01  2.999760e-01  3.529356e+00  3.111785e+00  1.871612e+01  2.771532e+01  1.224058e+02  2.986490e+00  1.257504e+01  1.2263451138259676e+00
       240  5.9999999999999820e-01  1.2052692527832952e-01  3.7482141965394516e-01  3.127783e-01  3.542803e+00  3.254753e+00  1.899124e+01  2.918373e+01  1.260483e+02  2.968755e+00  1.247670e+01  1.2374017597388454e+00
       250  6.2499999999999767e-01  1.2033938175859514e-01  3.7536127919750933e-01  3.255463e-01  3.556767e+00  3.398597e+00  1.927802e+01  3.068439e+01  1.298789e+02  2.952430e+00  1.239579e+01  1.2490722698427630e+00
       260  6.4999999999999714e-01  1.2015155779554626e-01  3.7594319487268502e-01  3.382764e-01  3.571238e+00  3.543314e+00  1.957639e+01  3.221812e+01  1.339007e+02  2.937643e+00  1.233355e+01  1.2613678474301380e+00
       270  6.7499999999999660e-01  1.1996343239511489e-01  3.7656702714586626e-01  3.509646e-01  3.586203e+00  3.688895e+00  1.988627e+01  3.378566e+01  1.381163e+02  2.924511e+00  1.229110e+01  1.2743002986904197e+00
       280  6.9999999999999607e-01  1.1977498463232170e-01  3.7723263922183087e-01  3.636068e-01  3.601650e+00  3.835324e+00  2.020752e+01  3.538765e+01  1.425281e+02  2.913136e+00  1.226944e+01  1.2878820319178517e+00
       290  7.2499999999999554e-01  1.1958619365017119e-01  3.7793989599125172e-01  3.761985e-01  3.617565e+00  3.982577e+00  2.054002e+01  3.702459e+01  1.471384e+02  2.903609e+00  1.226947e+01  1.3021260569805850e+00
       300  7.4999999999999500e-01  1.1939703865906912e-01  3.7868866298760023e-01  3.887349e-01  3.633933e+00  4.130624e+00  2.088359e+01  3.869687e+01  1.519487e+02  2.896007e+00  1.229200e+01  1.3170459849404226e+00
       310  7.7499999999999447e-01  1.1920749893676259e-01  3.7947880535345646e-01  4.012110e-01  3.650736e+00  4.279428e+00  2.123804e+01  4.040472e+01  1.569606e+02  2.890393e+00  1.233770e+01  1.3326560277005162e+00
       320  7.9999999999999394e-01  1.1901755382878862e-01  3.8031018681606854e-01  4.136214e-01  3.667956e+00  4.428942e+00  2.160314e+01  4.214825e+01  1.621748e+02  2.886818e+00  1.240716e+01  1.3489709975457829e+00
       330  8.2499999999999341e-01  1.1882718274943771e-01  3.8118266867204353e-01  4.259605e-01  3.685575e+00  4.579112e+00  2.197863e+01  4.392738e+01  1.675916e+02  2.885320e+00  1.250085e+01  1.3660063064273167e+00
       340  8.4999999999999287e-01  1.1863636518321796e-01  3.8209610878101236e-01  4.382226e-01  3.703571e+00  4.729877e+00  2.236422e+01  4.574188e+01  1.732107e+02  2.885923e+00  1.261916e+01  1.3837779648277702e+00
       350  8.7499999999999234e-01  1.1844508068682431e-01  3.8305036056810426e-01  4.504015e-01  3.721921e+00  4.881166e+00  2.275958e+01  4.759133e+01  1.790312e+02  2.888640e+00  1.276237e+01  1.4023025800297786e+00
       360  8.9999999999999181e-01  1.1825330889160030e-01  3.8404527203509170e-01  4.624909e-01  3.740603e+00  5.032901e+00  2.316434e+01  4.947512e+01  1.850513e+02  2.893471e+00  1.293064e+01  1.4215973535939042e+00
       370  9.2499999999999127e-01  1.1806102950649394e-01  3.8508068478004925e-01  4.744842e-01  3.759591e+00  5.184994e+00  2.357810e+01  5.139244e+01  1.912685e+02  2.900405e+00  1.312407e+01  1.4416800778366796e+00
       380  9.4999999999999074e-01  1.1786822232150225e-01  3.8615643302551561e-01  4.863747e-01  3.778858e+00  5.337348e+00  2.400041e+01  5.334225e+01  1.976796e+02  2.909420e+00  1.334262e+01  1.4625691310828768e+00
       390  9.7499999999999021e-01  1.1767486721159662e-01  3.8727234265508992e-01  4.981555e-01  3.798377e+00  5.489859e+00  2.443077e+01  5.532333e+01  2.042801e+02  2.920482e+00  1.358617e+01  1.4842834714501094e+00
       400  9.9999999999998967e-01  1.1748094414113228e-01  3.8842823025859691e-01  5.098194e-01  3.818117e+00  5.642413e+00  2.486866e+01  5.733420e+01  2.110648e+02  2.933547e+00  1.385447e+01  1.5068426289073935e+00
       410  1.0249999999999893e+00  1.1728643316872719e-01  3.8962390218601090e-01  5.213593e-01  3.838050e+00  5.794887e+00  2.531349e+01  5.937315e+01  2.180275e+02  2.948562e+00  1.414720e+01  1.5302666953341262e+00
       420  1.0499999999999887e+00  1.1709131445261686e-01  3.9085915361046314e-01  5.327676e-01  3.858143e+00  5.947151e+00  2.576466e+01  6.143825e+01  2.251608e+02  2.965465e+00  1.446389e+01  1.5545763122906309e+00
       430  1.0749999999999882e+00  1.1689556825647361e-01  3.9213376760083363e-01  5.440369e-01  3.878362e+00  6.099067e+00  2.622150e+01  6.352731e+01  2.324562e+02  2.984184e+00  1.480398e+01  1.5797926561986413e+00
       440  1.0999999999999877e+00  1.1669917495568510e-01  3.9344751420460422e-01  5.551595e-01  3.898675e+00  6.250485e+00  2.668329e+01  6.563790e+01  2.399041e+02  3.004638e+00  1.516678e+01  1.6059374206177672e+00
       450  1.1249999999999871e+00  1.1650211504409183e-01  3.9480014954184445e-01  5.661277e-01  3.919046e+00  6.401252e+00  2.714930e+01  6.776733e+01  2.474937e+02  3.026741e+00  1.555150e+01  1.6330327952950359e+00
       460  1.1499999999999866e+00  1.1630436914117166e-01  3.9619141491140758e-01  5.769338e-01  3.939439e+00  6.551206e+00  2.761872e+01  6.991268e+01  2.552130e+02  3.050397e+00  1.595720e+01  1.6611014416576242e+00
       470  1.1749999999999861e+00  1.1610591799967164e-01  3.9762103591071113e-01  5.875699e-01  3.959818e+00  6.700177e+00  2.809074e+01  7.207080e+01  2.630488e+02  3.075506e+00  1.638283e+01  1.6901664644162435e+00
       480  1.1999999999999855e+00  1.1590674251367244e-01  3.9908872157065339e-01  5.980283e-01  3.980144e+00  6.847989e+00  2.856448e+01  7.423828e+01  2.709868e+02  3.101959e+00  1.682721e+01  1.7202513789472675e+00
       490  1.2249999999999850e+00  1.1570682372708392e-01  4.0059416350755878e-01  6.083011e-01  4.000381e+00  6.994462e+00  2.903903e+01  7.641148e+01  2.790112e+02  3.129644e+00  1.728904e+01  1.7513800741279295e+00
       500  1.2499999999999845e+00  1.1550614284255764e-01  4.0213703509430138e-01  6.183804e-01  4.020489e+00  7.139407e+00  2.951346e+01  7.858657e+01  2.871055e+02  3.158444e+00  1.776689e+01  1.7835767703101006e+00
       510  1.2749999999999839e+00  1.1530468123081389e-01  4.0371699065303412e-01  6.282587e-01  4.040430e+00  7.282635e+00  2.998680e+01  8.075949e+01  2.952517e+02  3.188236e+00  1.825920e+01  1.8168659721359315e+00
       520  1.2999999999999834e+00  1.1510242044035628e-01  4.0533366467227910e-01  6.379281e-01  4.060164e+00  7.423951e+00  3.045805e+01  8.292600e+01  3.034310e+02  3.218895e+00  1.876428e+01  1.8512724159233724e+00
       530  1.3249999999999829e+00  1.1489934220758401e-01  4.0698667105142083e-01  6.473811e-01  4.079654e+00  7.563156e+00  3.092619e+01  8.508168e+01  3.116235e+02  3.250292e+00  1.928036e+01  1.8868210113813919e+00
       540  1.3499999999999823e+00  1.1469542846726449e-01  4.0867560237592471e-01  6.566104e-01  4.098860e+00  7.700050e+00  3.139019e+01  8.722198e+01  3.198084e+02  3.282298e+00  1.980550e+01  1.9235367774550367e+00
       550  1.3749999999999818e+00  1.1449066136336203e-01  4.1040002922686902e-01  6.656084e-01  4.117744e+00  7.834433e+00  3.184900e+01  8.934220e+01  3.279642e+02  3.314778e+00  2.033771e+01  1.9614447721493420e+00
       560  1.3999999999999813e+00  1.1428502326020856e-01  4.1215949952871478e-01  6.743682e-01  4.136268e+00  7.966104e+00  3.230156e+01  9.143754e+01  3.360686e+02  3.347602e+00  2.087487e+01  2.0005700162378681e+00
       570  1.4249999999999807e+00  1.1407849675397813e-01  4.1395353793937872e-01  6.828828e-01  4.154394e+00  8.094861e+00  3.274681e+01  9.350314e+01  3.440989e+02  3.380634e+00  2.141480e+01  2.0409374108283296e+00
       580  1.4499999999999802e+00  1.1387106468447022e-01  4.1578164528695205e-01  6.911453e-01  4.172087e+00  8.220508e+00  3.318369e+01  9.553408e+01  3.520317e+02  3.413742e+00  2.195523e+01  2.0825716488323098e+00
       590  1.4749999999999797e+00  1.1366271014714566e-01  4.1764329805755873e-01  6.991493e-01  4.189311e+00  8.342848e+00  3.361115e+01  9.752542e+01  3.598437e+02  3.446794e+00  2.249384e+01  2.1254971204692419e+00
       600  1.4999999999999791e+00  1.1345341650542046e-01  4.1953794793898913e-01  7.068886e-01  4.206032e+00  8.461689e+00  3.402816e+01  9.947224e+01  3.675111e+02  3.479660e+00  2.302827e+01  2.1697378130252201e+00
       610  1.5249999999999786e+00  1.1324316740316102e-01  4.2146502142478287e-01  7.143570e-01  4.222216e+00  8.576846e+00  3.443371e+01  1.013697e+02  3.750106e+02  3.512212e+00  2.355614e+01  2.2153172051848204e+00
       620  1.5499999999999781e+00  1.1303194677736580e-01  4.2342391948353408e-01  7.215489e-01  4.237833e+00  8.688138e+00  3.482681e+01  1.032130e+02  3.823187e+02  3.544326e+00  2.407505e+01  2.2622581563565807e+00
       630  1.5749999999999775e+00  1.1281973887099793e-01  4.2541401729807449e-01  7.284589e-01  4.252853e+00  8.795392e+00  3.520650e+01  1.049974e+02  3.894126e+02  3.575882e+00  2.458264e+01  2.3105827915191766e+00
       640  1.5999999999999770e+00  1.1260652824592453e-01  4.2743466407914193e-01  7.350820e-01  4.267248e+00  8.898441e+00  3.557188e+01  1.067185e+02  3.962700e+02  3.606763e+00  2.507655e+01  2.3603123822242340e+00
       650  1.6249999999999765e+00  1.1239229979593306e-01  4.2948518295793547e-01  7.414133e-01  4.280993e+00  8.997131e+00  3.592206e+01  1.083719e+02  4.028694e+02  3.636858e+00  2.555450e+01  2.4114672244993685e+00
       660  1.6499999999999759e+00  1.1217703875977862e-01  4.3156487096174440e-01  7.474484e-01  4.294063e+00  9.091316e+00  3.625625e+01  1.099535e+02  4.091901e+02  3.666064e+00  2.601427e+01  2.4640665145018339e+00
       670  1.6749999999999754e+00  1.1196073073422465e-01  4.3367299907645901e-01  7.531835e-01  4.306437e+00  9.180858e+00  3.657367e+01  1.114594e+02  4.152127e+02  3.694279e+00  2.645374e+01  2.5181282228732496e+00
       680  1.6999999999999749e+00  1.1174336168702625e-01  4.3580881239947322e-01  7.586147e-01  4.318096e+00  9.265636e+00  3.687363e+01  1.128860e+02  4.209190e+02  3.721413e+00  2.687088e+01  2.5736689688405638e+00
       690  1.7249999999999743e+00  1.1152491796981789e-01  4.3797153038588243e-01  7.637389e-01  4.329024e+00  9.345537e+00  3.715549e+01  1.142301e+02  4.262922e+02  3.747380e+00  2.726383e+01  2.6307038951905319e+00
       700  1.7499999999999738e+00  1.1130538633085135e-01  4.4016034719050351e-01  7.685531e-01  4.339206e+00  9.420463e+00  3.741869e+01  1.154887e+02  4.313171e+02  3.772103e+00  2.763085e+01  2.6892465453169461e+00
       710  1.7749999999999733e+00  1.1108475392753728e-01  4.4237443210748351e-01  7.730548e-01  4.348632e+00  9.490329e+00  3.766274e+01  1.166591e+02  4.359801e+02  3.795511e+00  2.797037e+01  2.7493087435951145e+00
       720  1.7999999999999727e+00  1.1086300833874788e-01  4.4461293010873715e-01  7.772421e-01  4.357292e+00  9.555062e+00  3.788722e+01  1.177392e+02  4.402695e+02  3.817545e+00  2.828099e+01  2.8109004803762305e+00
       730  1.8249999999999722e+00  1.1064013757681779e-01  4.4687496248161890e-01  7.811133e-01  4.365180e+00  9.614606e+00  3.809181e+01  1.187270e+02  4.441755e+02  3.838150e+00  2.856153e+01  2.8740298029145079e+00
       740  1.8499999999999717e+00  1.1041613009920770e-01  4.4915962756562400e-01  7.846669e-01  4.372293e+00  9.668919e+00  3.827625e+01  1.196211e+02  4.476900e+02  3.857283e+00  2.881096e+01  2.9387027135381780e+00
       750  1.8749999999999711e+00  1.1019097481977361e-01  4.5146600158694145e-01  7.879023e-01  4.378631e+00  9.717971e+00  3.844037e+01  1.204204e+02  4.508072e+02  3.874908e+00  2.902850e+01  3.0049230763528549e+00
       760  1.8999999999999706e+00  1.0996466111959044e-01  4.5379313958905482e-01  7.908189e-01  4.384197e+00  9.761748e+00  3.858407e+01  1.211243e+02  4.535232e+02  3.890997e+00  2.921356e+01  3.0726925337208861e+00
       770  1.9249999999999701e+00  1.0973717885729393e-01  4.5614007645669119e-01  7.934167e-01  4.388994e+00  9.800252e+00  3.870737e+01  1.217326e+02  4.558361e+02  3.905533e+00  2.936578e+01  3.1420104336937240e+00
       780  1.9499999999999695e+00  1.0950851837888369e-01  4.5850582802956669e-01  7.956960e-01  4.393032e+00  9.833496e+00  3.881032e+01  1.222453e+02  4.577460e+02  3.918505e+00  2.948501e+01  3.2128737694853777e+00
       790  1.9749999999999690e+00  1.0927867052694601e-01  4.6088939230167725e-01  7.976574e-01  4.396320e+00  9.861509e+00  3.889309e+01  1.226629e+02  4.592552e+02  3.929913e+00  2.957129e+01  3.2852771319669851e+00
       800  1.9999999999999685e+00  1.0904762664926099e-01  4.6328975070106543e-01  7.993022e-01  4.398872e+00  9.884334e+00  3.895591e+01  1.229865e+02  4.603676e+02  3.939762e+00  2.962492e+01  3.3592126760344385e+00
       810  2.0249999999999679e+00  1.0881537860675208e-01  4.6570586944428427e-01  8.006317e-01  4.400704e+00  9.902025e+00  3.899909e+01  1.232174e+02  4.610891e+02  3.948069e+00  2.964635e+01  3.4346701015578738e+00
       820  2.0499999999999674e+00  1.0858191878073191e-01  4.6813670095911175e-01  8.016477e-01  4.401833e+00  9.914650e+00  3.902302e+01  1.233571e+02  4.614277e+02  3.954855e+00  2.963626e+01  3.5116366494634392e+00
       830  2.0749999999999669e+00  1.0834724007943412e-01  4.7058118536845328e-01  8.023524e-01  4.402280e+00  9.922288e+00  3.902814e+01  1.234076e+02  4.613925e+02  3.960150e+00  2.959549e+01  3.5900971133292483e+00
       840  2.0999999999999663e+00  1.0811133594377675e-01  4.7303825202789990e-01  8.027483e-01  4.402068e+00  9.925029e+00  3.901498e+01  1.233713e+02  4.609947e+02  3.963990e+00  2.952508e+01  3.6700338667006545e+00
       850  2.1249999999999658e+00  1.0787420035235748e-01  4.7550682110886694e-01  8.028381e-01  4.401222e+00  9.922974e+00  3.898411e+01  1.232507e+02  4.602466e+02  3.966419e+00  2.942620e+01  3.7514269061487213e+00
       860  2.1499999999999653e+00  1.0763582782563488e-01  4.7798580521893280e-01  8.026249e-01  4.399768e+00  9.916233e+00  3.893616e+01  1.230487e+02  4.591619e+02  3.967484e+00  2.930018e+01  3.8342539099136266e+00
       870  2.1749999999999647e+00  1.0739621342930497e-01  4.8047411105073540e-01  8.021121e-01  4.397736e+00  9.904925e+00  3.887183e+01  1.227684e+02  4.577556e+02  3.967241e+00  2.914847e+01  3.9184903117941960e+00
       880  2.1999999999999642e+00  1.0715535277683698e-01  4.8297064105058968e-01  8.013033e-01  4.395155e+00  9.889176e+00  3.879185e+01  1.224129e+02  4.560435e+02  3.965748e+00  2.897264e+01  4.0041093897709308e+00
       890  2.2249999999999637e+00  1.0691324203118163e-01  4.8547429509784623e-01  8.002023e-01  4.392057e+00  9.869119e+00  3.869699e+01  1.219859e+02  4.540425e+02  3.963070e+00  2.877436e+01  4.0910823686828701e+00
       900  2.2499999999999631e+00  1.0666987790562693e-01  4.8798397218617573e-01  7.988134e-01  4.388477e+00  9.844893e+00  3.858806e+01  1.214908e+02  4.517702e+02  3.959273e+00  2.855537e+01  4.1793785361242568e+00
       910  2.2749999999999626e+00  1.0642525766382936e-01  4.9049857209786329e-01  7.971409e-01  4.384448e+00  9.816643e+00  3.846591e+01  1.209315e+02  4.492446e+02  3.954431e+00  2.831749e+01  4.2689653705858763e+00
       920  2.2999999999999621e+00  1.0617937911899836e-01  4.9301699706260627e-01  7.951892e-01  4.380006e+00  9.784517e+00  3.833140e+01  1.203116e+02  4.464842e+02  3.948615e+00  2.806257e+01  4.3598086807395529e+00
       930  2.3249999999999615e+00  1.0593224063226434e-01  4.9553815339238305e-01  7.929631e-01  4.375189e+00  9.748665e+00  3.818542e+01  1.196352e+02  4.435081e+02  3.941904e+00  2.779251e+01  4.4518727546568400e+00
       940  2.3499999999999610e+00  1.0568384111023836e-01  4.9806095308445053e-01  7.904675e-01  4.370033e+00  9.709243e+00  3.802887e+01  1.189062e+02  4.403351e+02  3.934375e+00  2.750921e+01  4.5451205176625269e+00
       950  2.3749999999999605e+00  1.0543418000177174e-01  5.0058431538490544e-01  7.877074e-01  4.364576e+00  9.666403e+00  3.786268e+01  1.181283e+02  4.369844e+02  3.926109e+00  2.721459e+01  4.6395136974522542e+00
       960  2.3999999999999599e+00  1.0518325729395396e-01  5.0310716830569391e-01  7.846881e-01  4.358857e+00  9.620302e+00  3.768777e+01  1.173057e+02  4.334750e+02  3.917187e+00  2.691057e+01  4.7350129950529549e+00
       970  2.4249999999999594e+00  1.0493107350735872e-01  5.0562845008854462e-01  7.814147e-01  4.352916e+00  9.571095e+00  3.750506e+01  1.164420e+02  4.298256e+02  3.907691e+00  2.659903e+01  4.8315782601718968e+00
       980  2.4499999999999589e+00  1.0467762969057882e-01  5.0814711060985918e-01  7.778928e-01  4.346791e+00  9.518935e+00  3.731547e+01  1.155412e+02  4.260549e+02  3.897703e+00  2.628184e+01  4.9291686694669750e+00
       990  2.4749999999999583e+00  1.0442292741407055e-01  5.1066211272115791e-01  7.741277e-01  4.340521e+00  9.463976e+00  3.711992e+01  1.146069e+02  4.221810e+02  3.887306e+00  2.596080e+01  5.0277429062755710e+00
      1000  2.4999999999999578e+00  1.0416696876334242e-01  5.1317243352045661e-01  7.701251e-01  4.334145e+00  9.406367e+00  3.691932e+01  1.136429e+02  4.182215e+02  3.876580e+00  2.563771e+01  5.1272593403606459e+00
      1010  2.5249999999999573e+00  1.0390975633153053e-01  5.1567706555041259e-01  7.658906e-01  4.327704e+00  9.346255e+00  3.671457e+01  1.126525e+02  4.141938e+02  3.865608e+00  2.531426e+01  5.2276762062701421e+00
      1020  2.5499999999999567e+00  1.0365129321139796e-01  5.1817501791991316e-01  7.614300e-01  4.321234e+00  9.283783e+00  3.650655e+01  1.116393e+02  4.101143e+02  3.854469e+00  2.499213e+01  5.3289517789568244e+00
      1030  2.5749999999999562e+00  1.0339158298678341e-01  5.2066531734641031e-01  7.567489e-01  4.314774e+00  9.219091e+00  3.629611e+01  1.106064e+02  4.059991e+02  3.843242e+00  2.467291e+01  5.4310445453693479e+00
      1040  2.5999999999999557e+00  1.0313062972355183e-01  5.2314700911684686e-01  7.518531e-01  4.308363e+00  9.152314e+00  3.608411e+01  1.095569e+02  4.018635e+02  3.832005e+00  2.435811e+01  5.5339133708003807e+00
      1050  2.6249999999999551e+00  1.0286843796009475e-01  5.2561915796582526e-01  7.467484e-01  4.302036e+00  9.083581e+00  3.587136e+01  1.084938e+02  3.977220e+02  3.820833e+00  2.404920e+01  5.6375176588609506e+00
      1060  2.6499999999999546e+00  1.0260501269739664e-01  5.2808084887022266e-01  7.414406e-01  4.295830e+00  9.013017e+00  3.565867e+01  1.074199e+02  3.935886e+02  3.809802e+00  2.374755e+01  5.7418175040410278e+00
      1070  2.6749999999999541e+00  1.0234035938873751e-01  5.3053118776003072e-01  7.359356e-01  4.289780e+00  8.940741e+00  3.544680e+01  1.063377e+02  3.894765e+02  3.798982e+00  2.345446e+01  5.8467738359130568e+00
      1080  2.6999999999999535e+00  1.0207448392905671e-01  5.3296930214579619e-01  7.302390e-01  4.283921e+00  8.866867e+00  3.523649e+01  1.052496e+02  3.853979e+02  3.788445e+00  2.317117e+01  5.9523485541368517e+00
      1090  2.7249999999999530e+00  1.0180739264402343e-01  5.3539434166358146e-01  7.243568e-01  4.278286e+00  8.791502e+00  3.502848e+01  1.041579e+02  3.813646e+02  3.778258e+00  2.289883e+01  6.0585046535254747e+00
      1100  2.7499999999999525e+00  1.0153909227885209e-01  5.3780547853887495e-01  7.182947e-01  4.272908e+00  8.714748e+00  3.482343e+01  1.030647e+02  3.773876e+02  3.768489e+00  2.263854e+01  6.1652063385385878e+00
      1110  2.7749999999999519e+00  1.0126958998691241e-01  5.4020190797119594e-01  7.120583e-01  4.267818e+00  8.636700e+00  3.462203e+01  1.019718e+02  3.734769e+02  3.759200e+00  2.239130e+01  6.2724191266718750e+00
      1120  2.7999999999999514e+00  1.0099889331816417e-01  5.4258284844182214e-01  7.056536e-01  4.263046e+00  8.557447e+00  3.442489e+01  1.008808e+02  3.696422e+02  3.750453e+00  2.215806e+01  6.3801099403162880e+00
      1130  2.8249999999999509e+00  1.0072701020744976e-01  5.4494754194711137e-01  6.990860e-01  4.258620e+00  8.477072e+00  3.423262e+01  9.979337e+01  3.658923e+02  3.742308e+00  2.193971e+01  6.4882471867606064e+00
      1140  2.8499999999999504e+00  1.0045394896270057e-01  5.4729525416046299e-01  6.923614e-01  4.254568e+00  8.395653e+00  3.404579e+01  9.871076e+01  3.622353e+02  3.734821e+00  2.173706e+01  6.5968008261089253e+00
      1150  2.8749999999999498e+00  1.0017971825306735e-01  5.4962527452613730e-01  6.854852e-01  4.250917e+00  8.313260e+00  3.386496e+01  9.763416e+01  3.586787e+02  3.728049e+00  2.155089e+01  6.7057424269796888e+00
      1160  2.8999999999999493e+00  9.9904327097031467e-02  5.5193691628833652e-01  6.784631e-01  4.247691e+00  8.229957e+00  3.369062e+01  9.656455e+01  3.552295e+02  3.722043e+00  2.138191e+01  6.8150452099429275e+00
      1170  2.9249999999999488e+00  9.9627784850503998e-02  5.5422951645924579e-01  6.713006e-01  4.244914e+00  8.145805e+00  3.352328e+01  9.550277e+01  3.518940e+02  3.716855e+00  2.123076e+01  6.9246840787369290e+00
      1180  2.9499999999999482e+00  9.9350101194968912e-02  5.5650243572978031e-01  6.640031e-01  4.242607e+00  8.060857e+00  3.336339e+01  9.444951e+01  3.486780e+02  3.712531e+00  2.109807e+01  7.0346356393883021e+00
      1190  2.9749999999999477e+00  9.9071286125674604e-02  5.5875505832694994e-01  6.565761e-01  4.240792e+00  7.975161e+00  3.321138e+01  9.340528e+01  3.455869e+02  3.709119e+00  2.098441e+01  7.1448782074328872e+00
      1200  2.9999999999999472e+00  9.8791349939911233e-02  5.6098679182173750e-01  6.490249e-01  4.239487e+00  7.888760e+00  3.306766e+01  9.237046e+01  3.426255e+02  3.706663e+00  2.089030e+01  7.2553918035068872e+00
      1210  3.0249999999999466e+00  9.8510303225402440e-02  5.6319706689149207e-01  6.413549e-01  4.238710e+00  7.801693e+00  3.293261e+01  9.134532e+01  3.397982e+02  3.705204e+00  2.081624e+01  7.3661581376419356e+00
      1220  3.0499999999999461e+00  9.8228156848813628e-02  5.6538533704076910e-01  6.335713e-01  4.238478e+00  7.713992e+00  3.280658e+01  9.032997e+01  3.371090e+02  3.704783e+00  2.076270e+01  7.4771605826592147e+00
      1230  3.0749999999999456e+00  9.7944921944422433e-02  5.6755107828450557e-01  6.256794e-01  4.238805e+00  7.625686e+00  3.268991e+01  8.932440e+01  3.345614e+02  3.705436e+00  2.073010e+01  7.5883841371107437e+00
      1240  3.0999999999999450e+00  9.7660609902945367e-02  5.6969378879734445e-01  6.176842e-01  4.239704e+00  7.536800e+00  3.258289e+01  8.832850e+01  3.321588e+02  3.707200e+00  2.071886e+01  7.6998153782683563e+00
      1250  3.1249999999999445e+00  9.7375232360559838e-02  5.7181298853278195e-01  6.095910e-01  4.241188e+00  7.447356e+00  3.248580e+01  8.734205e+01  3.299042e+02  3.710108e+00  2.072937e+01  7.8114424057045690e+00
      1260  3.1499999999999440e+00  9.7088801188107865e-02  5.7390821881576692e-01  6.014048e-01  4.243267e+00  7.357370e+00  3.239891e+01  8.636472e+01  3.278001e+02  3.714191e+00  2.076199e+01  7.9232547760519765e+00
      1270  3.1749999999999434e+00  9.6801328480521712e-02  5.7597904191205718e-01  5.931306e-01  4.245949e+00  7.266857e+00  3.232246e+01  8.539611e+01  3.258490e+02  3.719480e+00  2.081708e+01  8.0352434295612660e+00
      1280  3.1999999999999429e+00  9.6512826546467298e-02  5.7802504057763970e-01  5.847734e-01  4.249243e+00  7.175828e+00  3.225666e+01  8.443572e+01  3.240531e+02  3.726002e+00  2.089497e+01  8.1474006091144524e+00
      1290  3.2249999999999424e+00  9.6223307898212276e-02  5.8004581759114771e-01  5.763382e-01  4.253154e+00  7.084291e+00  3.220170e+01  8.348297e+01  3.224142e+02  3.733781e+00  2.099598e+01  8.2597197723742042e+00
      1300  3.2499999999999418e+00  9.5932785241733182e-02  5.8204099527211695e-01  5.678297e-01  4.257687e+00  6.992253e+00  3.215776e+01  8.253723e+01  3.209343e+02  3.742842e+00  2.112041e+01  8.3721954977759712e+00
      1310  3.2749999999999413e+00  9.5641271467077585e-02  5.8401021498764605e-01  5.592529e-01  4.262845e+00  6.899717e+00  3.212499e+01  8.159781e+01  3.196149e+02  3.753205e+00  2.126858e+01  8.4848233850892072e+00
      1320  3.2999999999999408e+00  9.5348779638952705e-02  5.8595313664980320e-01  5.506126e-01  4.268631e+00  6.806686e+00  3.210354e+01  8.066394e+01  3.184574e+02  3.764890e+00  2.144076e+01  8.5975999512913273e+00
      1330  3.3249999999999402e+00  9.5055322987593990e-02  5.8786943820575932e-01  5.419135e-01  4.275045e+00  6.713161e+00  3.209351e+01  7.973484e+01  3.174631e+02  3.777913e+00  2.163724e+01  8.7105225225104093e+00
      1340  3.3499999999999397e+00  9.4760914899862270e-02  5.8975881512264539e-01  5.331604e-01  4.282085e+00  6.619142e+00  3.209501e+01  7.880965e+01  3.166331e+02  3.792289e+00  2.185827e+01  8.8235891227994614e+00
      1350  3.3749999999999392e+00  9.4465568910628087e-02  5.9162097986857165e-01  5.243580e-01  4.289752e+00  6.524628e+00  3.210812e+01  7.788753e+01  3.159686e+02  3.808031e+00  2.210412e+01  8.9367983605144019e+00
      1360  3.3999999999999386e+00  9.4169298694387810e-02  5.9345566139118899e-01  5.155110e-01  4.298040e+00  6.429617e+00  3.213290e+01  7.696756e+01  3.154704e+02  3.825148e+00  2.237503e+01  9.0501493130642032e+00
      1370  3.4249999999999381e+00  9.3872118057163917e-02  5.9526260459488545e-01  5.066240e-01  4.306945e+00  6.334108e+00  3.216939e+01  7.604884e+01  3.151393e+02  3.843648e+00  2.267123e+01  9.1636414108025424e+00
      1380  3.4499999999999376e+00  9.3574040928655927e-02  5.9704156981741530e-01  4.977018e-01  4.316462e+00  6.238099e+00  3.221763e+01  7.513045e+01  3.149762e+02  3.863536e+00  2.299294e+01  9.2772743208197461e+00
      1390  3.4749999999999370e+00  9.3275081354650430e-02  5.9879233230660767e-01  4.887488e-01  4.326584e+00  6.141588e+00  3.227763e+01  7.421144e+01  3.149815e+02  3.884816e+00  2.334036e+01  9.3910478313847658e+00
      1400  3.4999999999999365e+00  9.2975253489701093e-02  6.0051468169755107e-01  4.797698e-01  4.337302e+00  6.044573e+00  3.234938e+01  7.329090e+01  3.151559e+02  3.907488e+00  2.371367e+01  9.5049617377689639e+00
      1410  3.5249999999999360e+00  9.2674571590062330e-02  6.0220842149036158e-01  4.707693e-01  4.348607e+00  5.947056e+00  3.243287e+01  7.236789e+01  3.154998e+02  3.931550e+00  2.411305e+01  9.6190157301605179e+00
      1420  3.5499999999999354e+00  9.2373050006892166e-02  6.0387336852860507e-01  4.617519e-01  4.360489e+00  5.849037e+00  3.252805e+01  7.144149e+01  3.160134e+02  3.956997e+00  2.453864e+01  9.7332092843568283e+00
      1430  3.5749999999999349e+00  9.2070703179701285e-02  6.0550935247815629e-01  4.527222e-01  4.372936e+00  5.750517e+00  3.263486e+01  7.051081e+01  3.166971e+02  3.983823e+00  2.499056e+01  9.8475415558820458e+00
      1440  3.5999999999999344e+00  9.1767545630083422e-02  6.0711621530617355e-01  4.436847e-01  4.385936e+00  5.651500e+00  3.275324e+01  6.957498e+01  3.175509e+02  4.012017e+00  2.546892e+01  9.9620112781473793e+00
      1450  3.6249999999999338e+00  9.1463591955685153e-02  6.0869381075967588e-01  4.346441e-01  4.399475e+00  5.551991e+00  3.288310e+01  6.863314e+01  3.185749e+02  4.041568e+00  2.597379e+01  1.0076616665223481e+01
      1460  3.6499999999999333e+00  9.1158856824452184e-02  6.1024200384328964e-01  4.256048e-01  4.413538e+00  5.451997e+00  3.302433e+01  6.768448e+01  3.197688e+02  4.072462e+00  2.650522e+01  1.0191355319745870e+01
      1470  3.6749999999999328e+00  9.0853354969131675e-02  6.1176067029531389e-01  4.165716e-01  4.428110e+00  5.351528e+00  3.317681e+01  6.672822e+01  3.211325e+02  4.104681e+00  2.706324e+01  1.0306224146421457e+01
      1480  3.6999999999999322e+00  9.0547101182029979e-02  6.1324969606162072e-01  4.075488e-01  4.443174e+00  5.250595e+00  3.334040e+01  6.576362e+01  3.226655e+02  4.138206e+00  2.764782e+01  1.0421219271542157e+01
      1490  3.7249999999999317e+00  9.0240110310047250e-02  6.1470897676649106e-01  3.985411e-01  4.458713e+00  5.149211e+00  3.351493e+01  6.478999e+01  3.243672e+02  4.173017e+00  2.825895e+01  1.0536335968846981e+01
      1500  3.7499999999999312e+00  8.9932397249967405e-02  6.1613841717981943e-01  3.895531e-01  4.474709e+00  5.047392e+00  3.370024e+01  6.380668e+01  3.262369e+02  4.209090e+00  2.889656e+01  1.0651568592004473e+01
      1510  3.7749999999999306e+00  8.9623976944022896e-02  6.1753793067987883e-01  3.805894e-01  4.491142e+00  4.945159e+00  3.389612e+01  6.281313e+01  3.282737e+02  4.246400e+00  2.956055e+01  1.0766910513912887e+01
      1520  3.7999999999999301e+00  8.9314864375720157e-02  6.1890743871114351e-01  3.716545e-01  4.507992e+00  4.842532e+00  3.410238e+01  6.180879e+01  3.304765e+02  4.284920e+00  3.025083e+01  1.0882354072938064e+01
      1530  3.8249999999999296e+00  8.9005074565948930e-02  6.2024687023657843e-01  3.627530e-01  4.525239e+00  4.739537e+00  3.431877e+01  6.079321e+01  3.328438e+02  4.324621e+00  3.096724e+01  1.0997890526132107e+01
      1540  3.8499999999999290e+00  8.8694622569353440e-02  6.2155616118407753e-01  3.538896e-01  4.542861e+00  4.636202e+00  3.454505e+01  5.976599e+01  3.353741e+02  4.365473e+00  3.170965e+01  1.1113510009391156e+01
      1550  3.8749999999999285e+00  8.8383523470998537e-02  6.2283525388679051e-01  3.450687e-01  4.560836e+00  4.532558e+00  3.478095e+01  5.872681e+01  3.380656e+02  4.407446e+00  3.247787e+01  1.1229201504438386e+01
      1560  3.8999999999999280e+00  8.8071792383297265e-02  6.2408409651730901e-01  3.362950e-01  4.579140e+00  4.428640e+00  3.502619e+01  5.767543e+01  3.409162e+02  4.450508e+00  3.327175e+01  1.1344952812431256e+01
      1570  3.9249999999999274e+00  8.7759444443244738e-02  6.2530264251582779e-01  3.275730e-01  4.597751e+00  4.324485e+00  3.528046e+01  5.661168e+01  3.439236e+02  4.494628e+00  3.409111e+01  1.1460750533923393e+01
      1580  3.9499999999999269e+00  8.7446494809919534e-02  6.2649085001284144e-01  3.189074e-01  4.616645e+00  4.220135e+00  3.554344e+01  5.553545e+01  3.470851e+02  4.539772e+00  3.493578e+01  1.1576580054844193e+01
      1590  3.9749999999999264e+00  8.7132958662286819e-02  6.2764868124682860e-01  3.103026e-01  4.635797e+00  4.115635e+00  3.581478e+01  5.444676e+01  3.503977e+02  4.585909e+00  3.580561e+01  1.1692425538085041e+01
      1600  3.9999999999999258e+00  8.6818851197290423e-02  6.2877610197803380e-01  3.017632e-01  4.655181e+00  4.011033e+00  3.609413e+01  5.334569e+01  3.538582e+02  4.633008e+00  3.670049e+01  1.1808269920238947e+01
      1610  4.0249999999999293e+00  8.6504187628239873e-02  6.2987308089943062e-01  2.932938e-01  4.674774e+00  3.906379e+00  3.638112e+01  5.223240e+01  3.574630e+02  4.681039e+00  3.762032e+01  1.1924094912987101e+01
      1620  4.0499999999999332e+00  8.6188983183484641e-02  6.3093958904640401e-01  2.848987e-01  4.694548e+00  3.801730e+00  3.667533e+01  5.110716e+01  3.612081e+02  4.729972e+00  3.856508e+01  1.2039881008589141e+01
      1630  4.0749999999999371e+00  8.5873253105404140e-02  6.3197559920700530e-01  2.765825e-01  4.714478e+00  3.697143e+00  3.697637e+01  4.997032e+01  3.650893e+02  4.779781e+00  3.953480e+01  1.2155607488917319e+01
      1640  4.0999999999999410e+00  8.5557012649661132e-02  6.3298108533469477e-01  2.683496e-01  4.734537e+00  3.592680e+00  3.728380e+01  4.882234e+01  3.691020e+02  4.830441e+00  4.052960e+01  1.2271252437460173e+01
      1650  4.1249999999999449e+00  8.5240277084778021e-02  6.3395602196612955e-01  2.602043e-01  4.754700e+00  3.488406e+00  3.759717e+01  4.766375e+01  3.732411e+02  4.881929e+00  4.154970e+01  1.2386792753719156e+01
      1660  4.1499999999999488e+00  8.4923061691982521e-02  6.3490038364629919e-01  2.521509e-01  4.774939e+00  3.384388e+00  3.791603e+01  4.649520e+01  3.775012e+02  4.934228e+00  4.259541e+01  1.2502204169445882e+01
      1670  4.1749999999999527e+00  8.4605381765341797e-02  6.3581414436423445e-01  2.441937e-01  4.795228e+00  3.280696e+00  3.823991e+01  4.531742e+01  3.818767e+02  4.987321e+00  4.366720e+01  1.2617461266191166e+01
      1680  4.1999999999999567e+00  8.4287252612188612e-02  6.3669727700194279e-01  2.363369e-01  4.815541e+00  3.177404e+00  3.856831e+01  4.413122e+01  3.863614e+02  5.041196e+00  4.476568e+01  1.2732537493674673e+01
      1690  4.2249999999999606e+00  8.3968689553799991e-02  6.3754975280011705e-01  2.285845e-01  4.835851e+00  3.074588e+00  3.890073e+01  4.293754e+01  3.909489e+02  5.095848e+00  4.589163e+01  1.2847405188544958e+01
      1700  4.2499999999999645e+00  8.3649707926347766e-02  6.3837154084375625e-01  2.209405e-01  4.856131e+00  2.972326e+00  3.923666e+01  4.173738e+01  3.956325e+02  5.151271e+00  4.704602e+01  1.2962035593154349e+01
      1710  4.2749999999999684e+00  8.3330323082107027e-02  6.3916260757128329e-01  2.134090e-01  4.876357e+00  2.870698e+00  3.957559e+01  4.053184e+01  4.004049e+02  5.207470e+00  4.823001e+01  1.3076398874047829e+01
      1720  4.2999999999999723e+00  8.3010550390888796e-02  6.3992291631062181e-01  2.059936e-01  4.896501e+00  2.769786e+00  3.991699e+01  3.932209e+01  4.052587e+02  5.264451e+00  4.944502e+01  1.3190464139945815e+01
      1730  4.3249999999999762e+00  8.2690405241708315e-02  6.4065242684567081e-01  1.986981e-01  4.916540e+00  2.669673e+00  4.026032e+01  3.810940e+01  4.101862e+02  5.322226e+00  5.069268e+01  1.3304199459080172e+01
      1740  4.3499999999999801e+00  8.2369903044654247e-02  6.4135109501679599e-01  1.915261e-01  4.936448e+00  2.570444e+00  4.060504e+01  3.689510e+01  4.151793e+02  5.380815e+00  5.197491e+01  1.3417571875829365e+01
      1750  4.3749999999999840e+00  8.2049059232959604e-02  6.4201887235853705e-01  1.844811e-01  4.956201e+00  2.472185e+00  4.095062e+01  3.568060e+01  4.202297e+02  5.440241e+00  5.329387e+01  1.3530547426688994e+01
      1760  4.3999999999999879e+00  8.1727889265230294e-02  6.4265570577778153e-01  1.775663e-01  4.975775e+00  2.374983e+00  4.129650e+01  3.446738e+01  4.253290e+02  5.500533e+00  5.465205e+01  1.3643091155695076e+01
      1770  4.4249999999999918e+00  8.1406408627831731e-02  6.4326153727540081e-01  1.707849e-01  4.995148e+00  2.278923e+00  4.164216e+01  3.325696e+01  4.304683e+02  5.561728e+00  5.605223e+01  1.3755167129496773e+01
      1780  4.4499999999999957e+00  8.1084632837404413e-02  6.4383630371410838e-01  1.641401e-01  5.014298e+00  2.184094e+00  4.198705e+01  3.205093e+01  4.356389e+02  5.623865e+00  5.749749e+01  1.3866738452355854e+01
      1790  4.4749999999999996e+00  8.0762577443476188e-02  6.4437993663492166e-01  1.576346e-01  5.033202e+00  2.090581e+00  4.233065e+01  3.085093e+01  4.408316e+02  5.686992e+00  5.899124e+01  1.3977767281410145e+01
      1800  4.5000000000000036e+00  8.0440258031161782e-02  6.4489236212441825e-01  1.512713e-01  5.051841e+00  1.998470e+00  4.267242e+01  2.965861e+01  4.460375e+02  5.751160e+00  6.053724e+01  1.4088214842596763e+01
      1810  4.5250000000000075e+00  8.0117690223910687e-02  6.4537350073443744e-01  1.450526e-01  5.070196e+00  1.907845e+00  4.301185e+01  2.847568e+01  4.512473e+02  5.816426e+00  6.213953e+01  1.4198041447680570e+01
      1820  4.5500000000000114e+00  7.9794889686283468e-02  6.4582326745556418e-01  1.389811e-01  5.088247e+00  1.818791e+00  4.334844e+01  2.730386e+01  4.564519e+02  5.882849e+00  6.380253e+01  1.4307206512858034e+01
      1830  4.5750000000000153e+00  7.9471872126729209e-02  6.4624157174536345e-01  1.330588e-01  5.105978e+00  1.731389e+00  4.368170e+01  2.614489e+01  4.616422e+02  5.950496e+00  6.553094e+01  1.4415668579434907e+01
      1840  4.6000000000000192e+00  7.9148653300329080e-02  6.4662831761172201e-01  1.272879e-01  5.123372e+00  1.645718e+00  4.401115e+01  2.500049e+01  4.668092e+02  6.019435e+00  6.732979e+01  1.4523385337077457e+01
      1850  4.6250000000000231e+00  7.8825249011493667e-02  6.4698340375129337e-01  1.216703e-01  5.140414e+00  1.561856e+00  4.433634e+01  2.387241e+01  4.719441e+02  6.089736e+00  6.920440e+01  1.4630313650133195e+01
      1860  4.6500000000000270e+00  7.8501675116568775e-02  6.4730672374268017e-01  1.162076e-01  5.157090e+00  1.479879e+00  4.465683e+01  2.276237e+01  4.770380e+02  6.161474e+00  7.116037e+01  1.4736409587495046e+01
      1870  4.6750000000000309e+00  7.8177947526336472e-02  6.4759816629330602e-01  1.109015e-01  5.173388e+00  1.399857e+00  4.497220e+01  2.167208e+01  4.820825e+02  6.234724e+00  7.320356e+01  1.4841628456451458e+01
      1880  4.7000000000000348e+00  7.7854082208377501e-02  6.4785761553864341e-01  1.057532e-01  5.189296e+00  1.321861e+00  4.528206e+01  2.060321e+01  4.870695e+02  6.309561e+00  7.534006e+01  1.4945924840921364e+01
      1890  4.7250000000000387e+00  7.7530095189273021e-02  6.4808495139202449e-01  1.007640e-01  5.204803e+00  1.245956e+00  4.558605e+01  1.955740e+01  4.919909e+02  6.386062e+00  7.757614e+01  1.5049252644417491e+01
      1900  4.7500000000000426e+00  7.7206002556616013e-02  6.4828004994278710e-01  9.593478e-02  5.219901e+00  1.172203e+00  4.588380e+01  1.853625e+01  4.968393e+02  6.464300e+00  7.991825e+01  1.5151565138019745e+01
      1910  4.7750000000000465e+00  7.6881820460815403e-02  6.4844278390010612e-01  9.126651e-02  5.234583e+00  1.100662e+00  4.617502e+01  1.754130e+01  5.016074e+02  6.544348e+00  8.237296e+01  1.5252815013566950e+01
      1920  4.8000000000000504e+00  7.6557565116666407e-02  6.4857302307977205e-01  8.675982e-02  5.248841e+00  1.031387e+00  4.645941e+01  1.657404e+01  5.062886e+02  6.626277e+00  8.494691e+01  1.5352954442203103e+01
      1930  4.8250000000000544e+00  7.6233252804665697e-02  6.4867063493037058e-01  8.241523e-02  5.262671e+00  9.644287e-01  4.673671e+01  1.563589e+01  5.108765e+02  6.710153e+00  8.764675e+01  1.5451935138330420e+01
      1940  4.8500000000000583e+00  7.5908899872057567e-02  6.4873548509550982e-01  7.823310e-02  5.276068e+00  8.998336e-01  4.700669e+01  1.472822e+01  5.153654e+02  6.796038e+00  9.047915e+01  1.5549708428940340e+01
      1950  4.8750000000000622e+00  7.5584522733588372e-02  6.4876743800840753e-01  7.421362e-02  5.289031e+00  8.376442e-01  4.726914e+01  1.385230e+01  5.197500e+02  6.883987e+00  9.345066e+01  1.5646225328213152e+01
      1960  4.9000000000000661e+00  7.5260137871957455e-02  6.4876635751472400e-01  7.035685e-02  5.301557e+00  7.778986e-01  4.752390e+01  1.300934e+01  5.240256e+02  6.974053e+00  9.656772e+01  1.5741436617192207e+01
      1970  4.9250000000000700e+00  7.4935761837948728e-02  6.4873210751967103e-01  6.666270e-02  5.313648e+00  7.206306e-01  4.777083e+01  1.220047e+01  5.281879e+02  7.066276e+00  9.983656e+01  1.5835292928261268e+01
      1980  4.9500000000000739e+00  7.4611411250236098e-02  6.4866455265520273e-01  6.313094e-02  5.325302e+00  6.658701e-01  4.800982e+01  1.142671e+01  5.322334e+02  7.160693e+00  1.032632e+02  1.5927744834085036e+01
      1990  4.9750000000000778e+00  7.4287102794851637e-02  6.4856355896307971e-01  5.976121e-02  5.336524e+00  6.136425e-01  4.824078e+01  1.068903e+01  5.361590e+02  7.257329e+00  1.068532e+02  1.6018742940592894e+01
      2000  5.0000000000000817e+00  7.3962853224304251e-02  6.4842899458954917e-01  5.655304e-02  5.347315e+00  5.639690e-01  4.846366e+01  9.988286e+00  5.399623e+02  7.356203e+00  1.106120e+02  1.6108237983542622e+01
      2010  5.0250000000000856e+00  7.3638679356352738e-02  6.4826073048748911e-01  5.350581e-02  5.357680e+00  5.168670e-01  4.867845e+01  9.325254e+00  5.436413e+02  7.457322e+00  1.145444e+02  1.6196180928123653e+01
      2020  5.0500000000000895e+00  7.3314598072430057e-02  6.4805864112185407e-01  5.061880e-02  5.367625e+00  4.723497e-01  4.888516e+01  8.700620e+00  5.471949e+02  7.560683e+00  1.186547e+02  1.6282523071041240e+01
      2030  5.0750000000000934e+00  7.2990626315704507e-02  6.4782260517443513e-01  4.789120e-02  5.377154e+00  4.304263e-01  4.908380e+01  8.114980e+00  5.506222e+02  7.666272e+00  1.229468e+02  1.6367216144462844e+01
      2040  5.1000000000000973e+00  7.2666781088803950e-02  6.4755250624410543e-01  4.532208e-02  5.386276e+00  3.911024e-01  4.927446e+01  7.568843e+00  5.539232e+02  7.774067e+00  1.274239e+02  1.6450212421196301e+01
      2050  5.1250000000001013e+00  7.2343079451176712e-02  6.4724823353879590e-01  4.291041e-02  5.394997e+00  3.543799e-01  4.945721e+01  7.062631e+00  5.570982e+02  7.884030e+00  1.320885e+02  1.6531464820446995e+01
      2060  5.1500000000001052e+00  7.2019538516119225e-02  6.4690968255566506e-01  4.065508e-02  5.403328e+00  3.202571e-01  4.963217e+01  6.596681e+00  5.601481e+02  7.996116e+00  1.369426e+02  1.6610927013491789e+01
      2070  5.1750000000001091e+00  7.1696175447469437e-02  6.4653675574642788e-01  3.855490e-02  5.411275e+00  2.887292e-01  4.979946e+01  6.171249e+00  5.630744e+02  8.110267e+00  1.419872e+02  1.6688553528607319e+01
      2080  5.2000000000001130e+00  7.1373007455958079e-02  6.4612936316438307e-01  3.660858e-02  5.418850e+00  2.597880e-01  4.995925e+01  5.786509e+00  5.658790e+02  8.226415e+00  1.472227e+02  1.6764299854608346e+01
      2090  5.2250000000001169e+00  7.1050051795257793e-02  6.4568742309074401e-01  3.481477e-02  5.426063e+00  2.334223e-01  5.011170e+01  5.442562e+00  5.685643e+02  8.344479e+00  1.526486e+02  1.6838122542354508e+01
      2100  5.2500000000001208e+00  7.0727325757713802e-02  6.4521086263755656e-01  3.317205e-02  5.432925e+00  2.096180e-01  5.025701e+01  5.139433e+00  5.711331e+02  8.464370e+00  1.582637e+02  1.6909979303621384e+01
      2110  5.2750000000001247e+00  7.0404846669783541e-02  6.4469961832480660e-01  3.167892e-02  5.439446e+00  1.883586e-01  5.039540e+01  4.877079e+00  5.735886e+02  8.585988e+00  1.640659e+02  1.6979829106758586e+01
      2120  5.3000000000001286e+00  7.0082631887197516e-02  6.4415363663004821e-01  3.033382e-02  5.445640e+00  1.696248e-01  5.052708e+01  4.655391e+00  5.759344e+02  8.709222e+00  1.700522e+02  1.7047632268590959e+01
      2130  5.3250000000001325e+00  6.9760698789844477e-02  6.4357287450844725e-01  2.913515e-02  5.451517e+00  1.533950e-01  5.065229e+01  4.474200e+00  5.781744e+02  8.833954e+00  1.762188e+02  1.7113350542070140e+01
      2140  5.3500000000001364e+00  6.9439064776414219e-02  6.4295729988204964e-01  2.808121e-02  5.457090e+00  1.396456e-01  5.077128e+01  4.333278e+00  5.803128e+02  8.960057e+00  1.825611e+02  1.7176947199219718e+01
      2150  5.3750000000001403e+00  6.9117747258794202e-02  6.4230689209682756e-01  2.717028e-02  5.462371e+00  1.283508e-01  5.088432e+01  4.232344e+00  5.823542e+02  9.087396e+00  1.890736e+02  1.7238387108976987e+01
      2160  5.4000000000001442e+00  6.8796763656252244e-02  6.4162164234671548e-01  2.640058e-02  5.467374e+00  1.194831e-01  5.099168e+01  4.171067e+00  5.843032e+02  9.215829e+00  1.957500e+02  1.7297636809579529e+01
      2170  5.4250000000001481e+00  6.8476131389414704e-02  6.4090155406381344e-01  2.577027e-02  5.472111e+00  1.130131e-01  5.109362e+01  4.149071e+00  5.861649e+02  9.345208e+00  2.025833e+02  1.7354664575199333e+01
      2180  5.4500000000001521e+00  6.8155867874055490e-02  6.4014664327417914e-01  2.527746e-02  5.476595e+00  1.089101e-01  5.119044e+01  4.165939e+00  5.879443e+02  9.475380e+00  2.095656e+02  1.7409440476586532e+01
      2190  5.4750000000001560e+00  6.7835990514719613e-02  6.3935693891907641e-01  2.492022e-02  5.480839e+00  1.071416e-01  5.128242e+01  4.221218e+00  5.896467e+02  9.606188e+00  2.166884e+02  1.7461936435531427e+01
      2200  5.5000000000001599e+00  6.7516516698187590e-02  6.3853248314138888e-01  2.469657e-02  5.484855e+00  1.076742e-01  5.136984e+01  4.314419e+00  5.912774e+02  9.737470e+00  2.239424e+02  1.7512126273013983e+01
      2210  5.5250000000001638e+00  6.7197463786819261e-02  6.3767333153745209e-01  2.460448e-02  5.488657e+00  1.104731e-01  5.145301e+01  4.445023e+00  5.928420e+02  9.869062e+00  2.313179e+02  1.7559985750957054e+01
      2220  5.5500000000001677e+00  6.6878849111762367e-02  6.3677955337432746e-01  2.464188e-02  5.492257e+00  1.155025e-01  5.153221e+01  4.612486e+00  5.943459e+02  1.000080e+01  2.388045e+02  1.7605492607554570e+01
      2230  5.5750000000001716e+00  6.6560689966074976e-02  6.3585123177318537e-01  2.480666e-02  5.495667e+00  1.227255e-01  5.160773e+01  4.816239e+00  5.957946e+02  1.013252e+01  2.463911e+02  1.7648626586188421e+01
      2240  5.6000000000001755e+00  6.6243003597759642e-02  6.3488846385899267e-01  2.509664e-02  5.498901e+00  1.321045e-01  5.167987e+01  5.055695e+00  5.971938e+02  1.026405e+01  2.540666e+02  1.7689369457995575e+01
      2250  5.6250000000001794e+00  6.5925807202727976e-02  6.3389136087744580e-01  2.550964e-02  5.501969e+00  1.436011e-01  5.174890e+01  5.330247e+00  5.985489e+02  1.039522e+01  2.618190e+02  1.7727705038191228e+01
      2260  5.6500000000001833e+00  6.5609117917723211e-02  6.3286004827967091e-01  2.604340e-02  5.504885e+00  1.571761e-01  5.181512e+01  5.639274e+00  5.998653e+02  1.052588e+01  2.696363e+02  1.7763619196284417e+01
      2270  5.6750000000001872e+00  6.5292952813196636e-02  6.3179466577562704e-01  2.669565e-02  5.507659e+00  1.727898e-01  5.187880e+01  5.982143e+00  6.011485e+02  1.065586e+01  2.775062e+02  1.7797099860364977e+01
      2280  5.7000000000001911e+00  6.4977328886174912e-02  6.3069536735701903e-01  2.746404e-02  5.510304e+00  1.904019e-01  5.194022e+01  6.358211e+00  6.024039e+02  1.078501e+01  2.854161e+02  1.7828137015666147e+01
      2290  5.7250000000001950e+00  6.4662263053122615e-02  6.2956232129082390e-01  2.834622e-02  5.512830e+00  2.099715e-01  5.199964e+01  6.766828e+00  6.036365e+02  1.091316e+01  2.933532e+02  1.7856722697635103e+01
      2300  5.7500000000001990e+00  6.4347772142805654e-02  6.2839571008420658e-01  2.933978e-02  5.515248e+00  2.314575e-01  5.205732e+01  7.207335e+00  6.048517e+02  1.104016e+01  3.013049e+02  1.7882850979767017e+01
      2310  5.7750000000002029e+00  6.4033872889188909e-02  6.2719573042215915e-01  3.044228e-02  5.517569e+00  2.548182e-01  5.211351e+01  7.679071e+00  6.060542e+02  1.116588e+01  3.092583e+02  1.7906517956477153e+01
      2320  5.8000000000002068e+00  6.3720581924370093e-02  6.2596259307860147e-01  3.165124e-02  5.519803e+00  2.800117e-01  5.216848e+01  8.181372e+00  6.072491e+02  1.129017e+01  3.172007e+02  1.7927721721296543e+01
      2330  5.8250000000002107e+00  6.3407915771560908e-02  6.2469652280230314e-01  3.296415e-02  5.521960e+00  3.069958e-01  5.222244e+01  8.713570e+00  6.084409e+02  1.141290e+01  3.251194e+02  1.7946462340697018e+01
      2340  5.8500000000002146e+00  6.3095890838134133e-02  6.2339775817855980e-01  3.437846e-02  5.524049e+00  3.357280e-01  5.227563e+01  9.275000e+00  6.096342e+02  1.153393e+01  3.330021e+02  1.7962741823847047e+01
      2350  5.8750000000002185e+00  6.2784523408743367e-02  6.2206655146776646e-01  3.589159e-02  5.526079e+00  3.661658e-01  5.232828e+01  9.864994e+00  6.108335e+02  1.165314e+01  3.408364e+02  1.7976564088614289e+01
      2360  5.9000000000002224e+00  6.2473829638533027e-02  6.2070316842197149e-01  3.750094e-02  5.528060e+00  3.982661e-01  5.238059e+01  1.048289e+01  6.120429e+02  1.177043e+01  3.486105e+02  1.7987934924128371e+01
      2370  5.9250000000002263e+00  6.2163825546439941e-02  6.1930788808057335e-01  3.920389e-02  5.529999e+00  4.319863e-01  5.243278e+01  1.112802e+01  6.132664e+02  1.188568e+01  3.563125e+02  1.7996861950214615e+01
      2380  5.9500000000002302e+00  6.1854527008607711e-02  6.1788100254602085e-01  4.099776e-02  5.531905e+00  4.672831e-01  5.248503e+01  1.179973e+01  6.145080e+02  1.199879e+01  3.639313e+02  1.8003354574006831e+01
      2390  5.9750000000002341e+00  6.1545949751911820e-02  6.1642281674086774e-01  4.287989e-02  5.533786e+00  5.041135e-01  5.253752e+01  1.249735e+01  6.157712e+02  1.210966e+01  3.714558e+02  1.8007423944042394e+01
      2400  6.0000000000002380e+00  6.1238109347619141e-02  6.1493364814696472e-01  4.484757e-02  5.535648e+00  5.424344e-01  5.259045e+01  1.322025e+01  6.170597e+02  1.221821e+01  3.788757e+02  1.8009082902131336e+01
      2410  6.0250000000002419e+00  6.0931021205170979e-02  6.1341382652793197e-01  4.689809e-02  5.537499e+00  5.822027e-01  5.264397e+01  1.396776e+01  6.183767e+02  1.232436e+01  3.861809e+02  1.8008345933282545e+01
      2420  6.0500000000002458e+00  6.0624700566121383e-02  6.1186369363596205e-01  4.902874e-02  5.539345e+00  6.233753e-01  5.269825e+01  1.473924e+01  6.197254e+02  1.242804e+01  3.933619e+02  1.8005229113962073e+01
      2430  6.0750000000002498e+00  6.0319162498211301e-02  6.1028360290376571e-01  5.123676e-02  5.541193e+00  6.659091e-01  5.275343e+01  1.553406e+01  6.211087e+02  1.252918e+01  4.004096e+02  1.7999750058937018e+01
      2440  6.1000000000002537e+00  6.0014421889615546e-02  6.0867391912280500e-01  5.351943e-02  5.543048e+00  7.097613e-01  5.280966e+01  1.635158e+01  6.225295e+02  1.262772e+01  4.073156e+02  1.7991927866954278e+01
      2450  6.1250000000002576e+00  5.9710493443344261e-02  6.0703501810861960e-01  5.587399e-02  5.544916e+00  7.548889e-01  5.286706e+01  1.719116e+01  6.239903e+02  1.272362e+01  4.140720e+02  1.7981783065485065e+01
      2460  6.1500000000002615e+00  5.9407391671814622e-02  6.0536728635427572e-01  5.829770e-02  5.546802e+00  8.012494e-01  5.292576e+01  1.805217e+01  6.254935e+02  1.281682e+01  4.206713e+02  1.7969337554748915e+01
      2470  6.1750000000002654e+00  5.9105130891604324e-02  6.0367112067273387e-01  6.078781e-02  5.548711e+00  8.488002e-01  5.298587e+01  1.893401e+01  6.270416e+02  1.290730e+01  4.271068e+02  1.7954614551218551e+01
      2480  6.2000000000002693e+00  5.8803725218380079e-02  6.0194692782907544e-01  6.334160e-02  5.550648e+00  8.974990e-01  5.304751e+01  1.983605e+01  6.286364e+02  1.299502e+01  4.333723e+02  1.7937638530794981e+01
      2490  6.2250000000002732e+00  5.8503188562018277e-02  6.0019512416351717e-01  6.595634e-02  5.552616e+00  9.473037e-01  5.311076e+01  2.075768e+01  6.302800e+02  1.307996e+01  4.394620e+02  1.7918435171815997e+01
      2500  6.2500000000002771e+00  5.8203534621911947e-02  5.9841613520592885e-01  6.862932e-02  5.554619e+00  9.981726e-01  5.317572e+01  2.169828e+01  6.319742e+02  1.316210e+01  4.453711e+02  1.7897031298064313e+01
      2510  6.2750000000002810e+00  5.7904776882473773e-02  5.9661039528282933e-01  7.135785e-02  5.556662e+00  1.050064e+00  5.324248e+01  2.265727e+01  6.337205e+02  1.324142e+01  4.510949e+02  1.7873454821907337e+01
      2520  6.3000000000002849e+00  5.7606928608840077e-02  5.9477834711757305e-01  7.413926e-02  5.558746e+00  1.102937e+00  5.331110e+01  2.363404e+01  6.355205e+02  1.331793e+01  4.566296e+02  1.7847734687704460e+01
      2530  6.3250000000002888e+00  5.7310002842766640e-02  5.9292044142463629e-01  7.697090e-02  5.560876e+00  1.156750e+00  5.338165e+01  2.462799e+01  6.373754e+02  1.339161e+01  4.619719e+02  1.7819900815587783e+01
      2540  6.3500000000002927e+00  5.7014012398744172e-02  5.9103713649880540e-01  7.985016e-02  5.563053e+00  1.211463e+00  5.345420e+01  2.563854e+01  6.392865e+02  1.346248e+01  4.671188e+02  1.7789984045732137e+01
      2550  6.3750000000002967e+00  5.6718969860307424e-02  5.8912889779987043e-01  8.277444e-02  5.565281e+00  1.267036e+00  5.352880e+01  2.666511e+01  6.412547e+02  1.353055e+01  4.720683e+02  1.7758016083189780e+01
      2560  6.4000000000003006e+00  5.6424887576555519e-02  5.8719619753398522e-01  8.574120e-02  5.567561e+00  1.323429e+00  5.360549e+01  2.770710e+01  6.432810e+02  1.359582e+01  4.768185e+02  1.7724029443381227e+01
      2570  6.4250000000003045e+00  5.6131777658888257e-02  5.8523951423204801e-01  8.874791e-02  5.569894e+00  1.380602e+00  5.368432e+01  2.876395e+01  6.453660e+02  1.365832e+01  4.813683e+02  1.7688057398309230e+01
      2580  6.4500000000003084e+00  5.5839651977945888e-02  5.8325933232610749e-01  9.179210e-02  5.572283e+00  1.438517e+00  5.376531e+01  2.983508e+01  6.475105e+02  1.371806e+01  4.857170e+02  1.7650133923554268e+01
      2590  6.4750000000003123e+00  5.5548522160767035e-02  5.8125614172458384e-01  9.487134e-02  5.574729e+00  1.497136e+00  5.384850e+01  3.091992e+01  6.497150e+02  1.377508e+01  4.898642e+02  1.7610293646107746e+01
      2600  6.5000000000003162e+00  5.5258399588156940e-02  5.7923043738679558e-01  9.798323e-02  5.577233e+00  1.556419e+00  5.393391e+01  3.201791e+01  6.519798e+02  1.382940e+01  4.938103e+02  1.7568571793087855e+01
      2610  6.5250000000003201e+00  5.4969295392265534e-02  5.7718271889787198e-01  1.011254e-01  5.579796e+00  1.616331e+00  5.402155e+01  3.312849e+01  6.543052e+02  1.388106e+01  4.975558e+02  1.7525004141376520e+01
      2620  6.5500000000003240e+00  5.4681220454382971e-02  5.7511349004441925e-01  1.042956e-01  5.582419e+00  1.676834e+00  5.411144e+01  3.425110e+01  6.566914e+02  1.393009e+01  5.011018e+02  1.7479626968211239e+01
      2630  6.5750000000003279e+00  5.4394185402945314e-02  5.7302325839189228e-01  1.074916e-01  5.585101e+00  1.737892e+00  5.420358e+01  3.538519e+01  6.591383e+02  1.397654e+01  5.044498e+02  1.7432477002759864e+01
      2640  6.6000000000003318e+00  5.4108200611747453e-02  5.7091253486426252e-01  1.107112e-01  5.587844e+00  1.799469e+00  5.429797e+01  3.653021e+01  6.616460e+02  1.402044e+01  5.076016e+02  1.7383591378701865e+01
      2650  6.6250000000003357e+00  5.3823276198370733e-02  5.6878183332672883e-01  1.139522e-01  5.590647e+00  1.861530e+00  5.439461e+01  3.768562e+01  6.642142e+02  1.406184e+01  5.105593e+02  1.7333007587841188e+01
      2660  6.6500000000003396e+00  5.3539422022815364e-02  5.6663167017198468e-01  1.172126e-01  5.593510e+00  1.924040e+00  5.449349e+01  3.885088e+01  6.668428e+02  1.410079e+01  5.133255e+02  1.7280763434758398e+01
      2670  6.6750000000003435e+00  5.3256647686337345e-02  5.6446256391088179e-01  1.204903e-01  5.596433e+00  1.986965e+00  5.459459e+01  4.002545e+01  6.695312e+02  1.413732e+01  5.159028e+02  1.7226896992530559e+01
      2680  6.7000000000003475e+00  5.2974962530493705e-02  5.6227503476797369e-01  1.237835e-01  5.599415e+00  2.050273e+00  5.469791e+01  4.120881e+01  6.722792e+02  1.417151e+01  5.182945e+02  1.7171446559517719e+01
      2690  6.7250000000003514e+00  5.2694375636383413e-02  5.6006960428257735e-01  1.270900e-01  5.602457e+00  2.113930e+00  5.480341e+01  4.240042e+01  6.750860e+02  1.420339e+01  5.205037e+02  1.7114450617239534e+01
      2700  6.7500000000003553e+00  5.2414895824090445e-02  5.5784679491597788e-01  1.304082e-01  5.605557e+00  2.177904e+00  5.491107e+01  4.359977e+01  6.779511e+02  1.423301e+01  5.225340e+02  1.7055947789342422e+01
      2710  6.7750000000003592e+00  5.2136531652317464e-02  5.5560712966530468e-01  1.337363e-01  5.608714e+00  2.242164e+00  5.502086e+01  4.480633e+01  6.808738e+02  1.426044e+01  5.243892e+02  1.6995976801676317e+01
      2720  6.8000000000003631e+00  5.1859291418211800e-02  5.5335113168456029e-01  1.370724e-01  5.611927e+00  2.306680e+00  5.513276e+01  4.601960e+01  6.838533e+02  1.428573e+01  5.260732e+02  1.6934576443478665e+01
      2730  6.8250000000003670e+00  5.1583183157385096e-02  5.5107932391344172e-01  1.404150e-01  5.615196e+00  2.371421e+00  5.524672e+01  4.723908e+01  6.868885e+02  1.430893e+01  5.275901e+02  1.6871785529682249e+01
      2740  6.8500000000003709e+00  5.1308214644107536e-02  5.4879222871430466e-01  1.437624e-01  5.618519e+00  2.436357e+00  5.536271e+01  4.846425e+01  6.899787e+02  1.433011e+01  5.289441e+02  1.6807642864350150e+01
      2750  6.8750000000003748e+00  5.1034393391685313e-02  5.4649036751775770e-01  1.471132e-01  5.621895e+00  2.501461e+00  5.548069e+01  4.969462e+01  6.931228e+02  1.434931e+01  5.301396e+02  1.6742187205245564e+01
      2760  6.9000000000003787e+00  5.0761726653016426e-02  5.4417426047735462e-01  1.504657e-01  5.625322e+00  2.566705e+00  5.560060e+01  5.092970e+01  6.963197e+02  1.436660e+01  5.311810e+02  1.6675457229545408e+01
      2770  6.9250000000003826e+00  5.0490221421309420e-02  5.4184442613375361e-01  1.538186e-01  5.628799e+00  2.632061e+00  5.572241e+01  5.216901e+01  6.995681e+02  1.438203e+01  5.320729e+02  1.6607491500699240e+01
      2780  6.9500000000003865e+00  5.0219884430976504e-02  5.3950138108864132e-01  1.571706e-01  5.632324e+00  2.697502e+00  5.584606e+01  5.341207e+01  7.028669e+02  1.439566e+01  5.328199e+02  1.6538328436447777e+01
      2790  6.9750000000003904e+00  4.9950722158677921e-02  5.3714563968885076e-01  1.605202e-01  5.635896e+00  2.763003e+00  5.597150e+01  5.465840e+01  7.062149e+02  1.440755e+01  5.334267e+02  1.6468006277997478e+01
      2800  7.0000000000003944e+00  4.9682740824527359e-02  5.3477771372083338e-01  1.638663e-01  5.639513e+00  2.828538e+00  5.609868e+01  5.590753e+01  7.096105e+02  1.441776e+01  5.338980e+02  1.6396563060365153e+01
      2810  7.0250000000003983e+00  4.9415946393449893e-02  5.3239811211591048e-01  1.672077e-01  5.643174e+00  2.894084e+00  5.622754e+01  5.715902e+01  7.130525e+02  1.442634e+01  5.342385e+02  1.6324036583892909e+01
      2820  7.0500000000004022e+00  4.9150344576674783e-02  5.3000734066639499e-01  1.705433e-01  5.646875e+00  2.959616e+00  5.635802e+01  5.841240e+01  7.165393e+02  1.443335e+01  5.344529e+02  1.6250464386937718e+01
      2830  7.0750000000004061e+00  4.8885940833377411e-02  5.2760590175278121e-01  1.738719e-01  5.650617e+00  3.025112e+00  5.649007e+01  5.966722e+01  7.200696e+02  1.443884e+01  5.345459e+02  1.6175883719742316e+01
      2840  7.1000000000004100e+00  4.8622740372453253e-02  5.2519429408226304e-01  1.771925e-01  5.654396e+00  3.090549e+00  5.662361e+01  6.092305e+01  7.236416e+02  1.444288e+01  5.345223e+02  1.6100331519486001e+01
      2850  7.1250000000004139e+00  4.8360748154413144e-02  5.2277301243859942e-01  1.805042e-01  5.658211e+00  3.155906e+00  5.675860e+01  6.217945e+01  7.272539e+02  1.444551e+01  5.343866e+02  1.6023844386521088e+01
      2860  7.1500000000004178e+00  4.8099968893405981e-02  5.2034254744344621e-01  1.838060e-01  5.662060e+00  3.221161e+00  5.689496e+01  6.343600e+01  7.309048e+02  1.444680e+01  5.341436e+02  1.5946458561791470e+01
      2870  7.1750000000004217e+00  4.7840407059358894e-02  5.1790338532924729e-01  1.870971e-01  5.665940e+00  3.286295e+00  5.703263e+01  6.469228e+01  7.345925e+02  1.444679e+01  5.337978e+02  1.5868209905438206e+01
      2880  7.2000000000004256e+00  4.7582066880225274e-02  5.1545600772363587e-01  1.903767e-01  5.669850e+00  3.351288e+00  5.717154e+01  6.594787e+01  7.383155e+02  1.444554e+01  5.333536e+02  1.5789133876581591e+01
      2890  7.2250000000004295e+00  4.7324952344337902e-02  5.1300089144544558e-01  1.936439e-01  5.673788e+00  3.416121e+00  5.731162e+01  6.720237e+01  7.420720e+02  1.444309e+01  5.328156e+02  1.5709265514286626e+01
      2900  7.2500000000004334e+00  4.7069067202863787e-02  5.1053850831217074e-01  1.968980e-01  5.677751e+00  3.480776e+00  5.745281e+01  6.845540e+01  7.458602e+02  1.443950e+01  5.321880e+02  1.5628639419696928e+01
      2910  7.2750000000004373e+00  4.6814414972347687e-02  5.0806932495891244e-01  2.001384e-01  5.681738e+00  3.545235e+00  5.759504e+01  6.970655e+01  7.496782e+02  1.443482e+01  5.314752e+02  1.5547289739337277e+01
      2920  7.3000000000004412e+00  4.6560998937350231e-02  5.0559380266867293e-01  2.033645e-01  5.685747e+00  3.609481e+00  5.773823e+01  7.095546e+01  7.535244e+02  1.442910e+01  5.306813e+02  1.5465250149573198e+01
      2930  7.3250000000004452e+00  4.6308822153160366e-02  5.0311239721384726e-01  2.065755e-01  5.689775e+00  3.673499e+00  5.788231e+01  7.220174e+01  7.573968e+02  1.442238e+01  5.298104e+02  1.5382553842217169e+01
      2940  7.3500000000004491e+00  4.6057887448589692e-02  5.0062555870890046e-01  2.097710e-01  5.693820e+00  3.737272e+00  5.802723e+01  7.344504e+01  7.612936e+02  1.441472e+01  5.288666e+02  1.5299233511270053e+01
      2950  7.3750000000004530e+00  4.5808197428835733e-02  4.9813373147379886e-01  2.129505e-01  5.697880e+00  3.800786e+00  5.817289e+01  7.468500e+01  7.652129e+02  1.440614e+01  5.278536e+02  1.5215321340785939e+01
      2960  7.4000000000004569e+00  4.5559754478411173e-02  4.9563735390835489e-01  2.161134e-01  5.701953e+00  3.864026e+00  5.831924e+01  7.592127e+01  7.691528e+02  1.439671e+01  5.267754e+02  1.5130848993839384e+01
      2970  7.4250000000004608e+00  4.5312560764133952e-02  4.9313685837694404e-01  2.192593e-01  5.706038e+00  3.926979e+00  5.846619e+01  7.715352e+01  7.731114e+02  1.438645e+01  5.256354e+02  1.5045847602581935e+01
      2980  7.4500000000004647e+00  4.5066618238167759e-02  4.9063267110358655e-01  2.223879e-01  5.710131e+00  3.989630e+00  5.861369e+01  7.838142e+01  7.770869e+02  1.437542e+01  5.244374e+02  1.4960347759369611e+01
      2990  7.4750000000004686e+00  4.4821928641123804e-02  4.8812521207702853e-01  2.254986e-01  5.714231e+00  4.051969e+00  5.876165e+01  7.960465e+01  7.810773e+02  1.436366e+01  5.231848e+02  1.4874379508932815e+01
      3000  7.5000000000004725e+00  4.4578493505191795e-02  4.8561489496561394e-01  2.285912e-01  5.718336e+00  4.113982e+00  5.891000e+01  8.082289e+01  7.850806e+02  1.435119e+01  5.218808e+02  1.4787972341575522e+01
      3010  7.5250000000004764e+00  4.4336314157325890e-02  4.8310212704167965e-01  2.316654e-01  5.722443e+00  4.175658e+00  5.905868e+01  8.203584e+01  7.890951e+02  1.433806e+01  5.205287e+02  1.4701155187371516e+01
      3020  7.5500000000004803e+00  4.4095391722455864e-02  4.8058730911508230e-01  2.347208e-01  5.726552e+00  4.236987e+00  5.920761e+01  8.324321e+01  7.931186e+02  1.432431e+01  5.191316e+02  1.4613956411335952e+01
      3030  7.5750000000004842e+00  4.3855727126735182e-02  4.7807083547569240e-01  2.377573e-01  5.730659e+00  4.297957e+00  5.935672e+01  8.444471e+01  7.971494e+02  1.430996e+01  5.176925e+02  1.4526403809542995e+01
      3040  7.6000000000004881e+00  4.3617321100810756e-02  4.7555309384449101e-01  2.407745e-01  5.734763e+00  4.358559e+00  5.950594e+01  8.564006e+01  8.011856e+02  1.429506e+01  5.162143e+02  1.4438524606160238e+01
      3050  7.6250000000004921e+00  4.3380174183123538e-02  4.7303446533289611e-01  2.437722e-01  5.738861e+00  4.418784e+00  5.965520e+01  8.682900e+01  8.052252e+02  1.427964e+01  5.146998e+02  1.4350345451371741e+01
      3060  7.6500000000004960e+00  4.3144286723214492e-02  4.7051532441008714e-01  2.467503e-01  5.742953e+00  4.478622e+00  5.980443e+01  8.801127e+01  8.092663e+02  1.426373e+01  5.131515e+02  1.4261892420155434e+01
      3070  7.6750000000004999e+00  4.2909658885059494e-02  4.6799603887794083e-01  2.497086e-01  5.747035e+00  4.538065e+00  5.995357e+01  8.918660e+01  8.133070e+02  1.424735e+01  5.115721e+02  1.4173191011885013e+01
      3080  7.7000000000005038e+00  4.2676290650400607e-02  4.6547696985329667e-01  2.526469e-01  5.751107e+00  4.597105e+00  6.010253e+01  9.035477e+01  8.173455e+02  1.423054e+01  5.099639e+02  1.4084266150721696e+01
      3090  7.7250000000005077e+00  4.2444181822098220e-02  4.6295847175710125e-01  2.555651e-01  5.755166e+00  4.655736e+00  6.025127e+01  9.151553e+01  8.213800e+02  1.421333e+01  5.083293e+02  1.3995142186762816e+01
      3100  7.7500000000005116e+00  4.2213332027476132e-02  4.6044089231029961e-01  2.584631e-01  5.759210e+00  4.713948e+00  6.039970e+01  9.266867e+01  8.254085e+02  1.419574e+01  5.066705e+02  1.3905842897909714e+01
      3110  7.7750000000005155e+00  4.1983740721670965e-02  4.5792457253595609e-01  2.613408e-01  5.763237e+00  4.771737e+00  6.054776e+01  9.381396e+01  8.294293e+02  1.417780e+01  5.049897e+02  1.3816391492425153e+01
      3120  7.8000000000005194e+00  4.1755407190983813e-02  4.5540984676739005e-01  2.641981e-01  5.767247e+00  4.829095e+00  6.069539e+01  9.495119e+01  8.334406e+02  1.415953e+01  5.032888e+02  1.3726810612138564e+01
      3130  7.8250000000005233e+00  4.1528330556216159e-02  4.5289704266191233e-01  2.670350e-01  5.771236e+00  4.886017e+00  6.084253e+01  9.608016e+01  8.374405e+02  1.414095e+01  5.015697e+02  1.3637122336267282e+01
      3140  7.8500000000005272e+00  4.1302509776007794e-02  4.5038648121989733e-01  2.698513e-01  5.775204e+00  4.942497e+00  6.098910e+01  9.720068e+01  8.414273e+02  1.412209e+01  4.998343e+02  1.3547348185816446e+01
      3150  7.8750000000005311e+00  4.1077943650157767e-02  4.4787847680893023e-01  2.726471e-01  5.779148e+00  4.998531e+00  6.113505e+01  9.831257e+01  8.453994e+02  1.410297e+01  4.980844e+02  1.3457509128522251e+01
      3160  7.9000000000005350e+00  4.0854630822931649e-02  4.4537333719254879e-01  2.754223e-01  5.783068e+00  5.054112e+00  6.128032e+01  9.941564e+01  8.493548e+02  1.408361e+01  4.963214e+02  1.3367625584300528e+01
      3170  7.9250000000005389e+00  4.0632569786359422e-02  4.4287136356343626e-01  2.781770e-01  5.786960e+00  5.109238e+00  6.142484e+01  1.005097e+02  8.532921e+02  1.406403e+01  4.945471e+02  1.3277717431169254e+01
      3180  7.9500000000005429e+00  4.0411758883509057e-02  4.4037285058071945e-01  2.809110e-01  5.790824e+00  5.163904e+00  6.156855e+01  1.015947e+02  8.572094e+02  1.404425e+01  4.927629e+02  1.3187804011604339e+01
      3190  7.9750000000005468e+00  4.0192196311744949e-02  4.3787808641102155e-01  2.836244e-01  5.794659e+00  5.218106e+00  6.171140e+01  1.026703e+02  8.611052e+02  1.402428e+01  4.909701e+02  1.3097904139299796e+01
      3200  8.0000000000005507e+00  3.9973880125960766e-02  4.3538735277309148e-01  2.863173e-01  5.798461e+00  5.271840e+00  6.185333e+01  1.037365e+02  8.649779e+02  1.400415e+01  4.891701e+02  1.3008036106292566e+01
      3210  8.0250000000005457e+00  3.9756808241794346e-02  4.3290092498564758e-01  2.889895e-01  5.802231e+00  5.325104e+00  6.199429e+01  1.047931e+02  8.688259e+02  1.398386e+01  4.873641e+02  1.2918217690422360e+01
      3220  8.0500000000005407e+00  3.9540978438812859e-02  4.3041907201826968e-01  2.916412e-01  5.805967e+00  5.377894e+00  6.213420e+01  1.058400e+02  8.726476e+02  1.396343e+01  4.855532e+02  1.2828466163091628e+01
      3230  8.0750000000005357e+00  3.9326388363674511e-02  4.2794205654494821e-01  2.942724e-01  5.809666e+00  5.430209e+00  6.227303e+01  1.068770e+02  8.764415e+02  1.394288e+01  4.837385e+02  1.2738798297294929e+01
      3240  8.1000000000005308e+00  3.9113035533264451e-02  4.2547013500022862e-01  2.968830e-01  5.813328e+00  5.482044e+00  6.241072e+01  1.079041e+02  8.802061e+02  1.392222e+01  4.819211e+02  1.2649230375884855e+01
      3250  8.1250000000005258e+00  3.8900917337796603e-02  4.2300355763752467e-01  2.994732e-01  5.816952e+00  5.533400e+00  6.254722e+01  1.089211e+02  8.839399e+02  1.390146e+01  4.801019e+02  1.2559778200046910e+01
      3260  8.1500000000005208e+00  3.8690031043892376e-02  4.2054256858955918e-01  3.020429e-01  5.820535e+00  5.584272e+00  6.268247e+01  1.099279e+02  8.876416e+02  1.388061e+01  4.782818e+02  1.2470457097950781e+01
      3270  8.1750000000005159e+00  3.8480373797623514e-02  4.1808740593061322e-01  3.045923e-01  5.824077e+00  5.634661e+00  6.281643e+01  1.109244e+02  8.913098e+02  1.385969e+01  4.764616e+02  1.2381281933553961e+01
      3280  8.2000000000005109e+00  3.8271942627526159e-02  4.1563830174037242e-01  3.071213e-01  5.827576e+00  5.684563e+00  6.294904e+01  1.119105e+02  8.949429e+02  1.383870e+01  4.746421e+02  1.2292267115526602e+01
      3290  8.2250000000005059e+00  3.8064734447581600e-02  4.1319548216926139e-01  3.096301e-01  5.831031e+00  5.733979e+00  6.308027e+01  1.128861e+02  8.985399e+02  1.381766e+01  4.728240e+02  1.2203426606275531e+01
      3300  8.2500000000005009e+00  3.7858746060164400e-02  4.1075916750503338e-01  3.121186e-01  5.834440e+00  5.782907e+00  6.321006e+01  1.138512e+02  9.020992e+02  1.379657e+01  4.710080e+02  1.2114773931039153e+01
      3310  8.2750000000004960e+00  3.7653974158957638e-02  4.0832957224046895e-01  3.145869e-01  5.837803e+00  5.831345e+00  6.333836e+01  1.148057e+02  9.056197e+02  1.377544e+01  4.691946e+02  1.2026322187033180e+01
      3320  8.3000000000004910e+00  3.7450415331831764e-02  4.0590690514194050e-01  3.170351e-01  5.841119e+00  5.879294e+00  6.346515e+01  1.157494e+02  9.091001e+02  1.375428e+01  4.673845e+02  1.1938084052621880e+01
      3330  8.3250000000004860e+00  3.7248066063691410e-02  4.0349136931890539e-01  3.194632e-01  5.844385e+00  5.926753e+00  6.359036e+01  1.166823e+02  9.125393e+02  1.373310e+01  4.655782e+02  1.1850071796496636e+01
      3340  8.3500000000004810e+00  3.7046922739286788e-02  4.0108316229387020e-01  3.218713e-01  5.847601e+00  5.973721e+00  6.371396e+01  1.176044e+02  9.159360e+02  1.371191e+01  4.637761e+02  1.1762297286838987e+01
      3350  8.3750000000004761e+00  3.6846981645987639e-02  3.9868247607302665e-01  3.242594e-01  5.850766e+00  6.020198e+00  6.383591e+01  1.185156e+02  9.192891e+02  1.369070e+01  4.619787e+02  1.1674772000452297e+01
      3360  8.4000000000004711e+00  3.6648238976526665e-02  3.9628949721720352e-01  3.266276e-01  5.853879e+00  6.066184e+00  6.395616e+01  1.194159e+02  9.225976e+02  1.366949e+01  4.601864e+02  1.1587507031842382e+01
      3370  8.4250000000004661e+00  3.6450690831701667e-02  3.9390440691313255e-01  3.289759e-01  5.856938e+00  6.111679e+00  6.407469e+01  1.203051e+02  9.258602e+02  1.364828e+01  4.583995e+02  1.1500513102232940e+01
      3380  8.4500000000004611e+00  3.6254333223045873e-02  3.9152738104490470e-01  3.313044e-01  5.859943e+00  6.156683e+00  6.419145e+01  1.211833e+02  9.290761e+02  1.362707e+01  4.566183e+02  1.1413800568498596e+01
      3390  8.4750000000004562e+00  3.6059162075461948e-02  3.8915859026547123e-01  3.336132e-01  5.862892e+00  6.201197e+00  6.430641e+01  1.220504e+02  9.322442e+02  1.360588e+01  4.548433e+02  1.1327379432003852e+01
      3400  8.5000000000004512e+00  3.5865173229817519e-02  3.8679820006826704e-01  3.359022e-01  5.865785e+00  6.245219e+00  6.441952e+01  1.229063e+02  9.353634e+02  1.358470e+01  4.530745e+02  1.1241259347333827e+01
      3410  8.5250000000004462e+00  3.5672362445509982e-02  3.8444637085859162e-01  3.381717e-01  5.868620e+00  6.288752e+00  6.453076e+01  1.237511e+02  9.384330e+02  1.356353e+01  4.513123e+02  1.1155449630905157e+01
      3420  8.5500000000004412e+00  3.5480725402991201e-02  3.8210325802499784e-01  3.404215e-01  5.871397e+00  6.331796e+00  6.464010e+01  1.245847e+02  9.414519e+02  1.354239e+01  4.495568e+02  1.1069959269448169e+01
      3430  8.5750000000004363e+00  3.5290257706257558e-02  3.7976901201038898e-01  3.426517e-01  5.874114e+00  6.374350e+00  6.474750e+01  1.254071e+02  9.444193e+02  1.352127e+01  4.478082e+02  1.0984796928348885e+01
      3440  8.6000000000004313e+00  3.5100954885305534e-02  3.7744377838287496e-01  3.448624e-01  5.876771e+00  6.416417e+00  6.485292e+01  1.262182e+02  9.473343e+02  1.350018e+01  4.460667e+02  1.0899970959843209e+01
      3450  8.6250000000004263e+00  3.4912812398552637e-02  3.7512769790633743e-01  3.470537e-01  5.879367e+00  6.457996e+00  6.495635e+01  1.270181e+02  9.501962e+02  1.347911e+01  4.443325e+02  1.0815489411056955e+01
      3460  8.6500000000004214e+00  3.4725825635220281e-02  3.7282090661057316e-01  3.492255e-01  5.881901e+00  6.499089e+00  6.505775e+01  1.278067e+02  9.530041e+02  1.345808e+01  4.426055e+02  1.0731360031883893e+01
      3470  8.6750000000004164e+00  3.4539989917683138e-02  3.7052353586109465e-01  3.513780e-01  5.884372e+00  6.539696e+00  6.515709e+01  1.285840e+02  9.557572e+02  1.343707e+01  4.408859e+02  1.0647590282696676e+01
      3480  8.7000000000004114e+00  3.4355300503786240e-02  3.6823571242850323e-01  3.535111e-01  5.886779e+00  6.579818e+00  6.525434e+01  1.293499e+02  9.584549e+02  1.341610e+01  4.391738e+02  1.0564187341885386e+01
      3490  8.7250000000004064e+00  3.4171752589123000e-02  3.6595755855732753e-01  3.556249e-01  5.889122e+00  6.619457e+00  6.534949e+01  1.301046e+02  9.610964e+02  1.339517e+01  4.374691e+02  1.0481158113222337e+01
      3500  8.7500000000004015e+00  3.3989341309281711e-02  3.6368919203446171e-01  3.577194e-01  5.891399e+00  6.658614e+00  6.544249e+01  1.308479e+02  9.636812e+02  1.337427e+01  4.357720e+02  1.0398509233046877e+01
      3510  8.7750000000003965e+00  3.3808061742057874e-02  3.6143072625703160e-01  3.597947e-01  5.893610e+00  6.697289e+00  6.553334e+01  1.315799e+02  9.662084e+02  1.335340e+01  4.340825e+02  1.0316247077269502e+01
      3520  8.8000000000003915e+00  3.3627908909632236e-02  3.5918227029979000e-01  3.618508e-01  5.895754e+00  6.735484e+00  6.562201e+01  1.323006e+02  9.686776e+02  1.333257e+01  4.324005e+02  1.0234377768194818e+01
      3530  8.8250000000003865e+00  3.3448877780712961e-02  3.5694392898194438e-01  3.638878e-01  5.897831e+00  6.773200e+00  6.570847e+01  1.330100e+02  9.710882e+02  1.331177e+01  4.307260e+02  1.0152907181159240e+01
      3540  8.8500000000003816e+00  3.3270963272651569e-02  3.5471580293343186e-01  3.659056e-01  5.899839e+00  6.810439e+00  6.579270e+01  1.337080e+02  9.734395e+02  1.329101e+01  4.290590e+02  1.0071840950987365e+01
      3550  8.8750000000003766e+00  3.3094160253516039e-02  3.5249798866067422e-01  3.679043e-01  5.901779e+00  6.847201e+00  6.587468e+01  1.343947e+02  9.757312e+02  1.327029e+01  4.273995e+02  9.9911844782634418e+00
      3560  8.9000000000003716e+00  3.2918463544138930e-02  3.5029057861175505e-01  3.698839e-01  5.903649e+00  6.883489e+00  6.595440e+01  1.350701e+02  9.779626e+02  1.324960e+01  4.257475e+02  9.9109429354215628e+00
      3570  8.9250000000003666e+00  3.2743867920130419e-02  3.4809366124104257e-01  3.718444e-01  5.905448e+00  6.919303e+00  6.603183e+01  1.357343e+02  9.801333e+02  1.322895e+01  4.241027e+02  9.8311212726551691e+00
      3580  8.9500000000003617e+00  3.2570368113858036e-02  3.4590732107326649e-01  3.737859e-01  5.907176e+00  6.954644e+00  6.610696e+01  1.363871e+02  9.822429e+02  1.320833e+01  4.224653e+02  9.7517242236456649e+00
      3590  8.9750000000003567e+00  3.2397958816397010e-02  3.4373163876703700e-01  3.757084e-01  5.908833e+00  6.989515e+00  6.617977e+01  1.370286e+02  9.842909e+02  1.318774e+01  4.208350e+02  9.6727563111169950e+00
      3600  9.0000000000003517e+00  3.2226634679445067e-02  3.4156669117780158e-01  3.776119e-01  5.910418e+00  7.023917e+00  6.625023e+01  1.376589e+02  9.862770e+02  1.316718e+01  4.192119e+02  9.5942218522143499e+00
      3610  9.0250000000003467e+00  3.2056390317211234e-02  3.3941255142029586e-01  3.794964e-01  5.911930e+00  7.057851e+00  6.631835e+01  1.382779e+02  9.882008e+02  1.314665e+01  4.175958e+02  9.5161249637119951e+00
      3620  9.0500000000003418e+00  3.1887220308269890e-02  3.3726928893040603e-01  3.813620e-01  5.913368e+00  7.091319e+00  6.638410e+01  1.388857e+02  9.900619e+02  1.312616e+01  4.159866e+02  9.4384695670538079e+00
      3630  9.0750000000003368e+00  3.1719119197382205e-02  3.3513696952655769e-01  3.832087e-01  5.914733e+00  7.124322e+00  6.644747e+01  1.394824e+02  9.918601e+02  1.310569e+01  4.143842e+02  9.3612593932300214e+00
      3640  9.1000000000003318e+00  3.1552081497294777e-02  3.3301565547055939e-01  3.850364e-01  5.916023e+00  7.156862e+00  6.650844e+01  1.400678e+02  9.935950e+02  1.308525e+01  4.127886e+02  9.2844979874934488e+00
      3650  9.1250000000003268e+00  3.1386101690497825e-02  3.3090540552792663e-01  3.868453e-01  5.917238e+00  7.188940e+00  6.656701e+01  1.406420e+02  9.952665e+02  1.306483e+01  4.111995e+02  9.2081887139190872e+00
      3660  9.1500000000003219e+00  3.1221174230960273e-02  3.2880627502772874e-01  3.886352e-01  5.918378e+00  7.220559e+00  6.662316e+01  1.412051e+02  9.968741e+02  1.304443e+01  4.096169e+02  9.1323347598135722e+00
      3670  9.1750000000003169e+00  3.1057293545834700e-02  3.2671831592195349e-01  3.904063e-01  5.919442e+00  7.251719e+00  6.667689e+01  1.417572e+02  9.984179e+02  1.302406e+01  4.080406e+02  9.0569391399763450e+00
      3680  9.2000000000003119e+00  3.0894454037129322e-02  3.2464157684436989e-01  3.921586e-01  5.920429e+00  7.282422e+00  6.672818e+01  1.422981e+02  9.998974e+02  1.300371e+01  4.064705e+02  8.9820047008184769e+00
      3690  9.2250000000003070e+00  3.0732650083351694e-02  3.2257610316893148e-01  3.938921e-01  5.921339e+00  7.312671e+00  6.677702e+01  1.428279e+02  1.001313e+03  1.298337e+01  4.049064e+02  8.9075341243434742e+00
      3700  9.2500000000003020e+00  3.0571876041125854e-02  3.2052193706775006e-01  3.956067e-01  5.922173e+00  7.342466e+00  6.682341e+01  1.433468e+02  1.002663e+03  1.296305e+01  4.033483e+02  8.8335299319957379e+00
      3710  9.2750000000002970e+00  3.0412126246779459e-02  3.1847911756859137e-01  3.973025e-01  5.922928e+00  7.371809e+00  6.686733e+01  1.438546e+02  1.003950e+03  1.294275e+01  4.017960e+02  8.7599944883800749e+00
      3720  9.3000000000002920e+00  3.0253395017898345e-02  3.1644768061194894e-01  3.989796e-01  5.923606e+00  7.400702e+00  6.690879e+01  1.443515e+02  1.005171e+03  1.292245e+01  4.002493e+02  8.6869300048589970e+00
      3730  9.3250000000002871e+00  3.0095676654860178e-02  3.1442765910769610e-01  4.006379e-01  5.924205e+00  7.429147e+00  6.694777e+01  1.448374e+02  1.006328e+03  1.290217e+01  3.987081e+02  8.6143385430305450e+00
      3740  9.3500000000002821e+00  2.9938965442332349e-02  3.1241908299133347e-01  4.022774e-01  5.924725e+00  7.457146e+00  6.698428e+01  1.453125e+02  1.007420e+03  1.288189e+01  3.971723e+02  8.5422220180940052e+00
      3750  9.3750000000002771e+00  2.9783255650746208e-02  3.1042197927979082e-01  4.038983e-01  5.925166e+00  7.484700e+00  6.701830e+01  1.457767e+02  1.008447e+03  1.286162e+01  3.956417e+02  8.4705822021068737e+00
      3760  9.4000000000002721e+00  2.9628541537743455e-02  3.0843637212689501e-01  4.055004e-01  5.925528e+00  7.511811e+00  6.704984e+01  1.462300e+02  1.009409e+03  1.284136e+01  3.941162e+02  8.3994207271378087e+00
      3770  9.4250000000002672e+00  2.9474817349593861e-02  3.0646228287837984e-01  4.070838e-01  5.925809e+00  7.538480e+00  6.707888e+01  1.466726e+02  1.010307e+03  1.282109e+01  3.925955e+02  8.3287390883218375e+00
      3780  9.4500000000002622e+00  2.9322077322582851e-02  3.0449973012657672e-01  4.086486e-01  5.926011e+00  7.564711e+00  6.710543e+01  1.471044e+02  1.011139e+03  1.280082e+01  3.910797e+02  8.2585386468214210e+00
      3790  9.4750000000002572e+00  2.9170315684379167e-02  3.0254872976468139e-01  4.101948e-01  5.926132e+00  7.590503e+00  6.712949e+01  1.475256e+02  1.011907e+03  1.278055e+01  3.895684e+02  8.1888206326987163e+00
      3800  9.5000000000002522e+00  2.9019526655366140e-02  3.0060929504067019e-01  4.117223e-01  5.926172e+00  7.615861e+00  6.715106e+01  1.479360e+02  1.012610e+03  1.276027e+01  3.880616e+02  8.1195861477023215e+00
      3810  9.5250000000002473e+00  2.8869704449955503e-02  2.9868143661087371e-01  4.132312e-01  5.926132e+00  7.640784e+00  6.717013e+01  1.483359e+02  1.013249e+03  1.273999e+01  3.865591e+02  8.0508361679762857e+00
      3820  9.5500000000002423e+00  2.8720843277865442e-02  2.9676516259314689e-01  4.147215e-01  5.926011e+00  7.665275e+00  6.718671e+01  1.487252e+02  1.013823e+03  1.271969e+01  3.850608e+02  7.9825715466911582e+00
      3830  9.5750000000002373e+00  2.8572937345381189e-02  2.9486047861971743e-01  4.161933e-01  5.925808e+00  7.689337e+00  6.720079e+01  1.491039e+02  1.014333e+03  1.269939e+01  3.835666e+02  7.9147930166052216e+00
      3840  9.6000000000002323e+00  2.8425980856579484e-02  2.9296738788967058e-01  4.176466e-01  5.925523e+00  7.712971e+00  6.721238e+01  1.494722e+02  1.014779e+03  1.267906e+01  3.820762e+02  7.8475011925588829e+00
      3850  9.6250000000002274e+00  2.8279968014537762e-02  2.9108589122107548e-01  4.190813e-01  5.925157e+00  7.736178e+00  6.722149e+01  1.498300e+02  1.015160e+03  1.265872e+01  3.805895e+02  7.7806965739055247e+00
      3860  9.6500000000002224e+00  2.8134893022507230e-02  2.8921598710278018e-01  4.204976e-01  5.924710e+00  7.758961e+00  6.722811e+01  1.501775e+02  1.015478e+03  1.263836e+01  3.791064e+02  7.7143795468836052e+00
      3870  9.6750000000002174e+00  2.7990750085066143e-02  2.8735767174583488e-01  4.218955e-01  5.924180e+00  7.781323e+00  6.723226e+01  1.505146e+02  1.015733e+03  1.261798e+01  3.776268e+02  7.6485503869332154e+00
      3880  9.7000000000002125e+00  2.7847533409247179e-02  2.8551093913459036e-01  4.232750e-01  5.923568e+00  7.803264e+00  6.723392e+01  1.508414e+02  1.015924e+03  1.259758e+01  3.761504e+02  7.5832092609616595e+00
      3890  9.7250000000002075e+00  2.7705237205636207e-02  2.8367578107741726e-01  4.246362e-01  5.922874e+00  7.824787e+00  6.723312e+01  1.511580e+02  1.016052e+03  1.257714e+01  3.746772e+02  7.5183562295597763e+00
      3900  9.7500000000002025e+00  2.7563855689448909e-02  2.8185218725710909e-01  4.259790e-01  5.922098e+00  7.845894e+00  6.722985e+01  1.514644e+02  1.016117e+03  1.255668e+01  3.732070e+02  7.4539912491745950e+00
      3910  9.7750000000001975e+00  2.7423383081578934e-02  2.8004014528090987e-01  4.273035e-01  5.921239e+00  7.866588e+00  6.722413e+01  1.517607e+02  1.016120e+03  1.253619e+01  3.717398e+02  7.3901141742395229e+00
      3920  9.8000000000001926e+00  2.7283813609626888e-02  2.7823964073018198e-01  4.286099e-01  5.920298e+00  7.886869e+00  6.721596e+01  1.520469e+02  1.016060e+03  1.251567e+01  3.702752e+02  7.3267247592664422e+00
      3930  9.8250000000001876e+00  2.7145141508897758e-02  2.7645065720972817e-01  4.298980e-01  5.919275e+00  7.906741e+00  6.720535e+01  1.523232e+02  1.015939e+03  1.249511e+01  3.688133e+02  7.2638226609007690e+00
      3940  9.8500000000001826e+00  2.7007361023378466e-02  2.7467317639674249e-01  4.311679e-01  5.918169e+00  7.926206e+00  6.719230e+01  1.525894e+02  1.015756e+03  1.247451e+01  3.673539e+02  7.2014074399452923e+00
      3950  9.8750000000001776e+00  2.6870466406688803e-02  2.7290717808940734e-01  4.324198e-01  5.916981e+00  7.945266e+00  6.717683e+01  1.528458e+02  1.015512e+03  1.245388e+01  3.658968e+02  7.1394785633517408e+00
      3960  9.9000000000001727e+00  2.6734451923009245e-02  2.7115264025507840e-01  4.336537e-01  5.915710e+00  7.963922e+00  6.715895e+01  1.530924e+02  1.015207e+03  1.243320e+01  3.644419e+02  7.0780354061852231e+00
      3970  9.9250000000001677e+00  2.6599311847984811e-02  2.6940953907814513e-01  4.348695e-01  5.914357e+00  7.982178e+00  6.713866e+01  1.533292e+02  1.014842e+03  1.241247e+01  3.629892e+02  7.0170772535617676e+00
      3980  9.9500000000001627e+00  2.6465040469603462e-02  2.6767784900747216e-01  4.360674e-01  5.912922e+00  8.000036e+00  6.711599e+01  1.535562e+02  1.014417e+03  1.239171e+01  3.615384e+02  6.9566033025632388e+00
      3990  9.9750000000001577e+00  2.6331632089053078e-02  2.6595754280343203e-01  4.372474e-01  5.911405e+00  8.017497e+00  6.709093e+01  1.537737e+02  1.013933e+03  1.237089e+01  3.600895e+02  6.8966126641290506e+00
      4000  1.0000000000000153e+01  2.6199081021553734e-02  2.6424859158460634e-01  4.384096e-01  5.909806e+00  8.034565e+00  6.706351e+01  1.539816e+02  1.013389e+03  1.235003e+01  3.586424e+02  6.8371043649283685e+00
