         0  0.0000000000000000e+00  1.2500000000000000e-01  3.7500000000000000e-01 -0.000000e+00  3.375000e+00 -0.000000e+00  1.562500e+01 -0.000000e+00  8.374023e+01  3.375000e+00  1.562500e+01  1.1250000000000000e+00
        10  2.4999999999999998e-02  1.2490628306717062e-01  3.7474322182771824e-01  1.325194e-02  3.375301e+00  1.325290e-01  1.563092e+01  1.087337e+00  8.381017e+01  3.373817e+00  1.561448e+01  1.1244246695551181e+00
        20  5.0000000000000010e-02  1.2481262426056772e-01  3.7453520657976269e-01  2.649229e-02  3.376202e+00  2.649999e-01  1.564866e+01  2.175314e+00  8.401985e+01  3.370285e+00  1.558309e+01  1.1243846581109094e+00
        30  7.5000000000000025e-02  1.2471901142104240e-01  3.7437570369807555e-01  3.972269e-02  3.377702e+00  3.974866e-01  1.567819e+01  3.265649e+00  8.436935e+01  3.364446e+00  1.553129e+01  1.1248783248171677e+00
        40  1.0000000000000005e-01  1.2462543244848576e-01  3.7426449031323605e-01  5.294470e-02  3.379800e+00  5.300622e-01  1.571953e+01  4.360048e+00  8.485905e+01  3.356365e+00  1.545981e+01  1.1259048741251154e+00
        50  1.2500000000000006e-01  1.2453187529498730e-01  3.7420137063171988e-01  6.615983e-02  3.382496e+00  6.627989e-01  1.577265e+01  5.460213e+00  8.548968e+01  3.346130e+00  1.536960e+01  1.1274643452737168e+00
        60  1.5000000000000008e-01  1.2443832795815100e-01  3.7418617530492188e-01  7.936945e-02  3.385789e+00  7.957678e-01  1.583759e+01  6.567835e+00  8.626224e+01  3.333849e+00  1.526186e+01  1.1295576033140751e+00
        70  1.7500000000000010e-01  1.2434477847457194e-01  3.7421876078023092e-01  9.257485e-02  3.389679e+00  9.290388e-01  1.591435e+01  7.684598e+00  8.717809e+01  3.319649e+00  1.513797e+01  1.1321863316348570e+00
        80  2.0000000000000012e-01  1.2425121491347781e-01  3.7429900863465559e-01  1.057771e-01  3.394167e+00  1.062681e+00  1.600298e+01  8.812180e+00  8.823884e+01  3.303675e+00  1.499953e+01  1.1353530259613216e+00
        90  2.2500000000000014e-01  1.2415762537054072e-01  3.7442682489161877e-01  1.189773e-01  3.399252e+00  1.196761e+00  1.610351e+01  9.952253e+00  8.944643e+01  3.286087e+00  1.484827e+01  1.1390609898094597e+00
       100  2.5000000000000017e-01  1.2406399796186181e-01  3.7460213932165481e-01  1.321762e-01  3.404936e+00  1.331344e+00  1.621600e+01  1.110648e+01  9.080308e+01  3.267062e+00  1.468608e+01  1.1433143313850989e+00
       110  2.7500000000000019e-01  1.2397032081813333e-01  3.7482490472787933e-01  1.453745e-01  3.411218e+00  1.466495e+00  1.634049e+01  1.227651e+01  9.231126e+01  3.246785e+00  1.451496e+01  1.1481179619253947e+00
       120  3.0000000000000021e-01  1.2387658207898174e-01  3.7509509621719084e-01  1.585724e-01  3.418098e+00  1.602274e+00  1.647704e+01  1.346401e+01  9.397374e+01  3.225453e+00  1.433698e+01  1.1534775954871961e+00
       130  3.2500000000000023e-01  1.2378276988749377e-01  3.7541271045821123e-01  1.717703e-01  3.425578e+00  1.738742e+00  1.662573e+01  1.467059e+01  9.579351e+01  3.203272e+00  1.415430e+01  1.1593997501930422e+00
       140  3.5000000000000026e-01  1.2368887238493047e-01  3.7577776492706744e-01  1.849681e-01  3.433657e+00  1.875956e+00  1.678662e+01  1.589789e+01  9.777382e+01  3.180451e+00  1.396910e+01  1.1658917509513724e+00
       150  3.7500000000000028e-01  1.2359487770563121e-01  3.7619029714212837e-01  1.981655e-01  3.442334e+00  2.013969e+00  1.695977e+01  1.714752e+01  9.991815e+01  3.157204e+00  1.378357e+01  1.1729617336725537e+00
       160  4.0000000000000030e-01  1.2350077397210904e-01  3.7665036388885087e-01  2.113619e-01  3.451610e+00  2.152835e+00  1.714527e+01  1.842106e+01  1.022301e+02  3.133746e+00  1.359990e+01  1.1806186510069248e+00
       170  4.2500000000000032e-01  1.2340654929034225e-01  3.7715804043587242e-01  2.245566e-01  3.461483e+00  2.292599e+00  1.734318e+01  1.972009e+01  1.047137e+02  3.110291e+00  1.342025e+01  1.1888722796346909e+00
       180  4.5000000000000034e-01  1.2331219174525954e-01  3.7771341974350148e-01  2.377484e-01  3.471952e+00  2.433309e+00  1.755357e+01  2.104616e+01  1.073728e+02  3.087053e+00  1.324674e+01  1.1977332291409475e+00
       190  4.7500000000000037e-01  1.2321768939642685e-01  3.7831661166569097e-01  2.509360e-01  3.483015e+00  2.575004e+00  1.777651e+01  2.240076e+01  1.102117e+02  3.064239e+00  1.308141e+01  1.2072129525114428e+00
       200  5.0000000000000033e-01  1.2312303027393072e-01  3.7896774214657025e-01  2.641175e-01  3.494668e+00  2.717721e+00  1.801204e+01  2.378539e+01  1.132345e+02  3.042051e+00  1.292625e+01  1.2173237582866412e+00
       210  5.2499999999999980e-01  1.2302820237446517e-01  3.7966695241251713e-01  2.772910e-01  3.506909e+00  2.861493e+00  1.826023e+01  2.520148e+01  1.164458e+02  3.020685e+00  1.278315e+01  1.2280788244127596e+00
       220  5.4999999999999927e-01  1.2293319365761753e-01  3.8041439816070183e-01  2.904541e-01  3.519732e+00  3.006347e+00  1.852112e+01  2.665041e+01  1.198498e+02  3.000326e+00  1.265391e+01  1.2394922138288353e+00
       230  5.7499999999999873e-01  1.2283799204235883e-01  3.8121024874491349e-01  3.036042e-01  3.533132e+00  3.152305e+00  1.879473e+01  2.813351e+01  1.234511e+02  2.981151e+00  1.254022e+01  1.2515788918285133e+00
       240  5.9999999999999820e-01  1.2274258540373607e-01  3.8205468635940976e-01  3.167382e-01  3.547103e+00  3.299385e+00  1.908108e+01  2.965205e+01  1.272541e+02  2.963326e+00  1.244369e+01  1.2643547452340846e+00
       250  6.2499999999999767e-01  1.2264696156976967e-01  3.8294790522140071e-01  3.298528e-01  3.561636e+00  3.447598e+00  1.938016e+01  3.120721e+01  1.312630e+02  2.947005e+00  1.236580e+01  1.2778366034180126e+00
       260  6.4999999999999714e-01  1.2255110831855233e-01  3.8389011075264334e-01  3.429443e-01  3.576724e+00  3.596947e+00  1.969197e+01  3.280010e+01  1.354821e+02  2.932330e+00  1.230793e+01  1.2920422612044584e+00
       270  6.7499999999999660e-01  1.2245501337555287e-01  3.8488151876052518e-01  3.560086e-01  3.592356e+00  3.747430e+00  2.001645e+01  3.443173e+01  1.399154e+02  2.919428e+00  1.227134e+01  1.3069905036787370e+00
       280  6.9999999999999607e-01  1.2235866441112596e-01  3.8592235461882679e-01  3.690414e-01  3.608521e+00  3.899039e+00  2.035355e+01  3.610300e+01  1.445667e+02  2.908416e+00  1.225719e+01  1.3227011329280380e+00
       290  7.2499999999999554e-01  1.2226204903822246e-01  3.8701285244829442e-01  3.820380e-01  3.625205e+00  4.051755e+00  2.070317e+01  3.781470e+01  1.494397e+02  2.899395e+00  1.226653e+01  1.3391949967295409e+00
       300  7.4999999999999500e-01  1.2216515481030889e-01  3.8815325429688485e-01  3.949933e-01  3.642394e+00  4.205554e+00  2.106520e+01  3.956747e+01  1.545374e+02  2.892453e+00  1.230031e+01  1.3564940191949015e+00
       310  7.7499999999999447e-01  1.2206796921948518e-01  3.8934380931953727e-01  4.079018e-01  3.660072e+00  4.360403e+00  2.143948e+01  4.136183e+01  1.598625e+02  2.887662e+00  1.235935e+01  1.3746212333702934e+00
       320  7.9999999999999394e-01  1.2197047969481398e-01  3.9058477295705130e-01  4.207580e-01  3.678222e+00  4.516260e+00  2.182583e+01  4.319812e+01  1.654175e+02  2.885084e+00  1.244439e+01  1.3936008157804067e+00
       330  8.2499999999999341e-01  1.2187267360084983e-01  3.9187640611361624e-01  4.335556e-01  3.696824e+00  4.673073e+00  2.222402e+01  4.507653e+01  1.712039e+02  2.884765e+00  1.255606e+01  1.4134581228919239e+00
       340  8.4999999999999287e-01  1.2177453823637630e-01  3.9321897433230385e-01  4.462884e-01  3.715858e+00  4.830782e+00  2.263380e+01  4.699703e+01  1.772227e+02  2.886735e+00  1.269489e+01  1.4342197294572712e+00
       350  8.7499999999999234e-01  1.2167606083334842e-01  3.9461274696777382e-01  4.589496e-01  3.735301e+00  4.989316e+00  2.305486e+01  4.895943e+01  1.834743e+02  2.891015e+00  1.286128e+01  1.4559134686821451e+00
       360  8.9999999999999181e-01  1.2157722855604268e-01  3.9605799635526817e-01  4.715323e-01  3.755129e+00  5.148595e+00  2.348686e+01  5.096328e+01  1.899582e+02  2.897610e+00  1.305557e+01  1.4785684741412322e+00
       370  9.2499999999999127e-01  1.2147802850041482e-01  3.9755499697486013e-01  4.840292e-01  3.775314e+00  5.308528e+00  2.392939e+01  5.300794e+01  1.966729e+02  2.906512e+00  1.327795e+01  1.5022152233439070e+00
       380  9.4999999999999074e-01  1.2137844769366771e-01  3.9910402460988126e-01  4.964328e-01  3.795831e+00  5.469014e+00  2.438201e+01  5.509248e+01  2.036161e+02  2.917703e+00  1.352854e+01  1.5268855828269652e+00
       390  9.7499999999999021e-01  1.2127847309402931e-01  4.0070535549822384e-01  5.087352e-01  3.816648e+00  5.629940e+00  2.484423e+01  5.721575e+01  2.107842e+02  2.931150e+00  1.380732e+01  1.5526128546231484e+00
       400  9.9999999999998967e-01  1.2117809159074439e-01  4.0235926547531242e-01  5.209283e-01  3.837736e+00  5.791183e+00  2.531550e+01  5.937632e+01  2.181726e+02  2.946810e+00  1.411415e+01  1.5794318239223475e+00
       410  1.0249999999999893e+00  1.2107729000428287e-01  4.0406602910733347e-01  5.330039e-01  3.859059e+00  5.952610e+00  2.579521e+01  6.157244e+01  2.257753e+02  2.964628e+00  1.444880e+01  1.6073788077073750e+00
       420  1.0499999999999887e+00  1.2097605508676318e-01  4.0582591881339303e-01  5.449534e-01  3.880585e+00  6.114075e+00  2.628271e+01  6.380212e+01  2.335853e+02  2.984540e+00  1.481087e+01  1.6364917041068385e+00
       430  1.0749999999999882e+00  1.2087437352259925e-01  4.0763920397514847e-01  5.567682e-01  3.902277e+00  6.275424e+00  2.677727e+01  6.606302e+01  2.415939e+02  3.006470e+00  1.519986e+01  1.6668100421643615e+00
       440  1.0999999999999877e+00  1.2077223192937210e-01  4.0950615003259450e-01  5.684393e-01  3.924096e+00  6.436489e+00  2.727813e+01  6.835250e+01  2.497910e+02  3.030332e+00  1.561511e+01  1.6983750316761970e+00
       450  1.1249999999999871e+00  1.2066961685892581e-01  4.1142701756462197e-01  5.799577e-01  3.946004e+00  6.597095e+00  2.778446e+01  7.066761e+01  2.581650e+02  3.056032e+00  1.605582e+01  1.7312296126970539e+00
       460  1.1499999999999866e+00  1.2056651479870080e-01  4.1340206135308988e-01  5.913142e-01  3.967960e+00  6.757053e+00  2.829536e+01  7.300508e+01  2.667029e+02  3.083467e+00  1.652104e+01  1.7654185042584869e+00
       470  1.1749999999999861e+00  1.2046291217329813e-01  4.1543152942925654e-01  6.024995e-01  3.989922e+00  6.916167e+00  2.880989e+01  7.536131e+01  2.753899e+02  3.112525e+00  1.700964e+01  1.8009882517832918e+00
       480  1.1999999999999855e+00  1.2035879534628927e-01  4.1751566210148372e-01  6.135042e-01  4.011846e+00  7.074232e+00  2.932706e+01  7.773237e+01  2.842096e+02  3.143087e+00  1.752035e+01  1.8379872726153561e+00
       490  1.2249999999999850e+00  1.2025415062226612e-01  4.1965469096345254e-01  6.243189e-01  4.033690e+00  7.231032e+00  2.984582e+01  8.011404e+01  2.931440e+02  3.175028e+00  1.805173e+01  1.8764658990165302e+00
       500  1.2499999999999845e+00  1.2014896424914809e-01  4.2184883788208999e-01  6.349340e-01  4.055408e+00  7.386344e+00  3.036507e+01  8.250176e+01  3.021737e+02  3.208215e+00  1.860216e+01  1.9164764179105780e+00
       510  1.2749999999999839e+00  1.2004322242073752e-01  4.2409831396493725e-01  6.453401e-01  4.076954e+00  7.539939e+00  3.088366e+01  8.489072e+01  3.112774e+02  3.242509e+00  1.916986e+01  1.9580731065815931e+00
       520  1.2999999999999834e+00  1.1993691127954309e-01  4.2640331850673185e-01  6.555276e-01  4.098283e+00  7.691580e+00  3.140040e+01  8.727579e+01  3.204325e+02  3.277769e+00  1.975286e+01  2.0013122634586837e+00
       530  1.3249999999999829e+00  1.1983001691986352e-01  4.2876403791547013e-01  6.654870e-01  4.119348e+00  7.841025e+00  3.191407e+01  8.965160e+01  3.296149e+02  3.313846e+00  2.034905e+01  2.0462522330448913e+00
       540  1.3499999999999823e+00  1.1972252539114460e-01  4.3118064461849143e-01  6.752091e-01  4.140103e+00  7.988028e+00  3.242341e+01  9.201255e+01  3.387991e+02  3.350590e+00  2.095613e+01  2.0929534239742225e+00
       550  1.3749999999999818e+00  1.1961442270161367e-01  4.3365329594958391e-01  6.846844e-01  4.160501e+00  8.132340e+00  3.292714e+01  9.435282e+01  3.479583e+02  3.387847e+00  2.157168e+01  2.1414783191113398e+00
       560  1.3999999999999813e+00  1.1950569482219155e-01  4.3618213301853503e-01  6.939038e-01  4.180495e+00  8.273708e+00  3.342395e+01  9.666641e+01  3.570647e+02  3.425463e+00  2.219311e+01  2.1918914765439776e+00
       570  1.4249999999999807e+00  1.1939632769069095e-01  4.3876727956506423e-01  7.028583e-01  4.200042e+00  8.411881e+00  3.391252e+01  9.894720e+01  3.660896e+02  3.463279e+00  2.281770e+01  2.2442595202619295e+00
       580  1.4499999999999802e+00  1.1928630721630190e-01  4.4140884079958453e-01  7.115390e-01  4.219095e+00  8.546607e+00  3.439153e+01  1.011889e+02  3.750034e+02  3.501141e+00  2.344265e+01  2.2986511192712085e+00
       590  1.4749999999999797e+00  1.1917561928437077e-01  4.4410690223379701e-01  7.199372e-01  4.237612e+00  8.677637e+00  3.485967e+01  1.033853e+02  3.837760e+02  3.538892e+00  2.406503e+01  2.3551369538607774e+00
       600  1.4999999999999791e+00  1.1906424976146836e-01  4.4686152850476624e-01  7.280446e-01  4.255549e+00  8.804724e+00  3.531561e+01  1.055300e+02  3.923770e+02  3.576377e+00  2.468186e+01  2.4137896677256672e+00
       610  1.5249999999999786e+00  1.1895218450075784e-01  4.4967276219663455e-01  7.358530e-01  4.272865e+00  8.927626e+00  3.575806e+01  1.076167e+02  4.007758e+02  3.613445e+00  2.529009e+01  2.4746838046566686e+00
       620  1.5499999999999781e+00  1.1883940934765028e-01  4.5254062266486728e-01  7.433545e-01  4.289522e+00  9.046109e+00  3.618577e+01  1.096392e+02  4.089419e+02  3.649949e+00  2.588668e+01  2.5378957285390915e+00
       630  1.5749999999999775e+00  1.1872591014575973e-01  4.5546510486851377e-01  7.505416e-01  4.305482e+00  9.159946e+00  3.659751e+01  1.115915e+02  4.168455e+02  3.685743e+00  2.646856e+01  2.6035035254621572e+00
       640  1.5999999999999770e+00  1.1861167274314520e-01  4.5844617821662398e-01  7.574070e-01  4.320710e+00  9.268920e+00  3.699209e+01  1.134675e+02  4.244570e+02  3.720691e+00  2.703273e+01  2.6715868868310464e+00
       650  1.6249999999999765e+00  1.1849668299883874e-01  4.6148378543552837e-01  7.639438e-01  4.335173e+00  9.372822e+00  3.736840e+01  1.152615e+02  4.317482e+02  3.754660e+00  2.757622e+01  2.7422269724994899e+00
       660  1.6499999999999759e+00  1.1838092678965161e-01  4.6457784146442377e-01  7.701457e-01  4.348842e+00  9.471457e+00  3.772536e+01  1.169682e+02  4.386916e+02  3.787526e+00  2.809618e+01  2.8155062531011170e+00
       670  1.6749999999999754e+00  1.1826439001725764e-01  4.6772823238718803e-01  7.760064e-01  4.361689e+00  9.564646e+00  3.806200e+01  1.185824e+02  4.452616e+02  3.819171e+00  2.858989e+01  2.8915083309596192e+00
       680  1.6999999999999749e+00  1.1814705861553236e-01  4.7093481440881402e-01  7.815203e-01  4.373692e+00  9.652219e+00  3.837739e+01  1.200994e+02  4.514341e+02  3.849488e+00  2.905477e+01  2.9703177391957425e+00
       690  1.7249999999999743e+00  1.1802891855814540e-01  4.7419741288551254e-01  7.866821e-01  4.384827e+00  9.734027e+00  3.867073e+01  1.215148e+02  4.571870e+02  3.878379e+00  2.948843e+01  3.0520197189286229e+00
       700  1.7499999999999738e+00  1.1790995586638428e-01  4.7751582141769056e-01  7.914871e-01  4.395080e+00  9.809934e+00  3.894127e+01  1.228248e+02  4.625002e+02  3.905754e+00  2.988870e+01  3.1366999747850555e+00
       710  1.7749999999999733e+00  1.1779015661719822e-01  4.8088980101546008e-01  7.959308e-01  4.404436e+00  9.879824e+00  3.918839e+01  1.240259e+02  4.673562e+02  3.931537e+00  3.025365e+01  3.2244444092817544e+00
       720  1.7999999999999727e+00  1.1766950695144179e-01  4.8431907934651053e-01  8.000094e-01  4.412884e+00  9.943596e+00  3.941157e+01  1.251152e+02  4.717400e+02  3.955662e+00  3.058162e+01  3.3153388370275225e+00
       730  1.8249999999999722e+00  1.1754799308229186e-01  4.8780335007612463e-01  8.037193e-01  4.420420e+00  1.000117e+01  3.961040e+01  1.260904e+02  4.756392e+02  3.978072e+00  3.087120e+01  3.4094686801005163e+00
       740  1.8499999999999717e+00  1.1742560130381738e-01  4.9134227230925065e-01  8.070578e-01  4.427040e+00  1.005249e+01  3.978458e+01  1.269497e+02  4.790442e+02  3.998727e+00  3.112131e+01  3.5069186463813349e+00
       750  1.8749999999999711e+00  1.1730231799968172e-01  4.9493547014424188e-01  8.100222e-01  4.432746e+00  1.009751e+01  3.993392e+01  1.276917e+02  4.819484e+02  4.017595e+00  3.133117e+01  3.6077723930588208e+00
       760  1.8999999999999706e+00  1.1717812965192852e-01  4.9858253234749705e-01  8.126105e-01  4.437544e+00  1.013621e+01  4.005835e+01  1.283160e+02  4.843481e+02  4.034657e+00  3.150032e+01  3.7121121779635624e+00
       770  1.9249999999999701e+00  1.1705302284984687e-01  5.0228301215792237e-01  8.148213e-01  4.441443e+00  1.016859e+01  4.015792e+01  1.288222e+02  4.862424e+02  4.049908e+00  3.162862e+01  3.8200185018111044e+00
       780  1.9499999999999695e+00  1.1692698429885767e-01  5.0603642722930209e-01  8.166533e-01  4.444458e+00  1.019466e+01  4.023281e+01  1.292111e+02  4.876336e+02  4.063353e+00  3.171627e+01  3.9315697448459361e+00
       790  1.9749999999999690e+00  1.1680000082940352e-01  5.0984225971801400e-01  8.181061e-01  4.446605e+00  1.021446e+01  4.028329e+01  1.294835e+02  4.885268e+02  4.075010e+00  3.176378e+01  4.0468418017545416e+00
       800  1.9999999999999685e+00  1.1667205940579209e-01  5.1369995652261458e-01  8.191794e-01  4.447906e+00  1.022804e+01  4.030976e+01  1.296412e+02  4.889296e+02  4.084910e+00  3.177197e+01  4.1659077190521474e+00
       810  2.0249999999999679e+00  1.1654314713496533e-01  5.1760892968058614e-01  8.198735e-01  4.448387e+00  1.023548e+01  4.031271e+01  1.296861e+02  4.888528e+02  4.093091e+00  3.174199e+01  4.2888373394323169e+00
       820  2.0499999999999674e+00  1.1641325127514628e-01  5.2156855692658821e-01  8.201891e-01  4.448076e+00  1.023686e+01  4.029276e+01  1.296210e+02  4.883094e+02  4.099607e+00  3.167527e+01  4.4156969577927381e+00
       830  2.0749999999999669e+00  1.1628235924432706e-01  5.2557818241512488e-01  8.201272e-01  4.447006e+00  1.023228e+01  4.025062e+01  1.294489e+02  4.873150e+02  4.104520e+00  3.157351e+01  4.5465489938057182e+00
       840  2.0999999999999663e+00  1.1615045862855096e-01  5.2963711760910015e-01  8.196894e-01  4.445213e+00  1.022187e+01  4.018708e+01  1.291732e+02  4.858870e+02  4.107900e+00  3.143868e+01  4.6814516859834185e+00
       850  2.1249999999999658e+00  1.1601753718996390e-01  5.3374464233449215e-01  8.188776e-01  4.442736e+00  1.020575e+01  4.010303e+01  1.287979e+02  4.840454e+02  4.109828e+00  3.127297e+01  4.8204588121891376e+00
       860  2.1499999999999653e+00  1.1588358287456611e-01  5.3790000599961740e-01  8.176939e-01  4.439618e+00  1.018407e+01  3.999944e+01  1.283272e+02  4.818114e+02  4.110393e+00  3.107881e+01  4.9636194414671495e+00
       870  2.1749999999999647e+00  1.1574858381964984e-01  5.4210242897611494e-01  8.161410e-01  4.435905e+00  1.015697e+01  3.987736e+01  1.277657e+02  4.792080e+02  4.109692e+00  3.085879e+01  5.1109777219028327e+00
       880  2.1999999999999642e+00  1.1561252836086625e-01  5.4635110413714583e-01  8.142217e-01  4.431644e+00  1.012463e+01  3.973789e+01  1.271179e+02  4.762596e+02  4.107828e+00  3.061568e+01  5.2625727089862249e+00
       890  2.2249999999999637e+00  1.1547540503889588e-01  5.5064519854684590e-01  8.119392e-01  4.426887e+00  1.008720e+01  3.958220e+01  1.263890e+02  4.729916e+02  4.104910e+00  3.035239e+01  5.4184382386362131e+00
       900  2.2499999999999631e+00  1.1533720260566674e-01  5.5498385529360095e-01  8.092972e-01  4.421687e+00  1.004486e+01  3.941151e+01  1.255841e+02  4.694301e+02  4.101052e+00  3.007194e+01  5.5786028486609762e+00
       910  2.2749999999999626e+00  1.1519791003010993e-01  5.5936619545818322e-01  8.062992e-01  4.416098e+00  9.997800e+00  3.922708e+01  1.247083e+02  4.656020e+02  4.096374e+00  2.977744e+01  5.7430897519849475e+00
       920  2.2999999999999621e+00  1.1505751650340106e-01  5.6379132020682443e-01  8.029492e-01  4.410180e+00  9.946191e+00  3.903020e+01  1.237670e+02  4.615345e+02  4.090998e+00  2.947206e+01  5.9119168644764191e+00
       930  2.3249999999999615e+00  1.1491601144365929e-01  5.6825831299759688e-01  7.992516e-01  4.403989e+00  9.890217e+00  3.882222e+01  1.227655e+02  4.572551e+02  4.085048e+00  2.915902e+01  6.0850968896725108e+00
       940  2.3499999999999610e+00  1.1477338450009696e-01  5.7276624188792968e-01  7.952108e-01  4.397588e+00  9.830062e+00  3.860447e+01  1.217090e+02  4.527910e+02  4.078652e+00  2.884154e+01  6.2626374621276959e+00
       950  2.3749999999999605e+00  1.1462962555656402e-01  5.7731416192976903e-01  7.908312e-01  4.391038e+00  9.765907e+00  3.837831e+01  1.206027e+02  4.481697e+02  4.071938e+00  2.852287e+01  6.4445413505233935e+00
       960  2.3999999999999599e+00  1.1448472473449493e-01  5.8190111763824970e-01  7.861179e-01  4.384402e+00  9.697928e+00  3.814514e+01  1.194516e+02  4.434178e+02  4.065036e+00  2.820622e+01  6.6308067210784971e+00
       970  2.4249999999999594e+00  1.1433867239522666e-01  5.8652614551920490e-01  7.810757e-01  4.377743e+00  9.626299e+00  3.790631e+01  1.182608e+02  4.385619e+02  4.058075e+00  2.789475e+01  6.8214274612003658e+00
       980  2.4499999999999589e+00  1.1419145914168397e-01  5.9118827664023377e-01  7.757097e-01  4.371126e+00  9.551187e+00  3.766322e+01  1.170348e+02  4.336277e+02  4.051182e+00  2.759158e+01  7.0163935627335938e+00
       990  2.4749999999999583e+00  1.1404307581940964e-01  5.9588653922983148e-01  7.700252e-01  4.364615e+00  9.472754e+00  3.741722e+01  1.157783e+02  4.286402e+02  4.044485e+00  2.729978e+01  7.2156915635939072e+00
      1000  2.4999999999999578e+00  1.1389351351695268e-01  6.0061996128896522e-01  7.640275e-01  4.358276e+00  9.391150e+00  3.716970e+01  1.144954e+02  4.236237e+02  4.038110e+00  2.702231e+01  7.4193050460386640e+00
      1010  2.5249999999999573e+00  1.1374276356559666e-01  6.0538757319952419e-01  7.577220e-01  4.352173e+00  9.306520e+00  3.692198e+01  1.131902e+02  4.186017e+02  4.032180e+00  2.676206e+01  7.6272151893169315e+00
      1020  2.5499999999999567e+00  1.1359081753844005e-01  6.1018841031417459e-01  7.511144e-01  4.346371e+00  9.218999e+00  3.667542e+01  1.118664e+02  4.135965e+02  4.026816e+00  2.652183e+01  7.8394013739786796e+00
      1030  2.5749999999999562e+00  1.1343766724883617e-01  6.1502151551262840e-01  7.442103e-01  4.340934e+00  9.128709e+00  3.643131e+01  1.105272e+02  4.086299e+02  4.022134e+00  2.630431e+01  8.0558418346962242e+00
      1040  2.5999999999999557e+00  1.1328330474819787e-01  6.1988594170973876e-01  7.370154e-01  4.335926e+00  9.035763e+00  3.619097e+01  1.091758e+02  4.037225e+02  4.018251e+00  2.611207e+01  8.2765143580703562e+00
      1050  2.6249999999999551e+00  1.1312772232317633e-01  6.2478075430138824e-01  7.295356e-01  4.331409e+00  8.940262e+00  3.595565e+01  1.078148e+02  3.988940e+02  4.015277e+00  2.594760e+01  8.5013970215596313e+00
      1060  2.6499999999999546e+00  1.1297091249225460e-01  6.2970503353498786e-01  7.217766e-01  4.327445e+00  8.842296e+00  3.572662e+01  1.064465e+02  3.941633e+02  4.013320e+00  2.581327e+01  8.7304689693755755e+00
      1070  2.6749999999999541e+00  1.1281286800173657e-01  6.3465787679210783e-01  7.137445e-01  4.324095e+00  8.741941e+00  3.550510e+01  1.050729e+02  3.895484e+02  4.012485e+00  2.571132e+01  8.9637112209421588e+00
      1080  2.6999999999999535e+00  1.1265358182119949e-01  6.3963840077176082e-01  7.054452e-01  4.321418e+00  8.639261e+00  3.529229e+01  1.036956e+02  3.850666e+02  4.012871e+00  2.564393e+01  9.2011075073017512e+00
      1090  2.7249999999999530e+00  1.1249304713839742e-01  6.4464574356374971e-01  6.968848e-01  4.319471e+00  8.534310e+00  3.508938e+01  1.023158e+02  3.807345e+02  4.014576e+00  2.561313e+01  9.4426451306797965e+00
      1100  2.7499999999999525e+00  1.1233125735367032e-01  6.4967906660251817e-01  6.880694e-01  4.318311e+00  8.427127e+00  3.489751e+01  1.009342e+02  3.765678e+02  4.017692e+00  2.562090e+01  9.6883158422733846e+00
      1110  2.7749999999999519e+00  1.1216820607388106e-01  6.5473755649324894e-01  6.790051e-01  4.317992e+00  8.317740e+00  3.471783e+01  9.955125e+01  3.725819e+02  4.022310e+00  2.566910e+01  9.9381167332139615e+00
      1120  2.7999999999999514e+00  1.1200388710590545e-01  6.5982042670263474e-01  6.696983e-01  4.318565e+00  8.206168e+00  3.455144e+01  9.816711e+01  3.687917e+02  4.028517e+00  2.575953e+01  1.0192051133554235e+01
      1130  2.8249999999999509e+00  1.1183829444972213e-01  6.6492691910826252e-01  6.601551e-01  4.320081e+00  8.092414e+00  3.439943e+01  9.678142e+01  3.652116e+02  4.036396e+00  2.589391e+01  1.0450129514051383e+01
      1140  2.8499999999999504e+00  1.1167142229113911e-01  6.7005630540139904e-01  6.503819e-01  4.322586e+00  7.976475e+00  3.426287e+01  9.539349e+01  3.618559e+02  4.046029e+00  2.607391e+01  1.0712370385441366e+01
      1150  2.8749999999999498e+00  1.1150326499417446e-01  6.7520788833921042e-01  6.403850e-01  4.326127e+00  7.858335e+00  3.414280e+01  9.400229e+01  3.587386e+02  4.057494e+00  2.630116e+01  1.0978801189830950e+01
      1160  2.8999999999999493e+00  1.1133381709315505e-01  6.8038100284329250e-01  6.301708e-01  4.330746e+00  7.737972e+00  3.404025e+01  9.260645e+01  3.558736e+02  4.070869e+00  2.657727e+01  1.1249459178758052e+01
      1170  2.9249999999999488e+00  1.1116307328455599e-01  6.8557501694269640e-01  6.197460e-01  4.336482e+00  7.615354e+00  3.395621e+01  9.120426e+01  3.532748e+02  4.086230e+00  2.690383e+01  1.1524392272388530e+01
      1180  2.9499999999999482e+00  1.1099102841862310e-01  6.9078933256024211e-01  6.091169e-01  4.343373e+00  7.490442e+00  3.389167e+01  8.979370e+01  3.509563e+02  4.103652e+00  2.728248e+01  1.1803659894219145e+01
      1190  2.9749999999999477e+00  1.1081767749081743e-01  6.9602338614205639e-01  5.982902e-01  4.351452e+00  7.363191e+00  3.384759e+01  8.837248e+01  3.489324e+02  4.123212e+00  2.771484e+01  1.2087333775532141e+01
      1200  2.9999999999999472e+00  1.1064301563313092e-01  7.0127664913087506e-01  5.872725e-01  4.360750e+00  7.233552e+00  3.382490e+01  8.693800e+01  3.472173e+02  4.144983e+00  2.820264e+01  1.2375498723703677e+01
      1210  3.0249999999999466e+00  1.1046703810528151e-01  7.0654862828448661e-01  5.760705e-01  4.371295e+00  7.101471e+00  3.382452e+01  8.548744e+01  3.458258e+02  4.169045e+00  2.874767e+01  1.2668253348288310e+01
      1220  3.0499999999999461e+00  1.1028974028588331e-01  7.1183886584105660e-01  5.646910e-01  4.383111e+00  6.966894e+00  3.384733e+01  8.401775e+01  3.447731e+02  4.195474e+00  2.935185e+01  1.2965710738582832e+01
      1230  3.0749999999999456e+00  1.1011111766355053e-01  7.1714693953389885e-01  5.531408e-01  4.396220e+00  6.829762e+00  3.389419e+01  8.252567e+01  3.440744e+02  4.224354e+00  3.001722e+01  1.3267999086119913e+01
      1240  3.0999999999999450e+00  1.0993116582805906e-01  7.2247246245832897e-01  5.414267e-01  4.410639e+00  6.690020e+00  3.396594e+01  8.100781e+01  3.437456e+02  4.255767e+00  3.074601e+01  1.3575262245237386e+01
      1250  3.1249999999999445e+00  1.0974988046152129e-01  7.2781508279352747e-01  5.295559e-01  4.426383e+00  6.547612e+00  3.406336e+01  7.946062e+01  3.438029e+02  4.289804e+00  3.154065e+01  1.3887660224524108e+01
      1260  3.1499999999999440e+00  1.0956725732967981e-01  7.3317448338274183e-01  5.175352e-01  4.443462e+00  6.402485e+00  3.418724e+01  7.788047e+01  3.442627e+02  4.326557e+00  3.240381e+01  1.4205369601543339e+01
      1270  3.1749999999999434e+00  1.0938329227330476e-01  7.3855038117484573e-01  5.053717e-01  4.461883e+00  6.254591e+00  3.433828e+01  7.626366e+01  3.451419e+02  4.366125e+00  3.333842e+01  1.4528583852795444e+01
      1280  3.1999999999999429e+00  1.0919798119975320e-01  7.4394252653042325e-01  4.930727e-01  4.481650e+00  6.103886e+00  3.451718e+01  7.460648e+01  3.464575e+02  4.408614e+00  3.434772e+01  1.4857513590395431e+01
      1290  3.2249999999999424e+00  1.0901132007471374e-01  7.4935070239550483e-01  4.806453e-01  4.502762e+00  5.950335e+00  3.472457e+01  7.290523e+01  3.482267e+02  4.454134e+00  3.543529e+01  1.5192386696413397e+01
      1300  3.2499999999999418e+00  1.0882330491418685e-01  7.5477472334554063e-01  4.680970e-01  4.525217e+00  5.793907e+00  3.496103e+01  7.115628e+01  3.504667e+02  4.502806e+00  3.660508e+01  1.5533448345287120e+01
      1310  3.2749999999999413e+00  1.0863393177670326e-01  7.6021443450255066e-01  4.554351e-01  4.549006e+00  5.634582e+00  3.522711e+01  6.935611e+01  3.531947e+02  4.554755e+00  3.786143e+01  1.5880960904148775e+01
      1320  3.2999999999999408e+00  1.0844319675584146e-01  7.6566971032753872e-01  4.426670e-01  4.574118e+00  5.472348e+00  3.552326e+01  6.750131e+01  3.564276e+02  4.610119e+00  3.920916e+01  1.6235203700378740e+01
      1330  3.3249999999999402e+00  1.0825109597305441e-01  7.7114045329070469e-01  4.298005e-01  4.600539e+00  5.307206e+00  3.584990e+01  6.558870e+01  3.601820e+02  4.669042e+00  4.065353e+01  1.6596472645198141e+01
      1340  3.3499999999999397e+00  1.0805762557084961e-01  7.7662659242152854e-01  4.168433e-01  4.628251e+00  5.139165e+00  3.620736e+01  6.361530e+01  3.644737e+02  4.731680e+00  4.220036e+01  1.6965079701709286e+01
      1350  3.3749999999999392e+00  1.0786278170634382e-01  7.8212808174096560e-01  4.038031e-01  4.657230e+00  4.968249e+00  3.659590e+01  6.157841e+01  3.693180e+02  4.798198e+00  4.385602e+01  1.7341352185525725e+01
      1360  3.3999999999999386e+00  1.0766656054521923e-01  7.8764489857841202e-01  3.906878e-01  4.687452e+00  4.794491e+00  3.701570e+01  5.947563e+01  3.747290e+02  4.868773e+00  4.562751e+01  1.7725631886072829e+01
      1370  3.4249999999999381e+00  1.0746895825612436e-01  7.9317704177605086e-01  3.775056e-01  4.718888e+00  4.617939e+00  3.746685e+01  5.730490e+01  3.807198e+02  4.943594e+00  4.752250e+01  1.8118273996835775e+01
      1380  3.4499999999999376e+00  1.0726997100552983e-01  7.9872452978451447e-01  3.642646e-01  4.751503e+00  4.438653e+00  3.794935e+01  5.506452e+01  3.873019e+02  5.022862e+00  4.954947e+01  1.8519645843404266e+01
      1390  3.4749999999999370e+00  1.0706959495307508e-01  8.0428739865397303e-01  3.509731e-01  4.785262e+00  4.256707e+00  3.846311e+01  5.275322e+01  3.944852e+02  5.106795e+00  5.171771e+01  1.8930125399142597e+01
      1400  3.4999999999999365e+00  1.0686782624743119e-01  8.0986569992643909e-01  3.376396e-01  4.820125e+00  4.072186e+00  3.900793e+01  5.037011e+01  4.022777e+02  5.195622e+00  5.403752e+01  1.9350099579849001e+01
      1410  3.5249999999999360e+00  1.0666466102270258e-01  8.1545949843621801e-01  3.242727e-01  4.856047e+00  3.885190e+00  3.958350e+01  4.791479e+01  4.106854e+02  5.289593e+00  5.652035e+01  1.9779962310884866e+01
      1420  3.5499999999999354e+00  1.0646009539538398e-01  8.2106887002666906e-01  3.108811e-01  4.892981e+00  3.695830e+00  4.018941e+01  4.538728e+01  4.197118e+02  5.388972e+00  5.917894e+01  2.0220112363064523e+01
      1430  3.5749999999999349e+00  1.0625412546190617e-01  8.2669389919350889e-01  2.974739e-01  4.930877e+00  3.504230e+00  4.082513e+01  4.278808e+01  4.293579e+02  5.494049e+00  6.202763e+01  2.0670950957137691e+01
      1440  3.5999999999999344e+00  1.0604674729677112e-01  8.3233467666578809e-01  2.840600e-01  4.969680e+00  3.310527e+00  4.148999e+01  4.011815e+01  4.396220e+02  5.605133e+00  6.508260e+01  2.1132879140976080e+01
      1450  3.6249999999999338e+00  1.0583795695130452e-01  8.3799129693766694e-01  2.706488e-01  5.009333e+00  3.114866e+00  4.218322e+01  3.737893e+01  4.504995e+02  5.722562e+00  6.836231e+01  2.1606294948610952e+01
      1460  3.6499999999999333e+00  1.0562775045301923e-01  8.4366385576454250e-01  2.572497e-01  5.049773e+00  2.917407e+00  4.290393e+01  3.457230e+01  4.619826e+02  5.846703e+00  7.188788e+01  2.2091590355947421e+01
      1470  3.6749999999999328e+00  1.0541612380562937e-01  8.4935244763802387e-01  2.438723e-01  5.090937e+00  2.718317e+00  4.365106e+01  3.170059e+01  4.740605e+02  5.977957e+00  7.568375e+01  2.2589148054251186e+01
      1480  3.6999999999999322e+00  1.0520307298966483e-01  8.5505716325412173e-01  2.305266e-01  5.132757e+00  2.517773e+00  4.442346e+01  2.876654e+01  4.867187e+02  6.116765e+00  7.977831e+01  2.3099338069111198e+01
      1490  3.7249999999999317e+00  1.0498859396375239e-01  8.6077808698786928e-01  2.172224e-01  5.175161e+00  2.315963e+00  4.521982e+01  2.577333e+01  4.999396e+02  6.263610e+00  8.420480e+01  2.3622514259365950e+01
      1500  3.7499999999999312e+00  1.0477268266649591e-01  8.6651529438631769e-01  2.039700e-01  5.218075e+00  2.113080e+00  4.603871e+01  2.272449e+01  5.137020e+02  6.419027e+00  8.900226e+01  2.4159010737120866e+01
      1510  3.7749999999999306e+00  1.0455533501900884e-01  8.7226884968832208e-01  1.907797e-01  5.261423e+00  1.909326e+00  4.687856e+01  1.962389e+01  5.279811e+02  6.583607e+00  9.421681e+01  2.4709138256155892e+01
      1520  3.7999999999999301e+00  1.0433654692802907e-01  8.7803880337672635e-01  1.776622e-01  5.305124e+00  1.704912e+00  4.773766e+01  1.647574e+01  5.427486e+02  6.758002e+00  9.990298e+01  2.5273180621385794e+01
      1530  3.8249999999999296e+00  1.0411631428967830e-01  8.8382518976256197e-01  1.646282e-01  5.349097e+00  1.500052e+00  4.861418e+01  1.328454e+01  5.579726e+02  6.942935e+00  1.061255e+02  2.5851391176229637e+01
      1540  3.8499999999999290e+00  1.0389463299379294e-01  8.8962802459639501e-01  1.516886e-01  5.393257e+00  1.294970e+00  4.950615e+01  1.005505e+01  5.736179e+02  7.139207e+00  1.129609e+02  2.6443989427426121e+01
      1550  3.8749999999999285e+00  1.0367149892885674e-01  8.9544730269467232e-01  1.388546e-01  5.437517e+00  1.089893e+00  5.041149e+01  6.792255e+00  5.896455e+02  7.347699e+00  1.205000e+02  2.7051157867684914e+01
      1560  3.8999999999999280e+00  1.0344690798754611e-01  9.0128299556251479e-01  1.261375e-01  5.481790e+00  8.850557e-01  5.132798e+01  3.501369e+00  6.060136e+02  7.569384e+00  1.288500e+02  2.7673039055400782e+01
      1570  3.9249999999999274e+00  1.0322085607283893e-01  9.0713504898760633e-01  1.135488e-01  5.525988e+00  6.806973e-01  5.225333e+01  1.877901e-01  6.226768e+02  7.805326e+00  1.381374e+02  2.8309733007277888e+01
      1580  3.9499999999999269e+00  1.0299333910476460e-01  9.1300338057288521e-01  1.011002e-01  5.570019e+00  4.770633e-01  5.318510e+01 -3.142907e+00  6.395867e+02  8.056690e+00  1.485100e+02  2.8961294954135781e+01
      1590  3.9749999999999264e+00  1.0276435302775490e-01  9.1888787717002707e-01  8.880346e-02  5.613795e+00  2.744045e-01  5.412081e+01 -6.484980e+00  6.566923e+02  8.324736e+00  1.601406e+02  2.9627733502453669e+01
      1600  3.9999999999999258e+00  1.0253389381867954e-01  9.2478839217081565e-01  7.667059e-02  5.657226e+00  7.297806e-02  5.505785e+01 -9.832528e+00  6.739396e+02  8.610822e+00  1.732291e+02  3.0309009234596374e+01
      1610  4.0249999999999293e+00  1.0230195749554630e-01  9.3070474261031388e-01  6.471375e-02  5.700224e+00 -1.269531e-01  5.599360e+01 -1.317949e+01  6.912727e+02  8.916398e+00  1.880058e+02  3.1005033769469343e+01
      1620  4.0499999999999332e+00  1.0206854012699533e-01  9.3663670603384952e-01  5.294528e-02  5.742701e+00 -3.251193e-01  5.692535e+01 -1.651966e+01  7.086332e+02  9.242998e+00  2.047328e+02  3.1715669293062138e+01
      1630  4.0749999999999371e+00  1.0183363784258470e-01  9.4258401708147899e-01  4.137762e-02  5.784572e+00 -5.212446e-01  5.785040e+01 -1.984666e+01  7.259613e+02  9.592223e+00  2.237068e+02  3.2440728555434276e+01
      1640  4.0999999999999410e+00  1.0159724684396387e-01  9.4854636374560564e-01  3.002343e-02  5.825757e+00 -7.150458e-01  5.876602e+01 -2.315393e+01  7.431958e+02  9.965729e+00  2.452593e+02  3.3179975317845006e+01
      1650  4.1249999999999449e+00  1.0135936341705090e-01  9.5452338326344810e-01  1.889549e-02  5.866177e+00 -9.062323e-01  5.966950e+01 -2.643476e+01  7.602747e+02  1.036520e+01  2.697572e+02  3.3933125221472068e+01
      1660  4.1499999999999488e+00  1.0111998394526892e-01  9.6051465761449761e-01  8.006760e-03  5.905757e+00 -1.094506e+00  6.055818e+01 -2.968225e+01  7.771355e+02  1.079231e+01  2.976012e+02  3.4699847038143432e+01
      1670  4.1749999999999527e+00  1.0087910492396070e-01  9.6651970860191172e-01 -2.629632e-03  5.944429e+00 -1.279562e+00  6.142946e+01 -3.288931e+01  7.937163e+02  1.124872e+01  3.292231e+02  3.5479764254250085e+01
      1680  4.1999999999999567e+00  1.0063672297609154e-01  9.7253799251027162e-01 -1.300037e-02  5.982130e+00 -1.461085e+00  6.228082e+01 -3.604869e+01  8.099558e+02  1.173598e+01  3.650814e+02  3.6272456931953457e+01
      1690  4.2249999999999606e+00  1.0039283486933237e-01  9.7856889434444438e-01 -2.309192e-02  6.018801e+00 -1.638755e+00  6.310987e+01 -3.915294e+01  8.257942e+02  1.225556e+01  4.056543e+02  3.7077463787275356e+01
      1700  4.2499999999999645e+00  1.0014743753464506e-01  9.8461172167006350e-01 -3.289055e-02  6.054395e+00 -1.812241e+00  6.391438e+01 -4.219444e+01  8.411741e+02  1.280875e+01  4.514316e+02  3.7894284422875813e+01
      1710  4.2749999999999684e+00  9.9900528086438137e-02  9.9066569809002658e-01 -4.238226e-02  6.088866e+00 -1.981205e+00  6.469228e+01 -4.516542e+01  8.560411e+02  1.339660e+01  5.029034e+02  3.8722381654248423e+01
      1720  4.2999999999999723e+00  9.9652103844408618e-02  9.9672995640758844e-01 -5.155277e-02  6.122182e+00 -2.145299e+00  6.544169e+01 -4.805796e+01  8.703445e+02  1.401993e+01  5.605474e+02  3.9561183871626412e+01
      1730  4.3249999999999762e+00  9.9402162357110996e-02  1.0028035315400461e+00 -6.038750e-02  6.154314e+00 -2.304168e+00  6.616097e+01 -5.086402e+01  8.840380e+02  1.467922e+01  6.248143e+02  4.0410087385792622e+01
      1740  4.3499999999999801e+00  9.9150701427332441e-02  1.0088853532605704e+00 -6.887151e-02  6.185245e+00 -2.457448e+00  6.684874e+01 -5.357544e+01  8.970807e+02  1.537458e+01  6.961117e+02  4.1268458713816138e+01
      1750  4.3749999999999840e+00  9.8897719139299026e-02  1.0149742388572549e+00 -7.698947e-02  6.214966e+00 -2.604765e+00  6.750388e+01 -5.618399e+01  9.094376e+02  1.610574e+01  7.747867e+02  4.2135636770036051e+01
      1760  4.3999999999999879e+00  9.8643213887689651e-02  1.0210688858074759e+00 -8.472566e-02  6.243474e+00 -2.745735e+00  6.812553e+01 -5.868139e+01  9.210802e+02  1.687197e+01  8.611086e+02  4.3010934937765469e+01
      1770  4.4249999999999918e+00  9.8387184408510076e-02  1.0271678645728557e+00 -9.206386e-02  6.270780e+00 -2.879964e+00  6.871318e+01 -6.105927e+01  9.319873e+02  1.767206e+01  9.552522e+02  4.3893643007631937e+01
      1780  4.4499999999999957e+00  9.8129629811703589e-02  1.0332696116249385e+00 -9.898743e-02  6.296898e+00 -3.007051e+00  6.926659e+01 -6.330926e+01  9.421451e+02  1.850434e+01  1.057282e+03  4.4783028978665413e+01
      1790  4.4749999999999996e+00  9.7870549615491548e-02  1.0393724228126293e+00 -1.054792e-01  6.321853e+00 -3.126580e+00  6.978586e+01 -6.542297e+01  9.515481e+02  1.936664e+01  1.167137e+03  4.5678340727528045e+01
      1800  4.5000000000000036e+00  9.7609943782299924e-02  1.0454744471832895e+00 -1.115215e-01  6.345678e+00 -3.238126e+00  7.027139e+01 -6.739195e+01  9.601986e+02  2.025630e+01  1.284626e+03  4.6578807559354175e+01
      1810  4.5250000000000075e+00  9.7347812756179625e-02  1.0515736813650707e+00 -1.170964e-01  6.368412e+00 -3.341254e+00  7.072392e+01 -6.920778e+01  9.681073e+02  2.117021e+01  1.409412e+03  4.7483641660019430e+01
      1820  4.5500000000000114e+00  9.7084157501532709e-02  1.0576679646143452e+00 -1.221852e-01  6.390101e+00 -3.435517e+00  7.114446e+01 -7.086199e+01  9.752932e+02  2.210483e+01  1.541019e+03  4.8392039474168811e+01
      1830  4.5750000000000153e+00  9.6818979543004335e-02  1.0637549746247434e+00 -1.267691e-01  6.410797e+00 -3.520459e+00  7.153434e+01 -7.234610e+01  9.817834e+02  2.305623e+01  1.678827e+03  4.9303183035765436e+01
      1840  4.6000000000000192e+00  9.6552281006295773e-02  1.0698322241866260e+00 -1.308292e-01  6.430559e+00 -3.595616e+00  7.189517e+01 -7.365158e+01  9.876126e+02  2.402018e+01  1.822084e+03  5.0216241278451328e+01
      1850  4.6250000000000231e+00  9.6284064659719643e-02  1.0758970587773906e+00 -1.343463e-01  6.449449e+00 -3.660517e+00  7.222881e+01 -7.476990e+01  9.928228e+02  2.499214e+01  1.969915e+03  5.1130371351591165e+01
      1860  4.6500000000000270e+00  9.6014333956224440e-02  1.0819466551526888e+00 -1.373014e-01  6.467533e+00 -3.714688e+00  7.253735e+01 -7.569249e+01  9.974632e+02  2.596742e+01  2.121340e+03  5.2044719964942331e+01
      1870  4.6750000000000309e+00  9.5743093075632016e-02  1.0879780210001440e+00 -1.396759e-01  6.484881e+00 -3.757654e+00  7.282312e+01 -7.641078e+01  1.001589e+03  2.694117e+01  2.275289e+03  5.2958424780667009e+01
      1880  4.7000000000000348e+00  9.5470346966849085e-02  1.0939879957066623e+00 -1.414517e-01  6.501566e+00 -3.788946e+00  7.308862e+01 -7.691619e+01  1.005260e+03  2.790851e+01  2.430631e+03  5.3870615866308015e+01
      1890  4.7250000000000387e+00  9.5196101389719207e-02  1.0999732522815757e+00 -1.426117e-01  6.517662e+00 -3.808103e+00  7.333653e+01 -7.720021e+01  1.008543e+03  2.886456e+01  2.586189e+03  5.4780417216948152e+01
      1900  4.7500000000000426e+00  9.4920362956258969e-02  1.1059303004684076e+00 -1.431399e-01  6.533247e+00 -3.814681e+00  7.356963e+01 -7.725436e+01  1.011507e+03  2.980453e+01  2.740768e+03  5.5686948349304743e+01
      1910  4.7750000000000465e+00  9.4643139170964452e-02  1.1118554910695999e+00 -1.430220e-01  6.548397e+00 -3.808256e+00  7.379085e+01 -7.707031e+01  1.014224e+03  3.072378e+01  2.893177e+03  5.6589325965617945e+01
      1920  4.8000000000000504e+00  9.4364438469883696e-02  1.1177450214997604e+00 -1.422454e-01  6.563190e+00 -3.788434e+00  7.400314e+01 -7.663990e+01  1.016769e+03  3.161785e+01  3.042253e+03  5.7486665681084027e+01
      1930  4.8250000000000544e+00  9.4084270258146571e-02  1.1235949425742797e+00 -1.408001e-01  6.577703e+00 -3.754858e+00  7.420951e+01 -7.595518e+01  1.019218e+03  3.248252e+01  3.186876e+03  5.8378083805600752e+01
      1940  4.8500000000000583e+00  9.3802644945651756e-02  1.1294011665315087e+00 -1.386784e-01  6.592013e+00 -3.707211e+00  7.441297e+01 -7.500854e+01  1.021646e+03  3.331384e+01  3.325987e+03  5.9262699168842239e+01
      1950  4.8750000000000622e+00  9.3519573980574242e-02  1.1351594762778241e+00 -1.358756e-01  6.606194e+00 -3.645227e+00  7.461648e+01 -7.379271e+01  1.024130e+03  3.410820e+01  3.458607e+03  6.0139634977188543e+01
      1960  4.9000000000000661e+00  9.3235069880445082e-02  1.1408655358345723e+00 -1.323906e-01  6.620319e+00 -3.568696e+00  7.482293e+01 -7.230089e+01  1.026743e+03  3.486228e+01  3.583842e+03  6.1008020691597899e+01
      1970  4.9250000000000700e+00  9.2949146260437043e-02  1.1465149019554366e+00 -1.282252e-01  6.634458e+00 -3.477469e+00  7.503510e+01 -7.052681e+01  1.029556e+03  3.557314e+01  3.700897e+03  6.1866993917069379e+01
      1980  4.9500000000000739e+00  9.2661817858631312e-02  1.1521030368720653e+00 -1.233855e-01  6.648674e+00 -3.371462e+00  7.525561e+01 -6.846485e+01  1.032636e+03  3.623820e+01  3.809079e+03  6.2715702296382133e+01
      1990  4.9750000000000778e+00  9.2373100557946647e-02  1.1576253221121804e+00 -1.178809e-01  6.663030e+00 -3.250662e+00  7.548692e+01 -6.611010e+01  1.036049e+03  3.685525e+01  3.907805e+03  6.3553305403342513e+01
      2000  5.0000000000000817e+00  9.2083011404493237e-02  1.1630770733227260e+00 -1.117251e-01  6.677579e+00 -3.115128e+00  7.573124e+01 -6.345850e+01  1.039852e+03  3.742249e+01  3.996602e+03  6.4378976633258702e+01
      2010  5.0250000000000856e+00  9.1791568622108327e-02  1.1684535560161804e+00 -1.049355e-01  6.692369e+00 -2.964995e+00  7.599057e+01 -6.050695e+01  1.044101e+03  3.793850e+01  4.075113e+03  6.5191905090759974e+01
      2020  5.0500000000000895e+00  9.1498791622832226e-02  1.1737500021441807e+00 -9.753333e-02  6.707440e+00 -2.800473e+00  7.626663e+01 -5.725345e+01  1.048843e+03  3.840227e+01  4.143094e+03  6.5991297476923492e+01
      2030  5.0750000000000934e+00  9.1204701013163858e-02  1.1789616273898895e+00 -8.954347e-02  6.722825e+00 -2.621848e+00  7.656085e+01 -5.369720e+01  1.054122e+03  3.881318e+01  4.200413e+03  6.6776379978821538e+01
      2040  5.1000000000000973e+00  9.0909318595912822e-02  1.1840836490566162e+00 -8.099428e-02  6.738547e+00 -2.429485e+00  7.687439e+01 -4.983876e+01  1.059975e+03  3.917104e+01  4.247054e+03  6.7546400164519085e+01
      2050  5.1250000000001013e+00  9.0612667367503896e-02  1.1891113044183184e+00 -7.191729e-02  6.754619e+00 -2.223820e+00  7.720810e+01 -4.568019e+01  1.066435e+03  3.947603e+01  4.283107e+03  6.8300628885380107e+01
      2060  5.1500000000001052e+00  9.0314771510679903e-02  1.1940398693879475e+00 -6.234684e-02  6.771046e+00 -2.005364e+00  7.756255e+01 -4.122512e+01  1.073530e+03  3.972873e+01  4.308770e+03  6.9038362184924722e+01
      2070  5.1750000000001091e+00  9.0015656382464213e-02  1.1988646773505778e+00 -5.231978e-02  6.787823e+00 -1.774698e+00  7.793804e+01 -3.647890e+01  1.081281e+03  3.993012e+01  4.324338e+03  6.9758923210006003e+01
      2080  5.2000000000001130e+00  8.9715348497470190e-02  1.2035811380033936e+00 -4.187500e-02  6.804935e+00 -1.532471e+00  7.833457e+01 -3.144863e+01  1.089706e+03  4.008149e+01  4.330201e+03  7.0461664115779399e+01
      2090  5.2250000000001169e+00  8.9413875506453605e-02  1.2081847560408179e+00 -3.105305e-02  6.822360e+00 -1.279393e+00  7.875191e+01 -2.614325e+01  1.098818e+03  4.018449e+01  4.326832e+03  7.1145967951708400e+01
      2100  5.2500000000001208e+00  8.9111266170281866e-02  1.2126711495238858e+00 -1.989572e-02  6.840064e+00 -1.016232e+00  7.918959e+01 -2.057351e+01  1.108627e+03  4.024107e+01  4.314776e+03  7.1811250511806776e+01
      2110  5.2750000000001247e+00  8.8807550329324303e-02  1.2170360677748260e+00 -8.445541e-03  6.858011e+00 -7.438116e-01  7.964693e+01 -1.475199e+01  1.119137e+03  4.025342e+01  4.294642e+03  7.2456962129058866e+01
      2120  5.3000000000001286e+00  8.8502758868473697e-02  1.2212754086445339e+00  3.254565e-03  6.876154e+00 -4.629976e-01  8.012305e+01 -8.692981e+00  1.130350e+03  4.022399e+01  4.267088e+03  7.3082589391455002e+01
      2130  5.3250000000001325e+00  8.8196923677918343e-02  1.2253852350073262e+00  1.516174e-02  6.894444e+00 -1.746970e-01  8.061688e+01 -2.412443e+00  1.142263e+03  4.015539e+01  4.232806e+03  7.3687656755586943e+01
      2140  5.3500000000001364e+00  8.7890077609924150e-02  1.2293617903494549e+00  2.723356e-02  6.912824e+00  1.201526e-01  8.112721e+01  4.072159e+00  1.154868e+03  4.005037e+01  4.192514e+03  7.4271728033033042e+01
      2150  5.3750000000001403e+00  8.7582254431820383e-02  1.2332015133284642e+00  3.942840e-02  6.931236e+00  4.205902e-01  8.165268e+01  1.074200e+01  1.168153e+03  3.991178e+01  4.146934e+03  7.4834407725114517e+01
      2160  5.4000000000001442e+00  8.7273488775511665e-02  1.2369010511958294e+00  5.170576e-02  6.949620e+00  7.256406e-01  8.219178e+01  1.757709e+01  1.182101e+03  3.974252e+01  4.096785e+03  7.5375342182766730e+01
      2170  5.4250000000001481e+00  8.6963816083764606e-02  1.2404572719891018e+00  6.402657e-02  6.967914e+00  1.034322e+00  8.274291e+01  2.455644e+01  1.196691e+03  3.954549e+01  4.042771e+03  7.5894220570526159e+01
      2180  5.4500000000001521e+00  8.6653272553613422e-02  1.2438672754164184e+00  7.635343e-02  6.986054e+00  1.345657e+00  8.330434e+01  3.165830e+01  1.211895e+03  3.932358e+01  3.985562e+03  7.6390775616764344e+01
      2190  5.4750000000001560e+00  8.6341895077221967e-02  1.2471284023720406e+00  8.865086e-02  7.003979e+00  1.658677e+00  8.387424e+01  3.886035e+01  1.227680e+03  3.907960e+01  3.925793e+03  7.6864784136334748e+01
      2200  5.5000000000001599e+00  8.6029721180534119e-02  1.2502382430374717e+00  1.008855e-01  7.021627e+00  1.972435e+00  8.445070e+01  4.613991e+01  1.244005e+03  3.881625e+01  3.864052e+03  7.7316067316529228e+01
      2210  5.5250000000001638e+00  8.5716788960088802e-02  1.2531946435390355e+00  1.130261e-01  7.038937e+00  2.286010e+00  8.503171e+01  5.347415e+01  1.260826e+03  3.853612e+01  3.800874e+03  7.7744490762387500e+01
      2220  5.5500000000001677e+00  8.5403137018339931e-02  1.2559957111476285e+00  1.250440e-01  7.055851e+00  2.598514e+00  8.561521e+01  6.084028e+01  1.278090e+03  3.824164e+01  3.736739e+03  7.8149964302738326e+01
      2230  5.5750000000001716e+00  8.5088804397870046e-02  1.2586398180207488e+00  1.369128e-01  7.072313e+00  2.909098e+00  8.619907e+01  6.821573e+01  1.295738e+03  3.793509e+01  3.672065e+03  7.8532441563598042e+01
      2240  5.6000000000001755e+00  8.4773830514847770e-02  1.2611256035007623e+00  1.486087e-01  7.088270e+00  3.216962e+00  8.678112e+01  7.557833e+01  1.313706e+03  3.761856e+01  3.607214e+03  7.8891919320456026e+01
      2250  5.6250000000001794e+00  8.4458255092085363e-02  1.2634519749950310e+00  1.601103e-01  7.103670e+00  3.521350e+00  8.735916e+01  8.290643e+01  1.331926e+03  3.729396e+01  3.542490e+03  7.9228436645312087e+01
      2260  5.6500000000001833e+00  8.4142118092056614e-02  1.2656181074751771e+00  1.713988e-01  7.118466e+00  3.821561e+00  8.793099e+01  9.017910e+01  1.350322e+03  3.696301e+01  3.478143e+03  7.9542073867990297e+01
      2270  5.6750000000001872e+00  8.3825459650202258e-02  1.2676234416421923e+00  1.824579e-01  7.132613e+00  4.116950e+00  8.849439e+01  9.737619e+01  1.368817e+03  3.662725e+01  3.414371e+03  7.9832951374071712e+01
      2280  5.7000000000001911e+00  8.3508320008856649e-02  1.2694676808123833e+00  1.932736e-01  7.146070e+00  4.406927e+00  8.904720e+01  1.044785e+02  1.387328e+03  3.628806e+01  3.351329e+03  8.0101228263580310e+01
      2290  5.7250000000001950e+00  8.3190739452115386e-02  1.2711507865872589e+00  2.038344e-01  7.158799e+00  4.690961e+00  8.958729e+01  1.114679e+02  1.405773e+03  3.594663e+01  3.289130e+03  8.0347100895515155e+01
      2300  5.7500000000001990e+00  8.2872758241918990e-02  1.2726729733752116e+00  2.141309e-01  7.170767e+00  4.968580e+00  9.011259e+01  1.183273e+02  1.424067e+03  3.560401e+01  3.227855e+03  8.0570801343003268e+01
      2310  5.7750000000002029e+00  8.2554416555649671e-02  1.2740347018386449e+00  2.241560e-01  7.181943e+00  5.239366e+00  9.062115e+01  1.250408e+02  1.442127e+03  3.526109e+01  3.167557e+03  8.0772595782781423e+01
      2320  5.8000000000002068e+00  8.2235754425495827e-02  1.2752366713436749e+00  2.339045e-01  7.192300e+00  5.502963e+00  9.111111e+01  1.315940e+02  1.459869e+03  3.491866e+01  3.108264e+03  8.0952782840499722e+01
      2330  5.8250000000002107e+00  8.1916811679811019e-02  1.2762798114926515e+00  2.433732e-01  7.201817e+00  5.759067e+00  9.158073e+01  1.379735e+02  1.477214e+03  3.457738e+01  3.049990e+03  8.1111691910483188e+01
      2340  5.8500000000002146e+00  8.1597627886703702e-02  1.2771652728215306e+00  2.525606e-01  7.210475e+00  6.007431e+00  9.202844e+01  1.441674e+02  1.494085e+03  3.423781e+01  2.992737e+03  8.1249681465038108e+01
      2350  5.8750000000002185e+00  8.1278242300053663e-02  1.2778944167464195e+00  2.614669e-01  7.218260e+00  6.247856e+00  9.245283e+01  1.501654e+02  1.510410e+03  3.390046e+01  2.936498e+03  8.1367137364447487e+01
      2360  5.9000000000002224e+00  8.0958693808110854e-02  1.2784688048442057e+00  2.700937e-01  7.225162e+00  6.480197e+00  9.285264e+01  1.559583e+02  1.526123e+03  3.356572e+01  2.881263e+03  8.1464471174805837e+01
      2370  5.9250000000002263e+00  8.0639020884865492e-02  1.2788901875528789e+00  2.784441e-01  7.231175e+00  6.704353e+00  9.322682e+01  1.615386e+02  1.541164e+03  3.323399e+01  2.827020e+03  8.1542118496811440e+01
      2380  5.9500000000002302e+00  8.0319261544294904e-02  1.2791604923779589e+00  2.865224e-01  7.236298e+00  6.920272e+00  9.357449e+01  1.669001e+02  1.555479e+03  3.290557e+01  2.773761e+03  8.1600537305103444e+01
      2390  5.9750000000002341e+00  7.9999453297621065e-02  1.2792818116909483e+00  2.943337e-01  7.240533e+00  7.127938e+00  9.389497e+01  1.720380e+02  1.569023e+03  3.258076e+01  2.721478e+03  8.1640206294651549e+01
      2400  6.0000000000002380e+00  7.9679633113654502e-02  1.2792563902060476e+00  3.018845e-01  7.243885e+00  7.327381e+00  9.418777e+01  1.769492e+02  1.581757e+03  3.225982e+01  2.670171e+03  8.1661623228425526e+01
      2410  6.0250000000002419e+00  7.9359837382293505e-02  1.2790866122201661e+00  3.091818e-01  7.246364e+00  7.518662e+00  9.445261e+01  1.816315e+02  1.593651e+03  3.194302e+01  2.619843e+03  8.1665303279070372e+01
      2420  6.0500000000002458e+00  7.9040101881257083e-02  1.2787749887013680e+00  3.162336e-01  7.247984e+00  7.701879e+00  9.468937e+01  1.860844e+02  1.604682e+03  3.163059e+01  2.570503e+03  8.1651777356770282e+01
      2430  6.0750000000002498e+00  7.8720461746029521e-02  1.2783241443079740e+00  3.230481e-01  7.248761e+00  7.877159e+00  9.489810e+01  1.903085e+02  1.614834e+03  3.132277e+01  2.522168e+03  8.1621590415755108e+01
      2440  6.1000000000002537e+00  7.8400951443064165e-02  1.2777368044207287e+00  3.296344e-01  7.248713e+00  8.044658e+00  9.507906e+01  1.943054e+02  1.624100e+03  3.101980e+01  2.474857e+03  8.1575299733059808e+01
      2450  6.1250000000002576e+00  7.8081604746219904e-02  1.2770157822662238e+00  3.360018e-01  7.247864e+00  8.204554e+00  9.523263e+01  1.980782e+02  1.632480e+03  3.072192e+01  2.428596e+03  8.1513473154924185e+01
      2460  6.1500000000002615e+00  7.7762454716389887e-02  1.2761639662078847e+00  3.421600e-01  7.246237e+00  8.357050e+00  9.535933e+01  2.016307e+02  1.639979e+03  3.042935e+01  2.383414e+03  8.1436687308630681e+01
      2470  6.1750000000002654e+00  7.7443533684288662e-02  1.2751843072769200e+00  3.481188e-01  7.243859e+00  8.502367e+00  9.545983e+01  2.049678e+02  1.646608e+03  3.014233e+01  2.339344e+03  8.1345525780303547e+01
      2480  6.2000000000002693e+00  7.7124873236302099e-02  1.2740798070114452e+00  3.538881e-01  7.240758e+00  8.640742e+00  9.553490e+01  2.080951e+02  1.652386e+03  2.986112e+01  2.296420e+03  8.1240577262151703e+01
      2490  6.2250000000002732e+00  7.6806504203359993e-02  1.2728535056671539e+00  3.594782e-01  7.236963e+00  8.772427e+00  9.558541e+01  2.110190e+02  1.657334e+03  2.958593e+01  2.254680e+03  8.1122433675545665e+01
      2500  6.2500000000002771e+00  7.6488456652672593e-02  1.2715084708574025e+00  3.648990e-01  7.232506e+00  8.897682e+00  9.561233e+01  2.137465e+02  1.661479e+03  2.931702e+01  2.214159e+03  8.0991688279114300e+01
      2510  6.2750000000002810e+00  7.6170759882269873e-02  1.2700477866749544e+00  3.701606e-01  7.227418e+00  9.016779e+00  9.561667e+01  2.162852e+02  1.664851e+03  2.905461e+01  2.174895e+03  8.0848933773505195e+01
      2520  6.3000000000002849e+00  7.5853442418185424e-02  1.2684745433411109e+00  3.752730e-01  7.221731e+00  9.129994e+00  9.559950e+01  2.186429e+02  1.667482e+03  2.879893e+01  2.136921e+03  8.0694760416463481e+01
      2530  6.3250000000002888e+00  7.5536532014157665e-02  1.2667918274212868e+00  3.802458e-01  7.215477e+00  9.237606e+00  9.556195e+01  2.208281e+02  1.669408e+03  2.855020e+01  2.100271e+03  8.0529754163366647e+01
      2540  6.3500000000002927e+00  7.5220055653708567e-02  1.2650027126397339e+00  3.850887e-01  7.208690e+00  9.339898e+00  9.550516e+01  2.228493e+02  1.670665e+03  2.830863e+01  2.064976e+03  8.0354494849304800e+01
      2550  6.3750000000002967e+00  7.4904039554435281e-02  1.2631102513185295e+00  3.898111e-01  7.201400e+00  9.437151e+00  9.543028e+01  2.247151e+02  1.671292e+03  2.807442e+01  2.031062e+03  8.0169554429101041e+01
      2560  6.4000000000003006e+00  7.4588509174366172e-02  1.2611174664599543e+00  3.944220e-01  7.193640e+00  9.529643e+00  9.533847e+01  2.264342e+02  1.671328e+03  2.784775e+01  1.998554e+03  7.9975495291407384e+01
      2570  6.4250000000003045e+00  7.4273489220207267e-02  1.2590273444841658e+00  3.989301e-01  7.185440e+00  9.617650e+00  9.523087e+01  2.280153e+02  1.670811e+03  2.762878e+01  1.967469e+03  7.9772868662219551e+01
      2580  6.4500000000003084e+00  7.3959003657332018e-02  1.2568428286277959e+00  4.033440e-01  7.176831e+00  9.701439e+00  9.510862e+01  2.294672e+02  1.669781e+03  2.741767e+01  1.937823e+03  7.9562213111885114e+01
      2590  6.4750000000003123e+00  7.3645075721330736e-02  1.2545668130034839e+00  4.076718e-01  7.167842e+00  9.781274e+00  9.497282e+01  2.307982e+02  1.668274e+03  2.721454e+01  1.909627e+03  7.9344053177955089e+01
      2600  6.5000000000003162e+00  7.3331727930966734e-02  1.2522021373142604e+00  4.119213e-01  7.158502e+00  9.857407e+00  9.482454e+01  2.320167e+02  1.666330e+03  2.701950e+01  1.882886e+03  7.9118898114280228e+01
      2610  6.5250000000003201e+00  7.3018982102368596e-02  1.2497515822121010e+00  4.161000e-01  7.148836e+00  9.930083e+00  9.466482e+01  2.331305e+02  1.663983e+03  2.683261e+01  1.857601e+03  7.8887240774465454e+01
      2620  6.5500000000003240e+00  7.2706859364313953e-02  1.2472178652851733e+00  4.202147e-01  7.138870e+00  9.999536e+00  9.449464e+01  2.341475e+02  1.661268e+03  2.665395e+01  1.833767e+03  7.8649556635472265e+01
      2630  6.5750000000003279e+00  7.2395380174426094e-02  1.2446036376544281e+00  4.242724e-01  7.128629e+00  1.006599e+01  9.431495e+01  2.350748e+02  1.658219e+03  2.648353e+01  1.811376e+03  7.8406302964778831e+01
      2640  6.6000000000003318e+00  7.2084564336160645e-02  1.2419114811569265e+00  4.282791e-01  7.118136e+00  1.012965e+01  9.412662e+01  2.359196e+02  1.654866e+03  2.632136e+01  1.790414e+03  7.8157918132051947e+01
      2650  6.6250000000003357e+00  7.1774431016413981e-02  1.2391439060905036e+00  4.322409e-01  7.107410e+00  1.019072e+01  9.393050e+01  2.366884e+02  1.651240e+03  2.616742e+01  1.770863e+03  7.7904821064204569e+01
      2660  6.6500000000003396e+00  7.1464998763634685e-02  1.2363033494921203e+00  4.361633e-01  7.096473e+00  1.024939e+01  9.372736e+01  2.373873e+02  1.647366e+03  2.602165e+01  1.752699e+03  7.7647410840480177e+01
      2670  6.6750000000003435e+00  7.1156285526307608e-02  1.2333921739202800e+00  4.400514e-01  7.085342e+00  1.030582e+01  9.351792e+01  2.380220e+02  1.643272e+03  2.588397e+01  1.735897e+03  7.7386066422481278e+01
      2680  6.7000000000003475e+00  7.0848308671668553e-02  1.2304126667114927e+00  4.439100e-01  7.074033e+00  1.036019e+01  9.330285e+01  2.385979e+02  1.638980e+03  2.575427e+01  1.720424e+03  7.7121146512441101e+01
      2690  6.7250000000003514e+00  7.0541085004558066e-02  1.2273670396791643e+00  4.477436e-01  7.062561e+00  1.041264e+01  9.308274e+01  2.391199e+02  1.634511e+03  2.563242e+01  1.706246e+03  7.6852989531755270e+01
      2700  6.7500000000003553e+00  7.0234630786298505e-02  1.2242574292232762e+00  4.515561e-01  7.050941e+00  1.046330e+01  9.285815e+01  2.395922e+02  1.629886e+03  2.551825e+01  1.693324e+03  7.6581913710782572e+01
      2710  6.7750000000003592e+00  6.9928961753490129e-02  1.2210858968195888e+00  4.553512e-01  7.039184e+00  1.051230e+01  9.262956e+01  2.400191e+02  1.625120e+03  2.541156e+01  1.681615e+03  7.6308217280253416e+01
      2720  6.8000000000003631e+00  6.9624093136651660e-02  1.2178544298568019e+00  4.591324e-01  7.027300e+00  1.055975e+01  9.239741e+01  2.404039e+02  1.620231e+03  2.531215e+01  1.671073e+03  7.6032178754157073e+01
      2730  6.8250000000003670e+00  6.9320039678591711e-02  1.2145649427910437e+00  4.629026e-01  7.015299e+00  1.060575e+01  9.216207e+01  2.407500e+02  1.615231e+03  2.521977e+01  1.661649e+03  7.5754057293849286e+01
      2740  6.8500000000003709e+00  6.9016815652481439e-02  1.2112192785877833e+00  4.666646e-01  7.003189e+00  1.065039e+01  9.192387e+01  2.410602e+02  1.610132e+03  2.513416e+01  1.653293e+03  7.5474093143175139e+01
      2750  6.8750000000003748e+00  6.8714434879505432e-02  1.2078192104221568e+00  4.704206e-01  6.990975e+00  1.069376e+01  9.168310e+01  2.413368e+02  1.604945e+03  2.505502e+01  1.645949e+03  7.5192508124648441e+01
      2760  6.9000000000003787e+00  6.8412910746086852e-02  1.2043664436095940e+00  4.741728e-01  6.978664e+00  1.073591e+01  9.143997e+01  2.415819e+02  1.599676e+03  2.498204e+01  1.639560e+03  7.4909506187185428e+01
      2770  6.9250000000003826e+00  6.8112256220577427e-02  1.2008626177398973e+00  4.779230e-01  6.966259e+00  1.077691e+01  9.119467e+01  2.417973e+02  1.594334e+03  2.491490e+01  1.634069e+03  7.4625273996396544e+01
      2780  6.9500000000003865e+00  6.7812483869411272e-02  1.1973093089894244e+00  4.816726e-01  6.953764e+00  1.081681e+01  9.094733e+01  2.419845e+02  1.588923e+03  2.485326e+01  1.629413e+03  7.4339981559108693e+01
      2790  6.9750000000003904e+00  6.7513605872648319e-02  1.1937080325862928e+00  4.854229e-01  6.941179e+00  1.085566e+01  9.069805e+01  2.421446e+02  1.583448e+03  2.479674e+01  1.625530e+03  7.4053782874452452e+01
      2800  7.0000000000003944e+00  6.7215634038891761e-02  1.1900602454059239e+00  4.891747e-01  6.928506e+00  1.089349e+01  9.044689e+01  2.422785e+02  1.577911e+03  2.474497e+01  1.622357e+03  7.3766816604574160e+01
      2810  7.0250000000003983e+00  6.6918579819537499e-02  1.1863673486748303e+00  4.929288e-01  6.915745e+00  1.093032e+01  9.019387e+01  2.423868e+02  1.572313e+03  2.469756e+01  1.619828e+03  7.3479206758705402e+01
      2820  7.0500000000004022e+00  6.6622454322345412e-02  1.1826306907616499e+00  4.966854e-01  6.902895e+00  1.096618e+01  8.993898e+01  2.424700e+02  1.566655e+03  2.465411e+01  1.617877e+03  7.3191063385057788e+01
      2830  7.0750000000004061e+00  6.6327268324289632e-02  1.1788515700362832e+00  5.004449e-01  6.889955e+00  1.100108e+01  8.968217e+01  2.425283e+02  1.560936e+03  2.461421e+01  1.616439e+03  7.2902483265572499e+01
      2840  7.1000000000004100e+00  6.6033032283699084e-02  1.1750312377787093e+00  5.042070e-01  6.876922e+00  1.103504e+01  8.942339e+01  2.425618e+02  1.555154e+03  2.457746e+01  1.615447e+03  7.2613550609207664e+01
      2850  7.1250000000004139e+00  6.5739756351665180e-02  1.1711709011202114e+00  5.079715e-01  6.863794e+00  1.106806e+01  8.916252e+01  2.425704e+02  1.549308e+03  2.454342e+01  1.614833e+03  7.2324337739928637e+01
      2860  7.1500000000004178e+00  6.5447450382705566e-02  1.1672717260015841e+00  5.117377e-01  6.850567e+00  1.110014e+01  8.889947e+01  2.425538e+02  1.543395e+03  2.451169e+01  1.614531e+03  7.2034905776070488e+01
      2870  7.1750000000004217e+00  6.5156123944691891e-02  1.1633348401331580e+00  5.155047e-01  6.837238e+00  1.113128e+01  8.863409e+01  2.425118e+02  1.537410e+03  2.448185e+01  1.614477e+03  7.1745305298141702e+01
      2880  7.2000000000004256e+00  6.4865786328040118e-02  1.1593613359436281e+00  5.192717e-01  6.823803e+00  1.116147e+01  8.836624e+01  2.424440e+02  1.531350e+03  2.445347e+01  1.614604e+03  7.1455577002527818e+01
      2890  7.2250000000004295e+00  6.4576446554164724e-02  1.1553522735046931e+00  5.230372e-01  6.810257e+00  1.119070e+01  8.809576e+01  2.423496e+02  1.525210e+03  2.442615e+01  1.614849e+03  7.1165752338880537e+01
      2900  7.2500000000004334e+00  6.4288113383202353e-02  1.1513086834208635e+00  5.267997e-01  6.796597e+00  1.121897e+01  8.782248e+01  2.422284e+02  1.518986e+03  2.439947e+01  1.615150e+03  7.0875854129308408e+01
      2910  7.2750000000004373e+00  6.4000795321028425e-02  1.1472315696738502e+00  5.305575e-01  6.782817e+00  1.124624e+01  8.754623e+01  2.420795e+02  1.512673e+03  2.437305e+01  1.615445e+03  7.0585897167744079e+01
      2920  7.3000000000004412e+00  6.3714500625555337e-02  1.1431219124127248e+00  5.343086e-01  6.768914e+00  1.127251e+01  8.726681e+01  2.419023e+02  1.506265e+03  2.434648e+01  1.615677e+03  7.0295888798201091e+01
      2930  7.3250000000004452e+00  6.3429237312354614e-02  1.1389806706815921e+00  5.380508e-01  6.754884e+00  1.129777e+01  8.698405e+01  2.416962e+02  1.499757e+03  2.431940e+01  1.615789e+03  7.0005829470863858e+01
      2940  7.3500000000004491e+00  6.3145013159592950e-02  1.1348087850777171e+00  5.417817e-01  6.740722e+00  1.132197e+01  8.669778e+01  2.414605e+02  1.493145e+03  2.429143e+01  1.615725e+03  6.9715713275294576e+01
      2950  7.3750000000004530e+00  6.2861835712324066e-02  1.1306071803339430e+00  5.454987e-01  6.726424e+00  1.134511e+01  8.640780e+01  2.411945e+02  1.486424e+03  2.426223e+01  1.615435e+03  6.9425528450295758e+01
      2960  7.4000000000004569e+00  6.2579712286140843e-02  1.1263767678201067e+00  5.491990e-01  6.711987e+00  1.136716e+01  8.611394e+01  2.408975e+02  1.479588e+03  2.423145e+01  1.614869e+03  6.9135257870315513e+01
      2970  7.4250000000004608e+00  6.2298649970205976e-02  1.1221184479587867e+00  5.528795e-01  6.697408e+00  1.138809e+01  8.581605e+01  2.405689e+02  1.472632e+03  2.419877e+01  1.613982e+03  6.8844879508551927e+01
      2980  7.4500000000004647e+00  6.2018655629703906e-02  1.1178331125515550e+00  5.565369e-01  6.682684e+00  1.140788e+01  8.551396e+01  2.402080e+02  1.465554e+03  2.416390e+01  1.612729e+03  6.8554366877287947e+01
      2990  7.4750000000004686e+00  6.1739735907709939e-02  1.1135216470124210e+00  5.601679e-01  6.667812e+00  1.142650e+01  8.520753e+01  2.398143e+02  1.458348e+03  2.412654e+01  1.611072e+03  6.8263689446239155e+01
      3000  7.5000000000004725e+00  6.1461897226517979e-02  1.1091849325060550e+00  5.637688e-01  6.652792e+00  1.144391e+01  8.489661e+01  2.393872e+02  1.451011e+03  2.408642e+01  1.608972e+03  6.7972813040071614e+01
      3010  7.5250000000004764e+00  6.1185145788448150e-02  1.1048238479878629e+00  5.673358e-01  6.637621e+00  1.146010e+01  8.458111e+01  2.389263e+02  1.443541e+03  2.404329e+01  1.606397e+03  6.7681700216478418e+01
      3020  7.5500000000004803e+00  6.0909487576151999e-02  1.1004392721448584e+00  5.708650e-01  6.622299e+00  1.147503e+01  8.426090e+01  2.384310e+02  1.435933e+03  2.399693e+01  1.603317e+03  6.7390310626539801e+01
      3030  7.5750000000004842e+00  6.0634928352449095e-02  1.0960320852348850e+00  5.743522e-01  6.606825e+00  1.148868e+01  8.393590e+01  2.379010e+02  1.428187e+03  2.394713e+01  1.599705e+03  6.7098601359278064e+01
      3040  7.6000000000004881e+00  6.0361473659713408e-02  1.0916031708234331e+00  5.777932e-01  6.591201e+00  1.150100e+01  8.360603e+01  2.373359e+02  1.420300e+03  2.389368e+01  1.595537e+03  6.6806527272575835e+01
      3050  7.6250000000004921e+00  6.0089128818843374e-02  1.0871534174162911e+00  5.811836e-01  6.575427e+00  1.151197e+01  8.327124e+01  2.367355e+02  1.412270e+03  2.383642e+01  1.590794e+03  6.6514041312770487e+01
      3060  7.6500000000004960e+00  5.9817898927827087e-02  1.0826837199871489e+00  5.845188e-01  6.559505e+00  1.152157e+01  8.293149e+01  2.360995e+02  1.404099e+03  2.377521e+01  1.585460e+03  6.6221094825375019e+01
      3070  7.6750000000004999e+00  5.9547788859954313e-02  1.0781949813988179e+00  5.877942e-01  6.543437e+00  1.152975e+01  8.258675e+01  2.354278e+02  1.395785e+03  2.370990e+01  1.579519e+03  6.5927637859469826e+01
      3080  7.7000000000005038e+00  5.9278803261672341e-02  1.0736881137168459e+00  5.910050e-01  6.527225e+00  1.153649e+01  8.223702e+01  2.347204e+02  1.387328e+03  2.364039e+01  1.572964e+03  6.5633619468319907e+01
      3090  7.7250000000005077e+00  5.9010946550130727e-02  1.0691640394144417e+00  5.941465e-01  6.510874e+00  1.154177e+01  8.188232e+01  2.339770e+02  1.378731e+03  2.356659e+01  1.565788e+03  6.5338988008774550e+01
      3100  7.7500000000005116e+00  5.8744222910447265e-02  1.0646236924670038e+00  5.972138e-01  6.494387e+00  1.154554e+01  8.152267e+01  2.331979e+02  1.369993e+03  2.348842e+01  1.557986e+03  6.5043691441942201e+01
      3110  7.7750000000005155e+00  5.8478636292698997e-02  1.0600680193354290e+00  6.002020e-01  6.477768e+00  1.154778e+01  8.115813e+01  2.323831e+02  1.361118e+03  2.340584e+01  1.549558e+03  6.4747677637515110e+01
      3120  7.8000000000005194e+00  5.8214190408696478e-02  1.0554979798356774e+00  6.031061e-01  6.461023e+00  1.154846e+01  8.078874e+01  2.315327e+02  1.352107e+03  2.331880e+01  1.540507e+03  6.4450894683958367e+01
      3130  7.8250000000005233e+00  5.7950888728545973e-02  1.0509145478939832e+00  6.059211e-01  6.444155e+00  1.154755e+01  8.041460e+01  2.306469e+02  1.342964e+03  2.322729e+01  1.530837e+03  6.4153291206560127e+01
      3140  7.8500000000005272e+00  5.7688734477036943e-02  1.0463187121850011e+00  6.086422e-01  6.427172e+00  1.154503e+01  8.003578e+01  2.297261e+02  1.333691e+03  2.313131e+01  1.520557e+03  6.3854816695119140e+01
      3150  7.8750000000005311e+00  5.7427730629898650e-02  1.0417114766515096e+00  6.112644e-01  6.410079e+00  1.154088e+01  7.965241e+01  2.287706e+02  1.324294e+03  2.303088e+01  1.509676e+03  6.3555421842711276e+01
      3160  7.9000000000005350e+00  5.7167879909911776e-02  1.0370938609036457e+00  6.137829e-01  6.392882e+00  1.153505e+01  7.926459e+01  2.277806e+02  1.314775e+03  2.292603e+01  1.498208e+03  6.3255058896703147e+01
      3170  7.9250000000005389e+00  5.6909184782973216e-02  1.0324669004954117e+00  6.161928e-01  6.375588e+00  1.152755e+01  7.887246e+01  2.267568e+02  1.305140e+03  2.281681e+01  1.486168e+03  6.2953682022753362e+01
      3180  7.9500000000005429e+00  5.6651647454079676e-02  1.0278316470767639e+00  6.184895e-01  6.358203e+00  1.151833e+01  7.847617e+01  2.256995e+02  1.295393e+03  2.270329e+01  1.473571e+03  6.2651247682216905e+01
      3190  7.9750000000005468e+00  5.6395269863297112e-02  1.0231891684191075e+00  6.206684e-01  6.340734e+00  1.150738e+01  7.807586e+01  2.246093e+02  1.285540e+03  2.258554e+01  1.460437e+03  6.2347715022929997e+01
      3200  8.0000000000005507e+00  5.6140053681746516e-02  1.0185405483123766e+00  6.227249e-01  6.323188e+00  1.149469e+01  7.767170e+01  2.234868e+02  1.275586e+03  2.246364e+01  1.446787e+03  6.2043046282900960e+01
      3210  8.0250000000005457e+00  5.5886000307622107e-02  1.0138868863319241e+00  6.246548e-01  6.305573e+00  1.148023e+01  7.726385e+01  2.223325e+02  1.265537e+03  2.233771e+01  1.432642e+03  6.1737207206070309e+01
      3220  8.0500000000005407e+00  5.5633110862285375e-02  1.0092292974737929e+00  6.264539e-01  6.287894e+00  1.146399e+01  7.685249e+01  2.211472e+02  1.255398e+03  2.220786e+01  1.418025e+03  6.1430167468787900e+01
      3230  8.0750000000005357e+00  5.5381386186476700e-02  1.0045689116567189e+00  6.281181e-01  6.270161e+00  1.144595e+01  7.643781e+01  2.199314e+02  1.245176e+03  2.207421e+01  1.402961e+03  6.1121901115279115e+01
      3240  8.1000000000005308e+00  5.5130826836653921e-02  9.9990687309025916e-01  6.296438e-01  6.252378e+00  1.142611e+01  7.601998e+01  2.186860e+02  1.234876e+03  2.193688e+01  1.387476e+03  6.0812386999948849e+01
      3250  8.1250000000005258e+00  5.4881433081519215e-02  9.9524433950789581e-01  6.310273e-01  6.234554e+00  1.140446e+01  7.559921e+01  2.174117e+02  1.224506e+03  2.179603e+01  1.371596e+03  6.0501609233969802e+01
      3260  8.1500000000005208e+00  5.4633204898741280e-02  9.9058248126525461e-01  6.322652e-01  6.216696e+00  1.138098e+01  7.517567e+01  2.161092e+02  1.214070e+03  2.165179e+01  1.355347e+03  6.0189557633260456e+01
      3270  8.1750000000005159e+00  5.4386141971934560e-02  9.8592248030330709e-01  6.333545e-01  6.198810e+00  1.135568e+01  7.474958e+01  2.147793e+02  1.203576e+03  2.150432e+01  1.338757e+03  5.9876228164615718e+01
      3280  8.2000000000005109e+00  5.4140243687898840e-02  9.8126552897725139e-01  6.342922e-01  6.180902e+00  1.132855e+01  7.432112e+01  2.134228e+02  1.193030e+03  2.135378e+01  1.321854e+03  5.9561623386496343e+01
      3290  8.2250000000005059e+00  5.3895509134181854e-02  9.7661282875222266e-01  6.350759e-01  6.162981e+00  1.129958e+01  7.389049e+01  2.120406e+02  1.182438e+03  2.120032e+01  1.304665e+03  5.9245752880734315e+01
      3300  8.2500000000005009e+00  5.3651937096974592e-02  9.7196558876755590e-01  6.357031e-01  6.145051e+00  1.126879e+01  7.345788e+01  2.106334e+02  1.171807e+03  2.104412e+01  1.287218e+03  5.8928633671237918e+01
      3310  8.2750000000004960e+00  5.3409526059389777e-02  9.6732502427178524e-01  6.361719e-01  6.127119e+00  1.123617e+01  7.302349e+01  2.092022e+02  1.161141e+03  2.088534e+01  1.269541e+03  5.8610290625662984e+01
      3320  8.3000000000004910e+00  5.3168274200142210e-02  9.6269235493117677e-01  6.364806e-01  6.109192e+00  1.120173e+01  7.258751e+01  2.077478e+02  1.150449e+03  2.072414e+01  1.251661e+03  5.8290756835921059e+01
      3330  8.3250000000004860e+00  5.2928179392664455e-02  9.5806880301545572e-01  6.366276e-01  6.091275e+00  1.116547e+01  7.215012e+01  2.062710e+02  1.139734e+03  2.056070e+01  1.233604e+03  5.7970073973410052e+01
      3340  8.3500000000004810e+00  5.2689239204700145e-02  9.5345559146444603e-01  6.366121e-01  6.073375e+00  1.112742e+01  7.171152e+01  2.047726e+02  1.129004e+03  2.039518e+01  1.215398e+03  5.7648292614846952e+01
      3350  8.3750000000004761e+00  5.2451450898388541e-02  9.4885394184041949e-01  6.364331e-01  6.055497e+00  1.108757e+01  7.127188e+01  2.032536e+02  1.118263e+03  2.022775e+01  1.197066e+03  5.7325472534697283e+01
      3360  8.4000000000004711e+00  5.2214811430875585e-02  9.4426507217139433e-01  6.360903e-01  6.037647e+00  1.104595e+01  7.083139e+01  2.017148e+02  1.107517e+03  2.005856e+01  1.178636e+03  5.7001682960305999e+01
      3370  8.4250000000004661e+00  5.1979317455477451e-02  9.3969019469099335e-01  6.355836e-01  6.019831e+00  1.100257e+01  7.039021e+01  2.001570e+02  1.096771e+03  1.988779e+01  1.160129e+03  5.6677002785991760e+01
      3380  8.4500000000004611e+00  5.1744965323425665e-02  9.3513051348150622e-01  6.349133e-01  6.002055e+00  1.095745e+01  6.994852e+01  1.985810e+02  1.086031e+03  1.971557e+01  1.141570e+03  5.6351520742572333e+01
      3390  8.4750000000004562e+00  5.1511751086202831e-02  9.3058722202673105e-01  6.340798e-01  5.984323e+00  1.091061e+01  6.950647e+01  1.969877e+02  1.075300e+03  1.954208e+01  1.122981e+03  5.6025335519025681e+01
      3400  8.5000000000004512e+00  5.1279670498510711e-02  9.2606150068247217e-01  6.330842e-01  5.966643e+00  1.086208e+01  6.906424e+01  1.953780e+02  1.064584e+03  1.936744e+01  1.104381e+03  5.5698555833207450e+01
      3410  8.5250000000004462e+00  5.1048719021874744e-02  9.2155451407230204e-01  6.319278e-01  5.949019e+00  1.081188e+01  6.862198e+01  1.937525e+02  1.053887e+03  1.919181e+01  1.085792e+03  5.5371300448848956e+01
      3420  8.5500000000004412e+00  5.0818891828910473e-02  9.1706740841729673e-01  6.306122e-01  5.931459e+00  1.076004e+01  6.817984e+01  1.921122e+02  1.043213e+03  1.901533e+01  1.067231e+03  5.5043698136300065e+01
      3430  8.5750000000004363e+00  5.0590183808262822e-02  9.1260130880913792e-01  6.291393e-01  5.913967e+00  1.070660e+01  6.773797e+01  1.904578e+02  1.032566e+03  1.883811e+01  1.048717e+03  5.4715887574796000e+01
      3440  8.6000000000004313e+00  5.0362589570235053e-02  9.0815731643533137e-01  6.275116e-01  5.896550e+00  1.065157e+01  6.729651e+01  1.887901e+02  1.021950e+03  1.866028e+01  1.030264e+03  5.4388017194292011e+01
      3450  8.6250000000004263e+00  5.0136103453113021e-02  9.0373650576756548e-01  6.257316e-01  5.879215e+00  1.059501e+01  6.685560e+01  1.871098e+02  1.011368e+03  1.848197e+01  1.011890e+03  5.4060244955218778e+01
      3460  8.6500000000004214e+00  4.9910719530203651e-02  8.9933992172324506e-01  6.238025e-01  5.861969e+00  1.053695e+01  6.641539e+01  1.854178e+02  1.000824e+03  1.830329e+01  9.936060e+02  5.3732738064789288e+01
      3470  8.6750000000004164e+00  4.9686431617573530e-02  8.9496857681135555e-01  6.217274e-01  5.844818e+00  1.047742e+01  6.597602e+01  1.837148e+02  9.903201e+02  1.812433e+01  9.754263e+02  5.3405672628797916e+01
      3480  8.7000000000004114e+00  4.9463233282511954e-02  8.9062344827476025e-01  6.195102e-01  5.827771e+00  1.041648e+01  6.553761e+01  1.820015e+02  9.798600e+02  1.794519e+01  9.573619e+02  5.3079233238116252e+01
      3490  8.7250000000004064e+00  4.9241117852704991e-02  8.8630547524054459e-01  6.171547e-01  5.810835e+00  1.035417e+01  6.510031e+01  1.802787e+02  9.694465e+02  1.776598e+01  9.394231e+02  5.2753612489433166e+01
      3500  8.7500000000004015e+00  4.9020078426114333e-02  8.8201555589155189e-01  6.146654e-01  5.794018e+00  1.029053e+01  6.466425e+01  1.785471e+02  9.590821e+02  1.758677e+01  9.216193e+02  5.2429010440035903e+01
      3510  8.7750000000003965e+00  4.8800107881565045e-02  8.7775454467224256e-01  6.120467e-01  5.777331e+00  1.022562e+01  6.422957e+01  1.768075e+02  9.487694e+02  1.740765e+01  9.039584e+02  5.2105633996795135e+01
      3520  8.8000000000003915e+00  4.8581198890026447e-02  8.7352324954269411e-01  6.093036e-01  5.760781e+00  1.015949e+01  6.379641e+01  1.750607e+02  9.385108e+02  1.722869e+01  8.864478e+02  5.1783696239797585e+01
      3530  8.8250000000003865e+00  4.8363343926568866e-02  8.6932242929493464e-01  6.064412e-01  5.744379e+00  1.009221e+01  6.336491e+01  1.733074e+02  9.283088e+02  1.704996e+01  8.690934e+02  5.1463415681453199e+01
      3540  8.8500000000003816e+00  4.8146535282980539e-02  8.6515279094675557e-01  6.034650e-01  5.728135e+00  1.002382e+01  6.293522e+01  1.715483e+02  9.181654e+02  1.687152e+01  8.519007e+02  5.1145015462242569e+01
      3550  8.8750000000003766e+00  4.7930765081030731e-02  8.6101498722792535e-01  6.003806e-01  5.712061e+00  9.954389e+00  6.250748e+01  1.697843e+02  9.080831e+02  1.669344e+01  8.348741e+02  5.0828722484679894e+01
      3560  8.9000000000003716e+00  4.7716025286345540e-02  8.5690961417480449e-01  5.971940e-01  5.696167e+00  9.883988e+00  6.208187e+01  1.680162e+02  8.980640e+02  1.651578e+01  8.180171e+02  5.0514766487504552e+01
      3570  8.9250000000003666e+00  4.7502307722864859e-02  8.5283720884936054e-01  5.939113e-01  5.680466e+00  9.812683e+00  6.165853e+01  1.662448e+02  8.881103e+02  1.633859e+01  8.013329e+02  5.0203379062542055e+01
      3580  8.9500000000003617e+00  4.7289604087857318e-02  8.4879824719893615e-01  5.905389e-01  5.664971e+00  9.740546e+00  6.123765e+01  1.644709e+02  8.782242e+02  1.616193e+01  7.848237e+02  4.9894792617212772e+01
      3590  8.9750000000003567e+00  4.7077905967455605e-02  8.4479314207350242e-01  5.870833e-01  5.649694e+00  9.667651e+00  6.081940e+01  1.626954e+02  8.684080e+02  1.598583e+01  7.684913e+02  4.9589239286208965e+01
      3600  9.0000000000003517e+00  4.6867204852654679e-02  8.4082224141695683e-01  5.835512e-01  5.634650e+00  9.594077e+00  6.040396e+01  1.609192e+02  8.586642e+02  1.581037e+01  7.523371e+02  4.9286949796393039e+01
      3610  9.0250000000003467e+00  4.6657492155747396e-02  8.3688582664926869e-01  5.799494e-01  5.619853e+00  9.519904e+00  5.999155e+01  1.591434e+02  8.489950e+02  1.563559e+01  7.363622e+02  4.8988152289649506e+01
      3620  9.0500000000003418e+00  4.6448759227134977e-02  8.3298411125588245e-01  5.762849e-01  5.605316e+00  9.445216e+00  5.958237e+01  1.573688e+02  8.394032e+02  1.546154e+01  7.205670e+02  4.8693071109061577e+01
      3630  9.0750000000003368e+00  4.6240997372466494e-02  8.2911723960048556e-01  5.725649e-01  5.591056e+00  9.370100e+00  5.917664e+01  1.555965e+02  8.298914e+02  1.528828e+01  7.049522e+02  4.8401925554432069e+01
      3640  9.1000000000003318e+00  4.6034197870039192e-02  8.2528528597695938e-01  5.687964e-01  5.577086e+00  9.294646e+00  5.877459e+01  1.538276e+02  8.204624e+02  1.511586e+01  6.895182e+02  4.8114928613933181e+01
      3650  9.1250000000003268e+00  4.5828351988411245e-02  8.2148825391508518e-01  5.649868e-01  5.563423e+00  9.218945e+00  5.837647e+01  1.520633e+02  8.111195e+02  1.494436e+01  6.742652e+02  4.7832285679357184e+01
      3660  9.1500000000003219e+00  4.5623451004151078e-02  8.1772607575424927e-01  5.611432e-01  5.550081e+00  9.143094e+00  5.798253e+01  1.503047e+02  8.018658e+02  1.477384e+01  6.591938e+02  4.7554193253152519e+01
      3670  9.1750000000003169e+00  4.5419486219658724e-02  8.1399861249764272e-01  5.572731e-01  5.537076e+00  9.067188e+00  5.759303e+01  1.485530e+02  7.927049e+02  1.460437e+01  6.443044e+02  4.7280837656182001e+01
      3680  9.2000000000003119e+00  4.5216448980988581e-02  8.1030565395858878e-01  5.533836e-01  5.524423e+00  8.991328e+00  5.720826e+01  1.468097e+02  7.836404e+02  1.443605e+01  6.295979e+02  4.7012393745757748e+01
      3690  9.2250000000003070e+00  4.5014330695595503e-02  8.0664691920850617e-01  5.494822e-01  5.512138e+00  8.915615e+00  5.682851e+01  1.450760e+02  7.746765e+02  1.426895e+01  6.150756e+02  4.6749023654182650e+01
      3700  9.2500000000003020e+00  4.4813122849936236e-02  8.0302205733448195e-01  5.455760e-01  5.500234e+00  8.840153e+00  5.645407e+01  1.433534e+02  7.658174e+02  1.410318e+01  6.007390e+02  4.6490875558580456e+01
      3710  9.2750000000002970e+00  4.4612817026833382e-02  7.9943064851229151e-01  5.416721e-01  5.488727e+00  8.765046e+00  5.608525e+01  1.416434e+02  7.570675e+02  1.393885e+01  5.865901e+02  4.6238082493252946e+01
      3720  9.3000000000002920e+00  4.4413404922539451e-02  7.9587220539828074e-01  5.377777e-01  5.477628e+00  8.690401e+00  5.572237e+01  1.399476e+02  7.484319e+02  1.377608e+01  5.726317e+02  4.5990761216203637e+01
      3730  9.3250000000002871e+00  4.4214878363408122e-02  7.9234617484108272e-01  5.338998e-01  5.466952e+00  8.616323e+00  5.536574e+01  1.382675e+02  7.399155e+02  1.361500e+01  5.588671e+02  4.5749011141682999e+01
      3740  9.3500000000002821e+00  4.4017229322098790e-02  7.8885193991177549e-01  5.300451e-01  5.456710e+00  8.542920e+00  5.501571e+01  1.366050e+02  7.315237e+02  1.345575e+01  5.453003e+02  4.5512913350709255e+01
      3750  9.3750000000002771e+00  4.3820449933236992e-02  7.8538882224761530e-01  5.262203e-01  5.446913e+00  8.470301e+00  5.467259e+01  1.349616e+02  7.232623e+02  1.329848e+01  5.319362e+02  4.5282529691482424e+01
      3760  9.4000000000002721e+00  4.3624532508442809e-02  7.8195608470276667e-01  5.224319e-01  5.437571e+00  8.398571e+00  5.433671e+01  1.333393e+02  7.151371e+02  1.314336e+01  5.187803e+02  4.5057901981309243e+01
      3770  9.4250000000002672e+00  4.3429469550671854e-02  7.7855293429480033e-01  5.186863e-01  5.428690e+00  8.327837e+00  5.400842e+01  1.317399e+02  7.071544e+02  1.299056e+01  5.058392e+02  4.4839051321275804e+01
      3780  9.4500000000002622e+00  4.3235253767770689e-02  7.7517852543489973e-01  5.149895e-01  5.420280e+00  8.258205e+00  5.368804e+01  1.301653e+02  6.993205e+02  1.284026e+01  4.931202e+02  4.4625977534225740e+01
      3790  9.4750000000002572e+00  4.3041878085198340e-02  7.7183196342462768e-01  5.113475e-01  5.412344e+00  8.189777e+00  5.337588e+01  1.286174e+02  6.916422e+02  1.269266e+01  4.806314e+02  4.4418658735803909e+01
      3800  9.5000000000002522e+00  4.2849335657841464e-02  7.6851230820100624e-01  5.077658e-01  5.404887e+00  8.122656e+00  5.307228e+01  1.270982e+02  6.841261e+02  1.254796e+01  4.683820e+02  4.4217051047246727e+01
      3810  9.5250000000002473e+00  4.2657619880865215e-02  7.6521857830788087e-01  5.042498e-01  5.397910e+00  8.056940e+00  5.277752e+01  1.256096e+02  6.767794e+02  1.240635e+01  4.563818e+02  4.4021088457401191e+01
      3820  9.5500000000002423e+00  4.2466724399540086e-02  7.6194975506938767e-01  5.008048e-01  5.391414e+00  7.992726e+00  5.249191e+01  1.241538e+02  6.696091e+02  1.226806e+01  4.446415e+02  4.3830682840005551e+01
      3830  9.5750000000002373e+00  4.2276643118009931e-02  7.5870478693894672e-01  4.974354e-01  5.385397e+00  7.930106e+00  5.221572e+01  1.227326e+02  6.626223e+02  1.213329e+01  4.331725e+02  4.3645724130697467e+01
      3840  9.6000000000002323e+00  4.2087370206949082e-02  7.5548259399528361e-01  4.941462e-01  5.379854e+00  7.869169e+00  5.194922e+01  1.213482e+02  6.558263e+02  1.200225e+01  4.219867e+02  4.3466080666450075e+01
      3850  9.6250000000002274e+00  4.1898900110081801e-02  7.5228207255494683e-01  4.909415e-01  5.374781e+00  7.809998e+00  5.169263e+01  1.200024e+02  6.492283e+02  1.187516e+01  4.110966e+02  4.3291599688297360e+01
      3860  9.6500000000002224e+00  4.1711227549536857e-02  7.4910209986964271e-01  4.878252e-01  5.370170e+00  7.752673e+00  5.144617e+01  1.186973e+02  6.428354e+02  1.175221e+01  4.005151e+02  4.3122108006240467e+01
      3870  9.6750000000002174e+00  4.1524347530024160e-02  7.4594153887555592e-01  4.848008e-01  5.366010e+00  7.697269e+00  5.121004e+01  1.174347e+02  6.366548e+02  1.163361e+01  3.902551e+02  4.2957412823220686e+01
      3880  9.7000000000002125e+00  4.1338255341811431e-02  7.4279924296128619e-01  4.818717e-01  5.362290e+00  7.643853e+00  5.098440e+01  1.162165e+02  6.306932e+02  1.151953e+01  3.803297e+02  4.2797302713006914e+01
      3890  9.7250000000002075e+00  4.1152946562523163e-02  7.3967406072052899e-01  4.790407e-01  5.358997e+00  7.592487e+00  5.076937e+01  1.150444e+02  6.249572e+02  1.141016e+01  3.707517e+02  4.2641548744818934e+01
      3900  9.7500000000002025e+00  4.0968417057744032e-02  7.3656484065639249e-01  4.763104e-01  5.356114e+00  7.543227e+00  5.056506e+01  1.139202e+02  6.194534e+02  1.130564e+01  3.615336e+02  4.2489905745566652e+01
      3910  9.7750000000001975e+00  4.0784662980467588e-02  7.3347043580410809e-01  4.736832e-01  5.353625e+00  7.496121e+00  5.037154e+01  1.128454e+02  6.141875e+02  1.120611e+01  3.526871e+02  4.2342113688705552e+01
      3920  9.8000000000001926e+00  4.0601680769392648e-02  7.3038970824063254e-01  4.711607e-01  5.351511e+00  7.451211e+00  5.018883e+01  1.118215e+02  6.091654e+02  1.111170e+01  3.442234e+02  4.2197899196982917e+01
      3930  9.8250000000001876e+00  4.0419467146114323e-02  7.2732153345060246e-01  4.687447e-01  5.349750e+00  7.408530e+00  5.001692e+01  1.108497e+02  6.043919e+02  1.102248e+01  3.361522e+02  4.2056977144798921e+01
      3940  9.8500000000001826e+00  4.0238019111244902e-02  7.2426480452012243e-01  4.664362e-01  5.348320e+00  7.368103e+00  4.985577e+01  1.099314e+02  5.998718e+02  1.093853e+01  3.284821e+02  4.1919052344572243e+01
      3950  9.8750000000001776e+00  4.0057333939509401e-02  7.2121843613182257e-01  4.642361e-01  5.347197e+00  7.329947e+00  4.970529e+01  1.090674e+02  5.956089e+02  1.085989e+01  3.212203e+02  4.1783821300356877e+01
      3960  9.9000000000001727e+00  3.9877409173870372e-02  7.1818136833741941e-01  4.621448e-01  5.346356e+00  7.294072e+00  4.956536e+01  1.082587e+02  5.916064e+02  1.078657e+01  3.143718e+02  4.1650974011147703e+01
      3970  9.9250000000001677e+00  3.9698242618738000e-02  7.1515257008622435e-01  4.601624e-01  5.345772e+00  7.260475e+00  4.943580e+01  1.075058e+02  5.878668e+02  1.071854e+01  3.079402e+02  4.1520195805705185e+01
      3980  9.9500000000001627e+00  3.9519832332332680e-02  7.1213104249137982e-01  4.582886e-01  5.345415e+00  7.229149e+00  4.931641e+01  1.068092e+02  5.843918e+02  1.065575e+01  3.019266e+02  4.1391169190480490e+01
      3990  9.9750000000001577e+00  3.9342176618263593e-02  7.0911582181856148e-01  4.565228e-01  5.345258e+00  7.200074e+00  4.920692e+01  1.061691e+02  5.811820e+02  1.059813e+01  2.963301e+02  4.1263575692209905e+01
      4000  1.0000000000000153e+01  3.9165274016396141e-02  7.0610598218477760e-01  4.548639e-01  5.345273e+00  7.173222e+00  4.910705e+01  1.055855e+02  5.782373e+02  1.054557e+01  2.911472e+02  4.1137097677095234e+01
