         0  0.0000000000000000e+00  1.2500000000000000e-01  3.7500000000000000e-01 -0.000000e+00  3.375000e+00 -0.000000e+00  1.562500e+01 -0.000000e+00  8.374023e+01  3.375000e+00  1.562500e+01  1.1250000000000000e+00
        10  2.4999999999999998e-02  1.2495313275519214e-01  3.7488379222815266e-01  1.325525e-02  3.375301e+00  1.325621e-01  1.563092e+01  1.087609e+00  8.381020e+01  3.373816e+00  1.561447e+01  1.1248465514827335e+00
        20  5.0000000000000010e-02  1.2490627702068742e-01  3.7481633538110831e-01  2.650555e-02  3.376203e+00  2.651325e-01  1.564868e+01  2.176405e+00  8.402014e+01  3.370280e+00  1.558304e+01  1.1252294098131606e+00
        30  7.5000000000000025e-02  1.2485942670920043e-01  3.7479752461678939e-01  3.975252e-02  3.377706e+00  3.977855e-01  1.567828e+01  3.268113e+00  8.437032e+01  3.364430e+00  1.553115e+01  1.1261483965805084e+00
        40  1.0000000000000005e-01  1.2481257574470633e-01  3.7482728250115316e-01  5.299777e-02  3.379810e+00  5.305947e-01  1.571972e+01  4.364454e+00  8.486135e+01  3.356328e+00  1.545947e+01  1.1276041851785368e+00
        50  1.2500000000000006e-01  1.2476571805904017e-01  3.7490555866897635e-01  6.624281e-02  3.382515e+00  6.636333e-01  1.577303e+01  5.467149e+00  8.549418e+01  3.346059e+00  1.536895e+01  1.1295982974434777e+00
        60  1.5000000000000008e-01  1.2471884758854075e-01  3.7503232946218090e-01  7.948906e-02  3.385822e+00  7.969735e-01  1.583824e+01  6.577915e+00  8.627006e+01  3.333728e+00  1.526076e+01  1.1321331018323626e+00
        70  1.7500000000000010e-01  1.2467195827074239e-01  3.7520759754619404e-01  9.273786e-02  3.389731e+00  9.306867e-01  1.591539e+01  7.698468e+00  8.719057e+01  3.319461e+00  1.513628e+01  1.1352118131412872e+00
        80  2.0000000000000012e-01  1.2462504404111732e-01  3.7543139150496685e-01  1.059904e-01  3.394244e+00  1.064843e+00  1.600454e+01  8.830524e+00  8.825759e+01  3.303401e+00  1.499707e+01  1.1388384937727927e+00
        90  2.2500000000000014e-01  1.2457809882987037e-01  3.7570376541545247e-01  1.192477e-01  3.399363e+00  1.199513e+00  1.610574e+01  9.975796e+00  8.947332e+01  3.285708e+00  1.484489e+01  1.1430180565713020e+00
       100  2.5000000000000017e-01  1.2453111655878804e-01  3.7602479840245512e-01  1.325106e-01  3.405087e+00  1.334762e+00  1.621906e+01  1.113600e+01  9.084026e+01  3.266558e+00  1.468163e+01  1.1477562692546455e+00
       110  2.7500000000000019e-01  1.2448409113814776e-01  3.7639459417490539e-01  1.457799e-01  3.411420e+00  1.470658e+00  1.634458e+01  1.231285e+01  9.236119e+01  3.246137e+00  1.450929e+01  1.1530597604787285e+00
       120  3.0000000000000021e-01  1.2443701646368327e-01  3.7681328054471347e-01  1.590560e-01  3.418362e+00  1.607266e+00  1.648238e+01  1.350804e+01  9.403918e+01  3.224645e+00  1.432999e+01  1.1589360275809615e+00
       130  3.2500000000000023e-01  1.2438988641361279e-01  3.7728100892944749e-01  1.723392e-01  3.425914e+00  1.744646e+00  1.663255e+01  1.472330e+01  9.587758e+01  3.202288e+00  1.414588e+01  1.1653934460565354e+00
       140  3.5000000000000026e-01  1.2434269484573114e-01  3.7779795384014941e-01  1.856296e-01  3.434078e+00  1.882861e+00  1.679517e+01  1.596032e+01  9.788001e+01  3.179279e+00  1.395920e+01  1.1724412808296680e+00
       150  3.7500000000000028e-01  1.2429543559456541e-01  3.7836431235569129e-01  1.989270e-01  3.442854e+00  2.021968e+00  1.697036e+01  1.722078e+01  1.000503e+02  3.155834e+00  1.377217e+01  1.1800896993898098e+00
       160  4.0000000000000030e-01  1.2424810246859759e-01  3.7898030358507057e-01  2.122308e-01  3.452243e+00  2.162021e+00  1.715819e+01  1.850638e+01  1.023926e+02  3.132174e+00  1.358704e+01  1.1883497868704473e+00
       170  4.2500000000000032e-01  1.2420068924755534e-01  3.7964616811910867e-01  2.255403e-01  3.462245e+00  2.303074e+00  1.735877e+01  1.981877e+01  1.049111e+02  3.108518e+00  1.340601e+01  1.1972335631554354e+00
       180  4.5000000000000034e-01  1.2415318967977000e-01  3.8036216747300483e-01  2.388545e-01  3.472860e+00  2.445174e+00  1.757219e+01  2.115961e+01  1.076104e+02  3.085083e+00  1.323126e+01  1.2067540021050138e+00
       190  4.7500000000000037e-01  1.2410559747960541e-01  3.8112858352117629e-01  2.521721e-01  3.484086e+00  2.588367e+00  1.779854e+01  2.253052e+01  1.104951e+02  3.062083e+00  1.306491e+01  1.2169250530005074e+00
       200  5.0000000000000033e-01  1.2405790632495686e-01  3.8194571792582693e-01  2.654914e-01  3.495923e+00  2.732695e+00  1.803791e+01  2.393309e+01  1.135701e+02  3.039727e+00  1.290899e+01  1.2277616643134959e+00
       210  5.2499999999999980e-01  1.2401010985482135e-01  3.8281389156058854e-01  2.788103e-01  3.508366e+00  2.878193e+00  1.829038e+01  2.536888e+01  1.168403e+02  3.018214e+00  1.276546e+01  1.2392798099115530e+00
       220  5.4999999999999927e-01  1.2396220166693915e-01  3.8373344393056458e-01  2.921267e-01  3.521413e+00  3.024895e+00  1.855602e+01  2.683941e+01  1.203108e+02  2.997739e+00  1.263621e+01  1.2514965178192499e+00
       230  5.7499999999999873e-01  1.2391417531550682e-01  3.8470473258999599e-01  3.054378e-01  3.535060e+00  3.172826e+00  1.883489e+01  2.834614e+01  1.239864e+02  2.978485e+00  1.252300e+01  1.2644299016587408e+00
       240  5.9999999999999820e-01  1.2386602430896471e-01  3.8572813255870997e-01  3.187406e-01  3.549300e+00  3.322009e+00  1.912704e+01  2.989048e+01  1.278725e+02  2.960624e+00  1.242750e+01  1.2780991949004763e+00
       250  6.2499999999999767e-01  1.2381774210785318e-01  3.8680403573836319e-01  3.320318e-01  3.564128e+00  3.472458e+00  1.943248e+01  3.147376e+01  1.319739e+02  2.944317e+00  1.235129e+01  1.2925247880598936e+00
       260  6.4999999999999714e-01  1.2376932212274297e-01  3.8793285032942165e-01  3.453077e-01  3.579534e+00  3.624183e+00  1.975125e+01  3.309723e+01  1.362957e+02  2.929713e+00  1.229580e+01  1.3077282689814411e+00
       270  6.7499999999999660e-01  1.2372075771223873e-01  3.8911500024963525e-01  3.585641e-01  3.595511e+00  3.777185e+00  2.008331e+01  3.476207e+01  1.408425e+02  2.916946e+00  1.226239e+01  1.3237324663560912e+00
       280  6.9999999999999607e-01  1.2367204218105200e-01  3.9035092455468762e-01  3.717966e-01  3.612047e+00  3.931460e+00  2.042865e+01  3.646932e+01  1.456191e+02  2.906138e+00  1.225230e+01  1.3405614966234545e+00
       290  7.2499999999999554e-01  1.2362316877814714e-01  3.9164107686146810e-01  3.850003e-01  3.629131e+00  4.086993e+00  2.078719e+01  3.821994e+01  1.506298e+02  2.897398e+00  1.226666e+01  1.3582408144135298e+00
       300  7.4999999999999500e-01  1.2357413069495972e-01  3.9298592477434341e-01  3.981702e-01  3.646747e+00  4.243763e+00  2.115886e+01  4.001472e+01  1.558785e+02  2.890818e+00  1.230650e+01  1.3767972666872312e+00
       310  7.7499999999999447e-01  1.2352492106368257e-01  3.9438594931456056e-01  4.113006e-01  3.664882e+00  4.401741e+00  2.154352e+01  4.185434e+01  1.613688e+02  2.886479e+00  1.237272e+01  1.3962591507377575e+00
       320  7.9999999999999394e-01  1.2347553295562633e-01  3.9584164435279079e-01  4.243856e-01  3.683517e+00  4.560886e+00  2.194101e+01  4.373930e+01  1.671038e+02  2.884444e+00  1.246616e+01  1.4166562762174888e+00
       330  8.2499999999999341e-01  1.2342595937964775e-01  3.9735351604463998e-01  4.374190e-01  3.702633e+00  4.721150e+00  2.235113e+01  4.566992e+01  1.730860e+02  2.884765e+00  1.258752e+01  1.4380200313568359e+00
       340  8.4999999999999287e-01  1.2337619328064912e-01  3.9892208226873427e-01  4.503941e-01  3.722211e+00  4.882473e+00  2.277365e+01  4.764634e+01  1.793173e+02  2.887477e+00  1.273742e+01  1.4603834535418345e+00
       350  8.7499999999999234e-01  1.2332622753814705e-01  4.0054787206687076e-01  4.633040e-01  3.742227e+00  5.044786e+00  2.320828e+01  4.966846e+01  1.857988e+02  2.892604e+00  1.291635e+01  1.4837813044168657e+00
       360  8.9999999999999181e-01  1.2327605496491016e-01  4.0223142508550563e-01  4.761412e-01  3.762657e+00  5.208008e+00  2.365469e+01  5.173599e+01  1.925306e+02  2.900155e+00  1.312471e+01  1.5082501496768554e+00
       370  9.2499999999999127e-01  1.2322566830567064e-01  4.0397329101767271e-01  4.888983e-01  3.783474e+00  5.372047e+00  2.411248e+01  5.384836e+01  1.995121e+02  2.910124e+00  1.336280e+01  1.5338284437091432e+00
       380  9.4999999999999074e-01  1.2317506023589656e-01  4.0577402904425280e-01  5.015672e-01  3.804649e+00  5.536800e+00  2.458122e+01  5.600476e+01  2.067415e+02  2.922494e+00  1.363080e+01  1.5605566192394513e+00
       390  9.7499999999999021e-01  1.2312422336064467e-01  4.0763420727341865e-01  5.141397e-01  3.826153e+00  5.702151e+00  2.506042e+01  5.820409e+01  2.142159e+02  2.937234e+00  1.392877e+01  1.5884771821279264e+00
       400  9.9999999999998967e-01  1.2307315021347508e-01  4.0955440217675260e-01  5.266073e-01  3.847953e+00  5.867974e+00  2.554952e+01  6.044495e+01  2.219310e+02  2.954302e+00  1.425665e+01  1.6176348114494625e+00
       410  1.0249999999999893e+00  1.2302183325544133e-01  4.1153519802059035e-01  5.389610e-01  3.870015e+00  6.034129e+00  2.604791e+01  6.272562e+01  2.298814e+02  2.973642e+00  1.461424e+01  1.6480764649779824e+00
       420  1.0499999999999887e+00  1.2297026487414985e-01  4.1357718629081663e-01  5.511918e-01  3.892302e+00  6.200464e+00  2.655491e+01  6.504409e+01  2.380600e+02  2.995190e+00  1.500122e+01  1.6798514901749007e+00
       430  1.0749999999999882e+00  1.2291843738289179e-01  4.1568096510935282e-01  5.632904e-01  3.914776e+00  6.366816e+00  2.706978e+01  6.739797e+01  2.464583e+02  3.018866e+00  1.541711e+01  1.7130117407586574e+00
       440  1.0999999999999877e+00  1.2286634301984999e-01  4.1784713864034911e-01  5.752472e-01  3.937399e+00  6.533008e+00  2.759172e+01  6.978455e+01  2.550663e+02  3.044584e+00  1.586130e+01  1.7476116989028549e+00
       450  1.1249999999999871e+00  1.2281397394738068e-01  4.2007631648408073e-01  5.870525e-01  3.960127e+00  6.698852e+00  2.811985e+01  7.220073e+01  2.638719e+02  3.072246e+00  1.633298e+01  1.7837086030751568e+00
       460  1.1499999999999866e+00  1.2276132225136918e-01  4.2236911305637376e-01  5.986963e-01  3.982919e+00  6.864149e+00  2.865323e+01  7.464307e+01  2.728615e+02  3.101744e+00  1.683121e+01  1.8213625814869174e+00
       470  1.1749999999999861e+00  1.2270837994066765e-01  4.2472614695142719e-01  6.101685e-01  4.005729e+00  7.028687e+00  2.919088e+01  7.710776e+01  2.820198e+02  3.132962e+00  1.735484e+01  1.8606367910724919e+00
       480  1.1999999999999855e+00  1.2265513894661201e-01  4.2714804028577869e-01  6.214590e-01  4.028511e+00  7.192244e+00  2.973171e+01  7.959060e+01  2.913293e+02  3.165775e+00  1.790256e+01  1.9015975618584573e+00
       490  1.2249999999999850e+00  1.2260159112262341e-01  4.2963541802113914e-01  6.325572e-01  4.051218e+00  7.354588e+00  3.027461e+01  8.208706e+01  3.007710e+02  3.200049e+00  1.847284e+01  1.9443145465127083e+00
       500  1.2499999999999845e+00  1.2254772824389346e-01  4.3218890726387965e-01  6.434529e-01  4.073802e+00  7.515475e+00  3.081838e+01  8.459221e+01  3.103237e+02  3.235646e+00  1.906397e+01  1.9888608747833949e+00
       510  1.2749999999999839e+00  1.2249354200716180e-01  4.3480913653894260e-01  6.541356e-01  4.096213e+00  7.674654e+00  3.136179e+01  8.710080e+01  3.199646e+02  3.272418e+00  1.967405e+01  2.0353133124444582e+00
       520  1.2999999999999834e+00  1.2243902403058264e-01  4.3749673503603587e-01  6.645946e-01  4.118401e+00  7.831867e+00  3.190355e+01  8.960724e+01  3.296688e+02  3.310214e+00  2.030096e+01  2.0837524242590377e+00
       530  1.3249999999999829e+00  1.2238416585369297e-01  4.4025233182604473e-01  6.748196e-01  4.140317e+00  7.986846e+00  3.244230e+01  9.210561e+01  3.394099e+02  3.348876e+00  2.094241e+01  2.1342627403512364e+00
       540  1.3499999999999823e+00  1.2232895893747137e-01  4.4307655504571963e-01  6.848001e-01  4.161908e+00  8.139320e+00  3.297668e+01  9.458975e+01  3.491599e+02  3.388242e+00  2.159589e+01  2.1869329252426657e+00
       550  1.3749999999999818e+00  1.2227339466451176e-01  4.4597003104894156e-01  6.945255e-01  4.183125e+00  8.289012e+00  3.350526e+01  9.705318e+01  3.588890e+02  3.428149e+00  2.225872e+01  2.2418559486582765e+00
       560  1.3999999999999813e+00  1.2221746433929841e-01  4.4893338352294410e-01  7.039857e-01  4.203916e+00  8.435643e+00  3.402659e+01  9.948923e+01  3.685663e+02  3.468427e+00  2.292806e+01  2.2991292570403785e+00
       570  1.4249999999999807e+00  1.2216115918859377e-01  4.5196723256821714e-01  7.131703e-01  4.224231e+00  8.578929e+00  3.453922e+01  1.018911e+02  3.781595e+02  3.508910e+00  2.360089e+01  2.3588549445259770e+00
       580  1.4499999999999802e+00  1.2210447036194963e-01  4.5507219374113089e-01  7.220694e-01  4.244021e+00  8.718589e+00  3.504167e+01  1.042516e+02  3.876354e+02  3.549427e+00  2.427406e+01  2.4211399219447332e+00
       590  1.4749999999999797e+00  1.2204738893233025e-01  4.5824887705855932e-01  7.306731e-01  4.263237e+00  8.854343e+00  3.553246e+01  1.065639e+02  3.969601e+02  3.589811e+00  2.494431e+01  2.4860960821811027e+00
       600  1.4999999999999791e+00  1.2198990589687218e-01  4.6149788596427438e-01  7.389716e-01  4.281833e+00  8.985913e+00  3.601012e+01  1.088207e+02  4.060992e+02  3.629894e+00  2.560830e+01  2.5538404600178168e+00
       610  1.5249999999999786e+00  1.2193201217776921e-01  4.6481981625730834e-01  7.469557e-01  4.299762e+00  9.113026e+00  3.647319e+01  1.110148e+02  4.150178e+02  3.669512e+00  2.626260e+01  2.6244953843409853e+00
       620  1.5499999999999781e+00  1.2187369862329836e-01  4.6821525498293087e-01  7.546161e-01  4.316981e+00  9.235414e+00  3.692025e+01  1.131393e+02  4.236814e+02  3.708506e+00  2.690377e+01  2.6981886203414183e+00
       630  1.5749999999999775e+00  1.2181495600898047e-01  4.7168477928751884e-01  7.619440e-01  4.333448e+00  9.352821e+00  3.734993e+01  1.151871e+02  4.320557e+02  3.746720e+00  2.752837e+01  2.7750534990995961e+00
       640  1.5999999999999770e+00  1.2175577503889209e-01  4.7522895523917941e-01  7.689309e-01  4.349124e+00  9.464997e+00  3.776087e+01  1.171516e+02  4.401071e+02  3.784006e+00  2.813299e+01  2.8552290316946323e+00
       650  1.6249999999999765e+00  1.2169614634712464e-01  4.7884833661662191e-01  7.755686e-01  4.363973e+00  9.571706e+00  3.815181e+01  1.190261e+02  4.478031e+02  3.820222e+00  2.871433e+01  2.9388600047406559e+00
       660  1.6499999999999759e+00  1.2163606049939417e-01  4.8254346366955847e-01  7.818493e-01  4.377961e+00  9.672725e+00  3.852154e+01  1.208046e+02  4.551124e+02  3.855236e+00  2.926916e+01  3.0260970540323209e+00
       670  1.6749999999999754e+00  1.2157550799481170e-01  4.8631486185466311e-01  7.877658e-01  4.391059e+00  9.767844e+00  3.886893e+01  1.224811e+02  4.620055e+02  3.888923e+00  2.979445e+01  3.1170967127844209e+00
       680  1.6999999999999749e+00  1.2151447926781068e-01  4.9016304055191307e-01  7.933109e-01  4.403240e+00  9.856871e+00  3.919297e+01  1.240502e+02  4.684549e+02  3.921171e+00  3.028733e+01  3.2120214307902923e+00
       690  1.7249999999999743e+00  1.2145296469023500e-01  4.9408849176704039e-01  7.984782e-01  4.414481e+00  9.939632e+00  3.949271e+01  1.255069e+02  4.744351e+02  3.951878e+00  3.074519e+01  3.3110395607066971e+00
       700  1.7499999999999738e+00  1.2139095457359139e-01  4.9809168882673893e-01  8.032615e-01  4.424764e+00  1.001597e+01  3.976735e+01  1.268469e+02  4.799236e+02  3.980955e+00  3.116565e+01  3.4143253076165250e+00
       710  1.7749999999999733e+00  1.2132843917146369e-01  5.0217308507412861e-01  8.076554e-01  4.434073e+00  1.008575e+01  4.001616e+01  1.280662e+02  4.849003e+02  4.008325e+00  3.154665e+01  3.5220586380313907e+00
       720  1.7999999999999727e+00  1.2126540868209008e-01  5.0633311257302449e-01  8.116546e-01  4.442400e+00  1.014886e+01  4.023857e+01  1.291616e+02  4.893482e+02  4.033926e+00  3.188647e+01  3.6344251445902067e+00
       730  1.8249999999999722e+00  1.2120185325110208e-01  5.1057218083036360e-01  8.152544e-01  4.449737e+00  1.020520e+01  4.043413e+01  1.301305e+02  4.932538e+02  4.057709e+00  3.218372e+01  3.7516158628974994e+00
       740  1.8499999999999717e+00  1.2113776297442042e-01  5.1489067554730350e-01  8.184508e-01  4.456085e+00  1.025471e+01  4.060252e+01  1.309707e+02  4.966065e+02  4.079640e+00  3.243740e+01  3.8738270372360706e+00
       750  1.8749999999999711e+00  1.2107312790130510e-01  5.1928895741012815e-01  8.212401e-01  4.461447e+00  1.029733e+01  4.074356e+01  1.316812e+02  4.993995e+02  4.099702e+00  3.264688e+01  4.0012598322954585e+00
       760  1.8999999999999706e+00  1.2100793803755008e-01  5.2376736093326470e-01  8.236190e-01  4.465831e+00  1.033303e+01  4.085721e+01  1.322611e+02  5.016294e+02  4.117889e+00  3.281197e+01  4.1341199885830555e+00
       770  1.9249999999999701e+00  1.2094218334882821e-01  5.2832619336724318e-01  8.255848e-01  4.469251e+00  1.036182e+01  4.094356e+01  1.327106e+02  5.032963e+02  4.134214e+00  3.293286e+01  4.2726174198397953e+00
       780  1.9499999999999695e+00  1.2087585376415683e-01  5.3296573368536104e-01  8.271353e-01  4.471726e+00  1.038371e+01  4.100284e+01  1.330305e+02  5.044040e+02  4.148704e+00  3.301018e+01  4.4169657515608538e+00
       790  1.9749999999999690e+00  1.2080893917948832e-01  5.3768623166337348e-01  8.282689e-01  4.473277e+00  1.039874e+01  4.103544e+01  1.332220e+02  5.049594e+02  4.161399e+00  3.304495e+01  4.5673818006287874e+00
       800  1.9999999999999685e+00  1.2074142946141431e-01  5.4248790706684835e-01  8.289841e-01  4.473934e+00  1.040697e+01  4.104186e+01  1.332873e+02  5.049731e+02  4.172358e+00  3.303861e+01  4.7240849970925609e+00
       810  2.0249999999999679e+00  1.2067331445095469e-01  5.4737094896161032e-01  8.292801e-01  4.473729e+00  1.040847e+01  4.102273e+01  1.332289e+02  5.044588e+02  4.181650e+00  3.299300e+01  4.8872967502600435e+00
       820  2.0499999999999674e+00  1.2060458396743357e-01  5.5233551516228774e-01  8.291565e-01  4.472699e+00  1.040335e+01  4.097883e+01  1.330501e+02  5.034330e+02  4.189360e+00  3.291033e+01  5.0572397625041710e+00
       830  2.0749999999999669e+00  1.2053522781240684e-01  5.5738173183465767e-01  8.286133e-01  4.470887e+00  1.039172e+01  4.091103e+01  1.327547e+02  5.019153e+02  4.195586e+00  3.279320e+01  5.2341372954882832e+00
       840  2.0999999999999663e+00  1.2046523577363480e-01  5.6250969326676203e-01  8.276508e-01  4.468340e+00  1.037371e+01  4.082032e+01  1.323469e+02  4.999278e+02  4.200437e+00  3.264454e+01  5.4182123948831080e+00
       850  2.1249999999999658e+00  1.2039459762906826e-01  5.6771946182375821e-01  8.262699e-01  4.465106e+00  1.034946e+01  4.070782e+01  1.318313e+02  4.974946e+02  4.204037e+00  3.246760e+01  5.6096870810419448e+00
       860  2.1499999999999653e+00  1.2032330315083212e-01  5.7301106810075531e-01  8.244716e-01  4.461243e+00  1.031913e+01  4.057472e+01  1.312130e+02  4.946424e+02  4.206517e+00  3.226595e+01  5.8087815145010264e+00
       870  2.1749999999999647e+00  1.2025134210917296e-01  5.7838451128717838e-01  8.222574e-01  4.456808e+00  1.028288e+01  4.042229e+01  1.304973e+02  4.913991e+02  4.208020e+00  3.204342e+01  6.0157131465526259e+00
       880  2.1999999999999642e+00  1.2017870427634850e-01  5.8383975975521762e-01  8.196291e-01  4.451865e+00  1.024089e+01  4.025193e+01  1.296898e+02  4.877944e+02  4.208698e+00  3.180412e+01  6.2306958664623764e+00
       890  2.2249999999999637e+00  1.2010537943043005e-01  5.8937675188374405e-01  8.165886e-01  4.446478e+00  1.019333e+01  4.006505e+01  1.287964e+02  4.838590e+02  4.208712e+00  3.155235e+01  6.4539391581582333e+00
       900  2.2499999999999631e+00  1.2003135735898744e-01  5.9499539712774607e-01  8.131383e-01  4.440719e+00  1.014039e+01  3.986317e+01  1.278228e+02  4.796246e+02  4.208229e+00  3.129267e+01  6.6856472803593725e+00
       910  2.2749999999999626e+00  1.1995662786261999e-01  6.0069557734187951e-01  8.092809e-01  4.434660e+00  1.008226e+01  3.964784e+01  1.267752e+02  4.751234e+02  4.207421e+00  3.102977e+01  6.9260184851423752e+00
       920  2.2999999999999621e+00  1.1988118075831344e-01  6.0647714836498490e-01  8.050190e-01  4.428376e+00  1.001911e+01  3.942068e+01  1.256594e+02  4.703881e+02  4.206467e+00  3.076854e+01  7.1752442908162202e+00
       930  2.3249999999999615e+00  1.1980500588257155e-01  6.1233994187065555e-01  8.003556e-01  4.421946e+00  9.951133e+00  3.918332e+01  1.244814e+02  4.654514e+02  4.205551e+00  3.051398e+01  7.4335088256971638e+00
       940  2.3499999999999610e+00  1.1972809309431572e-01  6.1828376748714642e-01  7.952941e-01  4.415450e+00  9.878499e+00  3.893746e+01  1.232470e+02  4.603460e+02  4.204858e+00  3.027124e+01  7.7009882599256567e+00
       950  2.3749999999999605e+00  1.1965043227748470e-01  6.2430841518783431e-01  7.898377e-01  4.408971e+00  9.801380e+00  3.868479e+01  1.219618e+02  4.551043e+02  4.204575e+00  3.004555e+01  7.9778503428425429e+00
       960  2.3999999999999599e+00  1.1957201334332997e-01  6.3041365795150894e-01  7.839900e-01  4.402595e+00  9.719935e+00  3.842704e+01  1.206310e+02  4.497581e+02  4.204894e+00  2.984223e+01  8.2642540636395019e+00
       970  2.4249999999999594e+00  1.1949282623236147e-01  6.3659925468980760e-01  7.777548e-01  4.396407e+00  9.634314e+00  3.816598e+01  1.192598e+02  4.443390e+02  4.206003e+00  2.966667e+01  8.5603494530303941e+00
       980  2.4499999999999589e+00  1.1941286091590865e-01  6.4286495343697403e-01  7.711357e-01  4.390496e+00  9.544653e+00  3.790335e+01  1.178530e+02  4.388776e+02  4.208091e+00  2.952431e+01  8.8662775435500318e+00
       990  2.4749999999999583e+00  1.1933210739726506e-01  6.4921049479528126e-01  7.641369e-01  4.384950e+00  9.451076e+00  3.764092e+01  1.164147e+02  4.334039e+02  4.211345e+00  2.942063e+01  9.1821705058053968e+00
      1000  2.4999999999999578e+00  1.1925055571238863e-01  6.5563561562765249e-01  7.567625e-01  4.379861e+00  9.353687e+00  3.738050e+01  1.149489e+02  4.279472e+02  4.215951e+00  2.936113e+01  9.5081519775756007e+00
      1010  2.5249999999999573e+00  1.1916819593013057e-01  6.6214005298700751e-01  7.490166e-01  4.375319e+00  9.252577e+00  3.712385e+01  1.134590e+02  4.225361e+02  4.222091e+00  2.935130e+01  9.8443376021148890e+00
      1020  2.5499999999999567e+00  1.1908501815194997e-01  6.6872354827045544e-01  7.409036e-01  4.371416e+00  9.147814e+00  3.687280e+01  1.119478e+02  4.171984e+02  4.229942e+00  2.939664e+01  1.0190835791363686e+01
      1030  2.5749999999999562e+00  1.1900101251110606e-01  6.7538585158480480e-01  7.324280e-01  4.368242e+00  9.039450e+00  3.662913e+01  1.104177e+02  4.119613e+02  4.239677e+00  2.950261e+01  1.0547748729046003e+01
      1040  2.5999999999999557e+00  1.1891616917127588e-01  6.8212672630869187e-01  7.235944e-01  4.365890e+00  8.927513e+00  3.639469e+01  1.088703e+02  4.068517e+02  4.251462e+00  2.967463e+01  1.0915173627832182e+01
      1050  2.6249999999999551e+00  1.1883047832461620e-01  6.8894595383514678e-01  7.144076e-01  4.364451e+00  8.812012e+00  3.617129e+01  1.073068e+02  4.018960e+02  4.265459e+00  2.991806e+01  1.1293204253909828e+01
      1060  2.6499999999999546e+00  1.1874393018919874e-01  6.9584333847792945e-01  7.048724e-01  4.364015e+00  8.692932e+00  3.596079e+01  1.057275e+02  3.971204e+02  4.281822e+00  3.023816e+01  1.1681932731430873e+01
      1070  2.6749999999999541e+00  1.1865651500583120e-01  7.0281871252366968e-01  6.949938e-01  4.364672e+00  8.570239e+00  3.576507e+01  1.041322e+02  3.925513e+02  4.300698e+00  3.064010e+01  1.2081451638420482e+01
      1080  2.6999999999999535e+00  1.1856822303424543e-01  7.0987194141172405e-01  6.847770e-01  4.366510e+00  8.443875e+00  3.558601e+01  1.025198e+02  3.882154e+02  4.322225e+00  3.112891e+01  1.2491856404842721e+01
      1090  2.7249999999999530e+00  1.1847904454862135e-01  7.1700292902301521e-01  6.742273e-01  4.369616e+00  8.313760e+00  3.542555e+01  1.008886e+02  3.841400e+02  4.346535e+00  3.170950e+01  1.2913248022644016e+01
      1100  2.7499999999999525e+00  1.1838896983244887e-01  7.2421162305895204e-01  6.633504e-01  4.374075e+00  8.179795e+00  3.528562e+01  9.923616e+01  3.803533e+02  4.373752e+00  3.238660e+01  1.3345736076723931e+01
      1110  2.7749999999999519e+00  1.1829798917271225e-01  7.3149802049153556e-01  6.521517e-01  4.379969e+00  8.041860e+00  3.516821e+01  9.755912e+01  3.768845e+02  4.403991e+00  3.316476e+01  1.3789442104943721e+01
      1120  2.7999999999999514e+00  1.1820609285339155e-01  7.3886217306598401e-01  6.406373e-01  4.387379e+00  7.899818e+00  3.507536e+01  9.585342e+01  3.737646e+02  4.437360e+00  3.404836e+01  1.4244503294447046e+01
      1130  2.8249999999999509e+00  1.1811327114826764e-01  7.4630419283706928e-01  6.288133e-01  4.396383e+00  7.753514e+00  3.500912e+01  9.411422e+01  3.710265e+02  4.473963e+00  3.504161e+01  1.4711076520758155e+01
      1140  2.8499999999999504e+00  1.1801951431304861e-01  7.5382425772121819e-01  6.166860e-01  4.407054e+00  7.602779e+00  3.497160e+01  9.233587e+01  3.687051e+02  4.513895e+00  3.614852e+01  1.5189342735300546e+01
      1150  2.8749999999999498e+00  1.1792481257678072e-01  7.6142261704607839e-01  6.042621e-01  4.419462e+00  7.447433e+00  3.496493e+01  9.051194e+01  3.668381e+02  4.557250e+00  3.737299e+01  1.5679511706153050e+01
      1160  2.8999999999999493e+00  1.1782915613258739e-01  7.6909959708024400e-01  5.915483e-01  4.433676e+00  7.287286e+00  3.499132e+01  8.863525e+01  3.654660e+02  4.604120e+00  3.871880e+01  1.6181827115982809e+01
      1170  2.9249999999999488e+00  1.1773253512770483e-01  7.7685560652529340e-01  5.785518e-01  4.449756e+00  7.122142e+00  3.505298e+01  8.669790e+01  3.646325e+02  4.654595e+00  4.018972e+01  1.6696572020144323e+01
      1180  2.9499999999999482e+00  1.1763493965284816e-01  7.8469114195300804e-01  5.652801e-01  4.467762e+00  6.951804e+00  3.515216e+01  8.469132e+01  3.643848e+02  4.708771e+00  4.178958e+01  1.7224074666858975e+01
      1190  2.9749999999999477e+00  1.1753635973088605e-01  7.9260679316974147e-01  5.517409e-01  4.487745e+00  6.776076e+00  3.529114e+01  8.260632e+01  3.647738e+02  4.766751e+00  4.352238e+01  1.7764714680121145e+01
      1200  2.9999999999999472e+00  1.1743678530485999e-01  8.0060324848933728e-01  5.379423e-01  4.509754e+00  6.594769e+00  3.547223e+01  8.043319e+01  3.658542e+02  4.828647e+00  4.539251e+01  1.8318929604440456e+01
      1210  3.0249999999999466e+00  1.1733620622535358e-01  8.0868129989508464e-01  5.238928e-01  4.533831e+00  6.407703e+00  3.569772e+01  7.816177e+01  3.676844e+02  4.894589e+00  4.740487e+01  1.8887221808623902e+01
      1220  3.0499999999999461e+00  1.1723461223721959e-01  8.1684184806855209e-01  5.096012e-01  4.560012e+00  6.214717e+00  3.596990e+01  7.578160e+01  3.703269e+02  4.964727e+00  4.956516e+01  1.9470165743371155e+01
      1230  3.0749999999999456e+00  1.1713199296569085e-01  8.2508590726094866e-01  4.950766e-01  4.588328e+00  6.015666e+00  3.629105e+01  7.328202e+01  3.738476e+02  5.039240e+00  5.188016e+01  2.0068415544369202e+01
      1240  3.0999999999999450e+00  1.1702833790188695e-01  8.3341460997839634e-01  4.803287e-01  4.618803e+00  5.810433e+00  3.666339e+01  7.065240e+01  3.783160e+02  5.118339e+00  5.435807e+01  2.0682712968581988e+01
      1250  3.1249999999999445e+00  1.1692363638775770e-01  8.4182921144748268e-01  4.653675e-01  4.651456e+00  5.598932e+00  3.708907e+01  6.788224e+01  3.838042e+02  5.202280e+00  5.700886e+01  2.1313895646306921e+01
      1260  3.1499999999999440e+00  1.1681787760048327e-01  8.5033109382103311e-01  4.502035e-01  4.686297e+00  5.381111e+00  3.757019e+01  6.496144e+01  3.903869e+02  5.291366e+00  5.984477e+01  2.1962905624970432e+01
      1270  3.1749999999999434e+00  1.1671105053635558e-01  8.5892177007596793e-01  4.348477e-01  4.723331e+00  5.156959e+00  3.810870e+01  6.188051e+01  3.981405e+02  5.385965e+00  6.288078e+01  2.2630798172196144e+01
      1280  3.1999999999999429e+00  1.1660314399421086e-01  8.6760288754511417e-01  4.193114e-01  4.762557e+00  4.926508e+00  3.870644e+01  5.863079e+01  4.071417e+02  5.486511e+00  6.613523e+01  2.3318750794895511e+01
      1290  3.2249999999999424e+00  1.1649414655843612e-01  8.7637623101360951e-01  4.036067e-01  4.803966e+00  4.689840e+00  3.936509e+01  5.520475e+01  4.174671e+02  5.593522e+00  6.963049e+01  2.4028072417480157e+01
      1300  3.2499999999999418e+00  1.1638404658162879e-01  8.8524372529698381e-01  3.877460e-01  4.847544e+00  4.447088e+00  4.008613e+01  5.159624e+01  4.291917e+02  5.707611e+00  7.339373e+01  2.4760212645110126e+01
      1310  3.2749999999999413e+00  1.1627283216695415e-01  8.9420743720332552e-01  3.717421e-01  4.893267e+00  4.198442e+00  4.087085e+01  4.780077e+01  4.423875e+02  5.829502e+00  7.745789e+01  2.5516771016432866e+01
      1320  3.2999999999999408e+00  1.1616049115033047e-01  9.0326957676520991e-01  3.556087e-01  4.941109e+00  3.944145e+00  4.172031e+01  4.381577e+01  4.571223e+02  5.960044e+00  8.186287e+01  2.6299506123794917e+01
      1330  3.3249999999999402e+00  1.1604701108247957e-01  9.1243249761080170e-01  3.393597e-01  4.991034e+00  3.684503e+00  4.263530e+01  3.964088e+01  4.734579e+02  6.100234e+00  8.665692e+01  2.7110344446581507e+01
      1340  3.3499999999999397e+00  1.1593237921102034e-01  9.2169869632607437e-01  3.230097e-01  5.043001e+00  3.419877e+00  4.361633e+01  3.527822e+01  4.914488e+02  6.251233e+00  9.189851e+01  2.7951388704540648e+01
      1350  3.3749999999999392e+00  1.1581658246270160e-01  9.3107081064473940e-01  3.065739e-01  5.096963e+00  3.150687e+00  4.466366e+01  3.073253e+01  5.111407e+02  6.414399e+00  9.765872e+01  2.8824925492224061e+01
      1360  3.3999999999999386e+00  1.1569960742593596e-01  9.4055161628916206e-01  2.900678e-01  5.152866e+00  2.877410e+00  4.577720e+01  2.601147e+01  5.325693e+02  6.591313e+00  1.040243e+02  2.9733431903026581e+01
      1370  3.4249999999999381e+00  1.1558144033384227e-01  9.5014402227728800e-01  2.735077e-01  5.210651e+00  2.600575e+00  4.695658e+01  2.112567e+01  5.557583e+02  6.783812e+00  1.111020e+02  3.0679580792506172e+01
      1380  3.4499999999999376e+00  1.1546206704795388e-01  9.5985106450846835e-01  2.569101e-01  5.270253e+00  2.320761e+00  4.820109e+01  1.608886e+01  5.807194e+02  6.994033e+00  1.190236e+02  3.1666244267327720e+01
      1390  3.4749999999999370e+00  1.1534147304288103e-01  9.6967589744759108e-01  2.402921e-01  5.331599e+00  2.038591e+00  4.950971e+01  1.091787e+01  6.074507e+02  7.224455e+00  1.279535e+02  3.2696494921331592e+01
      1400  3.4999999999999365e+00  1.1521964339210472e-01  9.7962178374487419e-01  2.236713e-01  5.394613e+00  1.754724e+00  5.088112e+01  5.632581e+00  6.359363e+02  7.477957e+00  1.380983e+02  3.3773604278234053e+01
      1410  3.5249999999999360e+00  1.1509656275522545e-01  9.8969208165856348e-01  2.070655e-01  5.459213e+00  1.469848e+00  5.231365e+01  2.557410e-01  6.661468e+02  7.757871e+00  1.497192e+02  3.4901037847320751e+01
      1420  3.5499999999999354e+00  1.1497221536692002e-01  9.9989023019302070e-01  1.904930e-01  5.525309e+00  1.184671e+00  5.380536e+01 -5.187252e+00  6.980387e+02  8.068050e+00  1.631483e+02  3.6082446161569749e+01
      1430  3.5749999999999349e+00  1.1484658502790401e-01  1.0102197319227839e+00  1.739721e-01  5.592808e+00  8.999105e-01  5.535401e+01 -1.066872e+01  7.315556e+02  8.412937e+00  1.788100e+02  3.7321651155315877e+01
      1440  3.5999999999999344e+00  1.1471965509818413e-01  1.0206841335470294e+00  1.575216e-01  5.661611e+00  6.162830e-01  5.695709e+01 -1.615915e+01  7.666288e+02  8.797638e+00  1.972480e+02  3.8622627259652830e+01
      1450  3.6249999999999338e+00  1.1459140849286367e-01  1.0312870043026128e+00  1.411603e-01  5.731613e+00  3.344897e-01  5.861184e+01 -2.162777e+01  8.031793e+02  9.227988e+00  2.191592e+02  3.9989476656253593e+01
      1460  3.6499999999999333e+00  1.1446182768078939e-01  1.0420319124567532e+00  1.249069e-01  5.802703e+00  5.520542e-02  6.031524e+01 -2.704322e+01  8.411189e+02  9.710624e+00  2.454358e+02  4.1426398240645248e+01
      1470  3.6749999999999328e+00  1.1433089468623893e-01  1.0529224001953930e+00  1.087805e-01  5.874767e+00 -2.209349e-01  6.206408e+01 -3.237428e+01  8.803520e+02  1.025303e+01  2.772161e+02  4.2937650007533712e+01
      1480  3.6999999999999322e+00  1.1419859109379445e-01  1.0639619573147736e+00  9.279977e-02  5.947683e+00 -4.933488e-01  6.385491e+01 -3.759070e+01  9.207781e+02  1.086359e+01  3.159445e+02  4.4527504783076132e+01
      1490  3.7249999999999317e+00  1.1406489805661085e-01  1.0751539942048063e+00  7.698366e-02  6.021326e+00 -7.615179e-01  6.568410e+01 -4.266413e+01  9.622930e+02  1.155155e+01  3.634397e+02  4.6200199486958908e+01
      1500  3.7499999999999312e+00  1.1392979630801155e-01  1.0865018146747440e+00  6.135088e-02  6.095565e+00 -1.024999e+00  6.754782e+01 -4.756892e+01  1.004791e+03  1.232704e+01  4.219703e+02  4.7959878400851920e+01
      1510  3.7749999999999306e+00  1.1379326617652100e-01  1.0980085892085527e+00  4.592018e-02  6.170265e+00 -1.283432e+00  6.944205e+01 -5.228312e+01  1.048165e+03  1.320095e+01  4.943323e+02  4.9810531235052977e+01
      1520  3.7999999999999301e+00  1.1365528760413603e-01  1.1096773292429025e+00  3.071031e-02  6.245286e+00 -1.536547e+00  7.136256e+01 -5.678918e+01  1.092309e+03  1.418479e+01  5.839262e+02  5.1755927104092478e+01
      1530  3.8249999999999296e+00  1.1351584016774212e-01  1.1215108630304271e+00  1.574015e-02  6.320484e+00 -1.784162e+00  7.330490e+01 -6.107477e+01  1.137116e+03  1.529047e+01  6.948218e+02  5.3799545824706115e+01
      1540  3.8499999999999290e+00  1.1337490310341161e-01  1.1335118135823676e+00  1.028852e-03  6.395712e+00 -2.026187e+00  7.526439e+01 -6.513326e+01  1.182479e+03  1.653003e+01  8.318038e+02  5.5944508215066122e+01
      1550  3.8749999999999285e+00  1.1323245533331594e-01  1.1456825790797802e+00 -1.340398e-02  6.470817e+00 -2.262612e+00  7.723607e+01 -6.896413e+01  1.228289e+03  1.791521e+01  1.000384e+03  5.8193507282673622e+01
      1560  3.8999999999999280e+00  1.1308847549489764e-01  1.1580253160033740e+00 -2.753806e-02  6.545646e+00 -2.493496e+00  7.921469e+01 -7.257301e+01  1.274432e+03  1.945706e+01  1.206768e+03  6.0548742322221507e+01
      1570  3.9249999999999274e+00  1.1294294197199600e-01  1.1705419250644087e+00 -4.135212e-02  6.620041e+00 -2.718949e+00  8.119465e+01 -7.597150e+01  1.320787e+03  2.116537e+01  1.457757e+03  6.3011857990117100e+01
      1580  3.9499999999999269e+00  1.1279583292754358e-01  1.1832340398333294e+00 -5.482355e-02  6.693845e+00 -2.939107e+00  8.317002e+01 -7.917662e+01  1.367222e+03  2.304809e+01  1.760583e+03  6.5583890369891122e+01
      1590  3.9749999999999264e+00  1.1264712633753143e-01  1.1961030177669301e+00 -6.792808e-02  6.766898e+00 -3.154103e+00  8.513447e+01 -8.220991e+01  1.413593e+03  2.511077e+01  2.122655e+03  6.8265221888573336e+01
      1600  3.9999999999999258e+00  1.1249680002598178e-01  1.2091499331416096e+00 -8.063930e-02  6.839042e+00 -3.364031e+00  8.708128e+01 -8.509614e+01  1.459736e+03  2.735588e+01  2.551225e+03  7.1055546690725521e+01
      1610  4.0249999999999293e+00  1.1234483170067291e-01  1.2223755712244213e+00 -9.292822e-02  6.910122e+00 -3.568904e+00  8.900338e+01 -8.786168e+01  1.505470e+03  2.978226e+01  3.052961e+03  7.3953847733526857e+01
      1620  4.0499999999999332e+00  1.1219119898961863e-01  1.2357804228620468e+00 -1.047628e-01  6.979984e+00 -3.768617e+00  9.089334e+01 -9.053259e+01  1.550591e+03  3.238458e+01  3.633461e+03  7.6958386449314091e+01
      1630  4.0749999999999371e+00  1.1203587947817920e-01  1.2493646785587842e+00 -1.161075e-01  7.048482e+00 -3.962897e+00  9.274346e+01 -9.313240e+01  1.594873e+03  3.515292e+01  4.296710e+03  8.0066705354195790e+01
      1640  4.0999999999999410e+00  1.1187885074702843e-01  1.2631282210509749e+00 -1.269227e-01  7.115476e+00 -4.151261e+00  9.454584e+01 -9.567978e+01  1.638068e+03  3.807249e+01  5.044527e+03  8.3275643491028291e+01
      1650  4.1249999999999449e+00  1.1172009041117725e-01  1.2770706153769549e+00 -1.371643e-01  7.180837e+00 -4.332976e+00  9.629257e+01 -9.818619e+01  1.679909e+03  4.112349e+01  5.876028e+03  8.6581364113799083e+01
      1660  4.1499999999999488e+00  1.1155957616044185e-01  1.2911910954910835e+00 -1.467834e-01  7.244451e+00 -4.507023e+00  9.797584e+01 -1.006536e+02  1.720114e+03  4.428122e+01  6.787178e+03  8.9979393579789090e+01
      1670  4.1749999999999527e+00  1.1139728580184675e-01  1.3054885465732682e+00 -1.557261e-01  7.306217e+00 -4.672071e+00  9.958823e+01 -1.030726e+02  1.758397e+03  4.751640e+01  7.770452e+03  9.3464670045184917e+01
      1680  4.1999999999999567e+00  1.1123319730452702e-01  1.3199614823413481e+00 -1.639329e-01  7.366056e+00 -4.826463e+00  1.011230e+02 -1.054209e+02  1.794474e+03  5.079569e+01  8.814685e+03  9.7031600287748191e+01
      1690  4.2249999999999606e+00  1.1106728884782199e-01  1.3346080168703673e+00 -1.713393e-01  7.423912e+00 -4.968216e+00  1.025744e+02 -1.076628e+02  1.828081e+03  5.408257e+01  9.905148e+03  1.0067412283789196e+02
      1700  4.2499999999999645e+00  1.1089953887321824e-01  1.3494258306507803e+00 -1.778756e-01  7.479758e+00 -5.095038e+00  1.039380e+02 -1.097490e+02  1.858989e+03  5.733834e+01  1.102387e+04  1.0438577561658657e+02
      1710  4.2749999999999684e+00  1.1072992614093827e-01  1.3644121308600026e+00 -1.834676e-01  7.533602e+00 -5.204364e+00  1.052115e+02 -1.116179e+02  1.887027e+03  6.052339e+01  1.215027e+04  1.0815976646453350e+02
      1720  4.2999999999999723e+00  1.1055842979179242e-01  1.3795636060635947e+00 -1.880373e-01  7.585486e+00 -5.293408e+00  1.063948e+02 -1.131971e+02  1.912103e+03  6.359864e+01  1.326196e+04  1.1198904526493581e+02
      1730  4.3249999999999762e+00  1.1038502941508251e-01  1.3948763757838416e+00 -1.915041e-01  7.635499e+00 -5.359229e+00  1.074907e+02 -1.144063e+02  1.934232e+03  6.652702e+01  1.433584e+04  1.1586637671808059e+02
      1740  4.3499999999999801e+00  1.1020970512305558e-01  1.4103459355656101e+00 -1.937861e-01  7.683778e+00 -5.398815e+00  1.085054e+02 -1.151602e+02  1.953553e+03  6.927500e+01  1.534932e+04  1.1978441308870518e+02
      1750  4.3749999999999840e+00  1.1003243763249790e-01  1.4259670983355330e+00 -1.948025e-01  7.730509e+00 -5.409158e+00  1.094484e+02 -1.153713e+02  1.970352e+03  7.181389e+01  1.628149e+04  1.2373576629808106e+02
      1760  4.3999999999999879e+00  1.0985320835385491e-01  1.4417339330051804e+00 -1.944748e-01  7.775932e+00 -5.387337e+00  1.103334e+02 -1.149523e+02  1.985072e+03  7.412102e+01  1.711432e+04  1.2771307852135338e+02
      1770  4.4249999999999918e+00  1.0967199948815329e-01  1.4576397014477183e+00 -1.927300e-01  7.820340e+00 -5.330585e+00  1.111775e+02 -1.138180e+02  1.998309e+03  7.618043e+01  1.783367e+04  1.3170909005842282e+02
      1780  4.4499999999999957e+00  1.0948879413184988e-01  1.4736767952079783e+00 -1.895030e-01  7.864070e+00 -5.236338e+00  1.120012e+02 -1.118850e+02  2.010806e+03  7.798315e+01  1.842990e+04  1.3571670294961305e+02
      1790  4.4749999999999996e+00  1.0930357638956098e-01  1.4898366736057143e+00 -1.847386e-01  7.907501e+00 -5.102269e+00  1.128274e+02 -1.090711e+02  2.023424e+03  7.952697e+01  1.889829e+04  1.3972903906765322e+02
      1800  4.5000000000000036e+00  1.0911633149434302e-01  1.5061098052230517e+00 -1.783948e-01  7.951034e+00 -4.926301e+00  1.136812e+02 -1.052933e+02  2.037112e+03  8.081573e+01  1.923897e+04  1.4373949261178649e+02
      1810  4.5250000000000075e+00  1.0892704593501649e-01  1.5224856150281398e+00 -1.704447e-01  7.995083e+00 -4.706614e+00  1.145878e+02 -1.004657e+02  2.052867e+03  8.185826e+01  1.945651e+04  1.4774177871965369e+02
      1820  4.5500000000000114e+00  1.0873570758961321e-01  1.5389524394556333e+00 -1.608786e-01  8.040055e+00 -4.441644e+00  1.155724e+02 -9.449818e+01  2.071697e+03  8.266706e+01  1.955928e+04  1.5172998066237022e+02
      1830  4.5750000000000153e+00  1.0854230586386232e-01  1.5554974916003357e+00 -1.497055e-01  8.086326e+00 -4.130103e+00  1.166584e+02 -8.729597e+01  2.094588e+03  8.325694e+01  1.955862e+04  1.5569859539906167e+02
      1840  4.6000000000000192e+00  1.0834683183332458e-01  1.5721068384677181e+00 -1.369545e-01  8.134231e+00 -3.771018e+00  1.178669e+02 -7.876125e+01  2.122474e+03  8.364378e+01  1.946786e+04  1.5964257034522140e+02
      1850  4.6250000000000231e+00  1.0814927838748514e-01  1.5887653923319744e+00 -1.226753e-01  8.184038e+00 -3.363787e+00  1.192159e+02 -6.879659e+01  2.156216e+03  8.384351e+01  1.930139e+04  1.6355731664304065e+02
      1860  4.6500000000000270e+00  1.0794964037391933e-01  1.6054569189137353e+00 -1.069378e-01  8.235942e+00 -2.908269e+00  1.207197e+02 -5.731022e+01  2.196592e+03  8.387156e+01  1.907367e+04  1.6743868345125151e+02
      1870  4.6750000000000309e+00  1.0774791474020061e-01  1.6221640660045136e+00 -8.983176e-02  8.290051e+00 -2.404860e+00  1.223891e+02 -4.422211e+01  2.244288e+03  8.374285e+01  1.879856e+04  1.7128288906826188e+02
      1880  4.7000000000000348e+00  1.0754410067071365e-01  1.6388684164215839e+00 -7.146527e-02  8.346379e+00 -1.854580e+00  1.242305e+02 -2.946964e+01  2.299887e+03  8.347247e+01  1.848881e+04  1.7508642380009576e+02
      1890  4.7250000000000387e+00  1.0733819971514774e-01  1.6555505679168476e+00 -5.196259e-02  8.404844e+00 -1.259119e+00  1.262465e+02 -1.301185e+01  2.363861e+03  8.307671e+01  1.815617e+04  1.7884595263937950e+02
      1900  4.7500000000000426e+00  1.0713021590529878e-01  1.6721902399582522e+00 -3.146182e-02  8.465276e+00 -6.208603e-01  1.284355e+02  5.167928e+00  2.436559e+03  8.257413e+01  1.781158e+04  1.8255824074734073e+02
      1910  4.7750000000000465e+00  1.0692015585693498e-01  1.6887664044082040e+00 -1.011189e-02  8.527417e+00  5.714655e-02  1.307924e+02  2.506150e+01  2.518208e+03  8.198587e+01  1.746542e+04  1.8622010339846929e+02
      1920  4.8000000000000504e+00  1.0670802885405957e-01  1.7052574355715198e+00  1.193069e-02  8.590938e+00  7.712620e-01  1.333082e+02  4.663737e+01  2.608925e+03  8.133493e+01  1.712754e+04  1.8982836132608981e+02
      1930  4.8250000000000544e+00  1.0649384691338869e-01  1.7216412753886103e+00  3.450525e-02  8.655454e+00  1.517375e+00  1.359716e+02  6.984449e+01  2.708743e+03  8.064447e+01  1.680696e+04  1.9337977975678996e+02
      1940  4.8500000000000583e+00  1.0627762482739771e-01  1.7378956107711396e+00  5.745042e-02  8.720543e+00  2.291046e+00  1.387689e+02  9.461722e+01  2.817641e+03  7.993595e+01  1.651134e+04  1.9687098704596957e+02
      1950  4.8750000000000622e+00  1.0605938018451308e-01  1.7539980607176631e+00  8.060727e-02  8.785761e+00  3.087655e+00  1.416852e+02  1.208800e+02  2.935585e+03  7.922782e+01  1.624668e+04  2.0029839197265918e+02
      1960  4.9000000000000661e+00  1.0583913336547668e-01  1.7699263701706818e+00  1.038220e-01  8.850669e+00  3.902522e+00  1.447051e+02  1.485507e+02  3.062557e+03  7.853517e+01  1.601739e+04  2.0365812925079121e+02
      1970  4.9250000000000700e+00  1.0561690751525017e-01  1.7856586061180275e+00  1.269482e-01  8.914837e+00  4.730995e+00  1.478137e+02  1.775420e+02  3.198582e+03  7.787017e+01  1.582655e+04  2.0694605412671075e+02
      1980  4.9500000000000739e+00  1.0539272849056422e-01  1.8011733503815384e+00  1.498482e-01  8.977864e+00  5.568502e+00  1.509967e+02  2.077611e+02  3.343726e+03  7.724256e+01  1.567621e+04  2.1015778736260864e+02
      1990  4.9750000000000778e+00  1.0516662478383956e-01  1.8164498836569167e+00  1.723942e-01  9.039377e+00  6.410571e+00  1.542406e+02  2.391083e+02  3.498077e+03  7.665993e+01  1.556757e+04  2.1328879551724140e+02
      2000  5.0000000000000817e+00  1.0493862742491375e-01  1.8314683565624632e+00  1.944695e-01  9.099031e+00  7.252841e+00  1.575326e+02  2.714746e+02  3.661707e+03  7.612763e+01  1.550091e+04  2.1633448672452579e+02
      2010  5.0250000000000856e+00  1.0470876986231364e-01  1.8462099449985008e+00  2.159692e-01  9.156509e+00  8.091073e+00  1.608603e+02  3.047400e+02  3.834614e+03  7.564863e+01  1.547552e+04  2.1929030776522242e+02
      2020  5.0500000000000895e+00  1.0447708782619128e-01  1.8606569883239437e+00  2.368004e-01  9.211512e+00  8.921158e+00  1.642104e+02  3.387716e+02  4.016662e+03  7.522353e+01  1.548966e+04  2.2215183682195408e+02
      2030  5.0750000000000934e+00  1.0424361917511783e-01  1.8747931094943096e+00  2.568835e-01  9.263748e+00  9.739140e+00  1.675685e+02  3.734223e+02  4.207512e+03  7.485087e+01  1.554068e+04  2.2491487151196284e+02
      2040  5.1000000000000973e+00  1.0400840372902238e-01  1.8886033165732510e+00  2.761517e-01  9.312930e+00  1.054123e+01  1.709180e+02  4.085292e+02  4.406563e+03  7.452744e+01  1.562502e+04  2.2757551205269061e+02
      2050  5.1250000000001013e+00  1.0377148309062351e-01  1.9020740852374982e+00  2.945513e-01  9.358770e+00  1.132382e+01  1.742398e+02  4.439127e+02  4.612905e+03  7.424859e+01  1.573833e+04  2.3013023716392016e+02
      2060  5.1500000000001052e+00  1.0353290045777132e-01  1.9151934221925013e+00  3.120412e-01  9.400973e+00  1.208350e+01  1.775117e+02  4.793751e+02  4.825282e+03  7.400834e+01  1.587537e+04  2.3257596862857241e+02
      2070  5.1750000000001091e+00  1.0329270042905458e-01  1.9279509097889940e+00  3.285923e-01  9.439243e+00  1.281708e+01  1.807086e+02  5.147010e+02  5.042081e+03  7.379947e+01  1.603008e+04  2.3491012062624992e+02
      2080  5.2000000000001130e+00  1.0305092880496558e-01  1.9403377324982525e+00  3.441870e-01  9.473288e+00  1.352157e+01  1.838029e+02  5.496570e+02  5.261345e+03  7.361345e+01  1.619558e+04  2.3713063146877133e+02
      2090  5.2250000000001169e+00  1.0280763238688179e-01  1.9523466862377057e+00  3.588179e-01  9.502825e+00  1.419422e+01  1.867646e+02  5.839939e+02  5.480800e+03  7.344059e+01  1.636430e+04  2.3923597711357692e+02
      2100  5.2500000000001208e+00  1.0256285877588077e-01  1.9639721718509202e+00  3.724869e-01  9.527589e+00  1.483251e+01  1.895627e+02  6.174499e+02  5.697908e+03  7.327019e+01  1.652823e+04  2.4122516721684923e+02
      2110  5.2750000000001247e+00  1.0231665617329604e-01  1.9752101743307797e+00  3.852045e-01  9.547348e+00  1.543419e+01  1.921659e+02  6.497543e+02  5.909943e+03  7.309078e+01  1.667914e+04  2.4309772552629920e+02
      2120  5.3000000000001286e+00  1.0206907318468492e-01  1.9860582296109610e+00  3.969880e-01  9.561906e+00  1.599726e+01  1.945437e+02  6.806338e+02  6.114073e+03  7.289058e+01  1.680894e+04  2.4485365730342636e+02
      2130  5.3250000000001325e+00  1.0182015862862477e-01  1.9965153808811045e+00  4.078615e-01  9.571118e+00  1.652002e+01  1.966677e+02  7.098193e+02  6.307458e+03  7.265781e+01  1.690988e+04  2.4649340728425565e+02
      2140  5.3500000000001364e+00  1.0156996135152820e-01  2.0065821263771313e+00  4.178541e-01  9.574896e+00  1.700108e+01  1.985124e+02  7.370533e+02  6.487345e+03  7.238122e+01  1.697483e+04  2.4801781235628590e+02
      2150  5.3750000000001403e+00  1.0131853004943873e-01  2.0162603604385128e+00  4.269998e-01  9.573211e+00  1.743942e+01  2.000564e+02  7.620985e+02  6.651172e+03  7.205044e+01  1.699749e+04  2.4942805351377024e+02
      2160  5.4000000000001442e+00  1.0106591309751679e-01  2.0255533093173694e+00  4.353365e-01  9.566103e+00  1.783437e+01  2.012829e+02  7.847462e+02  6.796655e+03  7.165638e+01  1.697253e+04  2.5072561164189585e+02
      2170  5.4250000000001481e+00  1.0081215838785479e-01  2.0344654627999827e+00  4.429051e-01  9.553676e+00  1.818568e+01  2.021803e+02  8.048236e+02  6.921868e+03  7.119151e+01  1.689584e+04  2.5191223122345590e+02
      2180  5.4500000000001521e+00  1.0055731317601915e-01  2.0430025022133957e+00  4.497499e-01  9.536096e+00  1.849355e+01  2.027429e+02  8.222003e+02  7.025313e+03  7.065011e+01  1.676456e+04  2.5298989518457824e+02
      2190  5.4750000000001560e+00  1.0030142393685214e-01  2.0511712249002279e+00  4.559171e-01  9.513591e+00  1.875861e+01  2.029705e+02  8.367936e+02  7.105962e+03  7.002839e+01  1.657720e+04  2.5396081289724614e+02
      2200  5.5000000000001599e+00  1.0004453622992010e-01  2.0589794648247230e+00  4.614554e-01  9.486443e+00  1.898195e+01  2.028685e+02  8.485705e+02  7.163292e+03  6.932455e+01  1.633368e+04  2.5482742197743170e+02
      2210  5.5250000000001638e+00  9.9786694575159401e-02  2.0664360086808924e+00  4.664146e-01  9.454982e+00  1.916509e+01  2.024481e+02  8.575495e+02  7.197285e+03  6.853880e+01  1.603529e+04  2.5559240310627095e+02
      2220  5.5500000000001677e+00  9.9527942339326825e-02  2.0735505067408626e+00  4.708459e-01  9.419575e+00  1.930997e+01  2.017251e+02  8.637982e+02  7.208420e+03  6.767325e+01  1.568464e+04  2.5625870578751199e+02
      2230  5.5750000000001716e+00  9.9268321633947804e-02  2.0803333777337008e+00  4.748010e-01  9.380622e+00  1.941889e+01  2.007198e+02  8.674308e+02  7.197636e+03  6.673177e+01  1.528554e+04  2.5682958184373717e+02
      2240  5.6000000000001755e+00  9.9007873225562509e-02  2.0867957072642804e+00  4.783320e-01  9.338546e+00  1.949449e+01  1.994563e+02  8.686034e+02  7.166284e+03  6.571988e+01  1.484284e+04  2.5730862263576057e+02
      2250  5.6250000000001794e+00  9.8746636459049353e-02  2.0929491396479212e+00  4.814906e-01  9.293783e+00  1.953968e+01  1.979616e+02  8.675074e+02  7.116066e+03  6.464449e+01  1.436226e+04  2.5769979553180065e+02
      2260  5.6500000000001833e+00  9.8484649194890264e-02  2.0988057635046951e+00  4.843279e-01  9.246774e+00  1.955758e+01  1.962650e+02  8.643632e+02  7.048961e+03  6.351370e+01  1.385020e+04  2.5800747509113847e+02
      2270  5.6750000000001872e+00  9.8221947761054376e-02  2.1043779919762349e+00  4.868942e-01  9.197962e+00  1.955146e+01  1.943970e+02  8.594127e+02  6.967154e+03  6.233654e+01  1.331350e+04  2.5823646475351552e+02
      2280  5.7000000000001911e+00  9.7958566920141446e-02  2.1096784389423293e+00  4.892382e-01  9.147780e+00  1.952469e+01  1.923890e+02  8.529120e+02  6.872957e+03  6.112276e+01  1.275922e+04  2.5839200548784146e+02
      2290  5.7250000000001950e+00  9.7694539852137025e-02  2.1147197930784629e+00  4.914074e-01  9.096650e+00  1.948068e+01  1.902725e+02  8.451249e+02  6.768744e+03  5.988256e+01  1.219444e+04  2.5847976876747907e+02
      2300  5.7500000000001990e+00  9.7429898152908673e-02  2.1195146919653300e+00  4.934471e-01  9.044978e+00  1.942284e+01  1.880783e+02  8.363162e+02  6.656884e+03  5.862640e+01  1.162607e+04  2.5850583230541991e+02
      2310  5.7750000000002029e+00  9.7164671848362499e-02  2.1240755987131017e+00  4.954009e-01  8.993149e+00  1.935450e+01  1.858363e+02  8.267460e+02  6.539687e+03  5.736474e+01  1.106064e+04  2.5847663810438598e+02
      2320  5.8000000000002068e+00  9.6898889423680259e-02  2.1284146836779141e+00  4.973101e-01  8.941529e+00  1.927892e+01  1.835749e+02  8.166658e+02  6.419358e+03  5.610789e+01  1.050420e+04  2.5839893347144994e+02
      2330  5.8250000000002107e+00  9.6632577866900216e-02  2.1325437138306258e+00  4.992134e-01  8.890458e+00  1.919922e+01  1.813212e+02  8.063139e+02  6.297964e+03  5.486584e+01  9.962200e+03  2.5827969664716403e+02
      2340  5.8500000000002146e+00  9.6365762725742987e-02  2.1364739521834570e+00  5.011474e-01  8.840255e+00  1.911837e+01  1.790999e+02  7.959134e+02  6.177409e+03  5.364811e+01  9.439392e+03  2.5812604955621731e+02
      2350  5.8750000000002185e+00  9.6098468176244803e-02  2.1402160694157910e+00  5.031458e-01  8.791213e+00  1.903916e+01  1.769342e+02  7.856698e+02  6.059421e+03  5.246366e+01  8.939810e+03  2.5794516086368634e+02
      2360  5.9000000000002224e+00  9.5830717101591550e-02  2.1437800694761422e+00  5.052398e-01  8.743600e+00  1.896417e+01  1.748449e+02  7.757699e+02  5.945539e+03  5.132079e+01  8.466755e+03  2.5774414299407420e+02
      2370  5.9250000000002263e+00  9.5562531179316026e-02  2.1471752305018339e+00  5.074575e-01  8.697659e+00  1.889579e+01  1.728508e+02  7.663813e+02  5.837117e+03  5.022711e+01  8.022818e+03  2.5752994702684504e+02
      2380  5.9500000000002302e+00  9.5293930974854876e-02  2.1504100619170137e+00  5.098242e-01  8.653608e+00  1.883615e+01  1.709687e+02  7.576521e+02  5.735330e+03  4.918946e+01  7.609918e+03  2.5730925941968366e+02
      2390  5.9750000000002341e+00  9.5024936039473415e-02  2.1534922780652486e+00  5.123621e-01  8.611638e+00  1.878716e+01  1.692131e+02  7.497114e+02  5.641177e+03  4.821390e+01  7.229361e+03  2.5708840433953770e+02
      2400  6.0000000000002380e+00  9.4755565010409354e-02  2.1564287882385318e+00  5.150901e-01  8.571913e+00  1.875050e+01  1.675967e+02  7.426696e+02  5.555495e+03  4.730570e+01  6.881911e+03  2.5687325502180408e+02
      2410  6.0250000000002419e+00  9.4485835711328542e-02  2.1592257024913382e+00  5.180240e-01  8.534572e+00  1.872756e+01  1.661299e+02  7.366191e+02  5.478967e+03  4.646930e+01  6.567864e+03  2.5666915706203298e+02
      2420  6.0500000000002458e+00  9.4215765251068118e-02  2.1618883522120167e+00  5.211763e-01  8.499723e+00  1.871949e+01  1.648215e+02  7.316347e+02  5.412137e+03  4.570832e+01  6.287114e+03  2.5648086591194891e+02
      2430  6.0750000000002498e+00  9.3945370118986765e-02  2.1644213240629475e+00  5.245562e-01  8.467446e+00  1.872718e+01  1.636778e+02  7.277746e+02  5.355415e+03  4.502551e+01  6.039231e+03  2.5631250014807296e+02
      2440  6.1000000000002537e+00  9.3674666275313748e-02  2.1668285056197707e+00  5.281696e-01  8.437791e+00  1.875126e+01  1.627037e+02  7.250806e+02  5.309090e+03  4.442277e+01  5.823509e+03  2.5616751135479871e+02
      2450  6.1250000000002576e+00  9.3403669235172598e-02  2.1691131408365161e+00  5.320191e-01  8.410776e+00  1.879207e+01  1.619017e+02  7.235786e+02  5.273331e+03  4.390110e+01  5.639023e+03  2.5604867075869981e+02
      2460  6.1500000000002615e+00  9.3132394145127653e-02  2.1712778933402430e+00  5.361040e-01  8.386388e+00  1.884969e+01  1.612725e+02  7.232789e+02  5.248196e+03  4.346059e+01  5.484662e+03  2.5595807210743448e+02
      2470  6.1750000000002654e+00  9.2860855851480698e-02  2.1733249155123406e+00  5.404208e-01  8.364583e+00  1.892394e+01  1.608146e+02  7.241764e+02  5.233629e+03  4.310042e+01  5.359157e+03  2.5589714973433297e+02
      2480  6.2000000000002693e+00  9.2589068959649093e-02  2.1752559213345868e+00  5.449627e-01  8.345282e+00  1.901439e+01  1.605247e+02  7.262505e+02  5.229463e+03  4.281882e+01  5.261096e+03  2.5586671030832269e+02
      2490  6.2250000000002732e+00  9.2317047884299702e-02  2.1770722610593407e+00  5.497203e-01  8.328376e+00  1.912034e+01  1.603973e+02  7.294652e+02  5.235417e+03  4.261314e+01  5.188933e+03  2.5586697644772153e+02
      2500  6.2500000000002771e+00  9.2044806890155484e-02  2.1787749958900733e+00  5.546816e-01  8.313722e+00  1.924085e+01  1.604248e+02  7.337689e+02  5.251093e+03  4.247979e+01  5.140996e+03  2.5589764017295349e+02
      2510  6.2750000000002810e+00  9.1772360123526991e-02  2.1803649710209432e+00  5.598320e-01  8.301151e+00  1.937474e+01  1.605976e+02  7.390951e+02  5.275974e+03  4.241436e+01  5.115480e+03  2.5595792407913382e+02
      2520  6.3000000000002849e+00  9.1499721634911324e-02  2.1818428855732686e+00  5.651549e-01  8.290461e+00  1.952063e+01  1.609042e+02  7.453617e+02  5.309422e+03  4.241163e+01  5.110454e+03  2.5604664810834953e+02
      2530  6.3250000000002888e+00  9.1226905393093999e-02  2.1832093581663718e+00  5.706318e-01  8.281425e+00  1.967691e+01  1.613309e+02  7.524718e+02  5.350679e+03  4.246570e+01  5.123864e+03  2.5616229987494467e+02
      2540  6.3500000000002927e+00  9.0953925291404017e-02  2.1844649870701138e+00  5.762422e-01  8.273795e+00  1.984181e+01  1.618624e+02  7.603143e+02  5.398862e+03  4.257004e+01  5.153540e+03  2.5630310662541052e+02
      2550  6.3750000000002967e+00  9.0680795146804494e-02  2.1856104040951529e+00  5.819643e-01  8.267298e+00  2.001339e+01  1.624818e+02  7.687648e+02  5.452974e+03  4.271766e+01  5.197205e+03  2.5646710707853833e+02
      2560  6.4000000000003006e+00  9.0407528692712319e-02  2.1866463215793863e+00  5.877751e-01  8.261647e+00  2.018960e+01  1.631703e+02  7.776863e+02  5.511904e+03  4.290121e+01  5.252503e+03  2.5665222157552870e+02
      2570  6.4250000000003045e+00  9.0134139566346874e-02  2.1875735720269378e+00  5.936506e-01  8.256542e+00  2.036824e+01  1.639084e+02  7.869315e+02  5.574442e+03  4.311313e+01  5.317016e+03  2.5685631916084247e+02
      2580  6.4500000000003084e+00  8.9860641291647281e-02  2.1883931401427463e+00  5.995660e-01  8.251675e+00  2.054708e+01  1.646750e+02  7.963438e+02  5.639291e+03  4.334579e+01  5.388300e+03  2.5707728040408114e+02
      2590  6.4750000000003123e+00  8.9587047258642180e-02  2.1891061871828712e+00  6.054960e-01  8.246730e+00  2.072381e+01  1.654489e+02  8.057599e+02  5.705083e+03  4.359163e+01  5.463918e+03  2.5731305495687701e+02
      2600  6.5000000000003162e+00  8.9313370700238287e-02  2.1897140677076621e+00  6.114150e-01  8.241396e+00  2.089613e+01  1.662080e+02  8.150123e+02  5.770400e+03  4.384327e+01  5.541479e+03  2.5756171301540093e+02
      2610  6.5250000000003201e+00  8.9039624667421644e-02  2.1902183389795873e+00  6.172973e-01  8.235363e+00  2.106175e+01  1.669305e+02  8.239318e+02  5.833799e+03  4.409370e+01  5.618682e+03  2.5782149003035141e+02
      2620  6.5500000000003240e+00  8.8765822003668782e-02  2.1906207633919914e+00  6.231172e-01  8.228332e+00  2.121843e+01  1.675947e+02  8.323500e+02  5.893831e+03  4.433631e+01  5.693352e+03  2.5809082417581044e+02
      2630  6.5750000000003279e+00  8.8491975319511793e-02  2.1909233044431002e+00  6.288494e-01  8.220015e+00  2.136400e+01  1.681796e+02  8.401028e+02  5.949075e+03  4.456505e+01  5.763480e+03  2.5836838625917011e+02
      2640  6.6000000000003318e+00  8.8218096967941917e-02  2.1911281168856802e+00  6.344689e-01  8.210141e+00  2.149641e+01  1.686652e+02  8.470326e+02  5.998160e+03  4.477450e+01  5.827264e+03  2.5865310192963796e+02
      2650  6.6250000000003357e+00  8.7944199021392042e-02  2.1912375317775523e+00  6.399511e-01  8.198459e+00  2.161374e+01  1.690327e+02  8.529913e+02  6.039790e+03  4.495989e+01  5.883130e+03  2.5894416622285132e+02
      2660  6.6500000000003396e+00  8.7670293250862660e-02  2.1912540372343727e+00  6.452721e-01  8.184740e+00  2.171422e+01  1.692649e+02  8.578427e+02  6.072773e+03  4.511720e+01  5.929765e+03  2.5924105066207159e+02
      2670  6.6750000000003435e+00  8.7396391107668336e-02  2.1911802557383968e+00  6.504086e-01  8.168780e+00  2.179626e+01  1.693463e+02  8.614649e+02  6.096039e+03  4.524317e+01  5.966128e+03  2.5954350331754995e+02
      2680  6.7000000000003475e+00  8.7122503708197435e-02  2.1910189188860127e+00  6.553382e-01  8.150400e+00  2.185844e+01  1.692634e+02  8.637518e+02  6.108659e+03  4.533526e+01  5.991461e+03  2.5985154239713535e+02
      2690  6.7250000000003514e+00  8.6848641821947847e-02  2.1907728404559350e+00  6.600391e-01  8.129450e+00  2.189955e+01  1.690049e+02  8.646151e+02  6.109864e+03  4.539170e+01  6.005287e+03  2.6016544409388308e+02
      2700  6.7500000000003553e+00  8.6574815862965032e-02  2.1904448886604162e+00  6.644903e-01  8.105809e+00  2.191858e+01  1.685616e+02  8.639847e+02  6.099051e+03  4.541143e+01  6.007402e+03  2.6048572553990971e+02
      2710  6.7750000000003592e+00  8.6301035884790336e-02  2.1900379583932903e+00  6.686719e-01  8.079384e+00  2.191472e+01  1.679266e+02  8.618098e+02  6.075793e+03  4.539404e+01  5.997859e+03  2.6081312380005204e+02
      2720  6.8000000000003631e+00  8.6027311578819946e-02  2.1895549442229107e+00  6.725645e-01  8.050108e+00  2.188736e+01  1.670954e+02  8.580586e+02  6.039839e+03  4.533974e+01  5.976942e+03  2.6114857187625876e+02
      2730  6.8250000000003670e+00  8.5753652275954093e-02  2.1889987147985250e+00  6.761499e-01  8.017947e+00  2.183609e+01  1.660657e+02  8.527186e+02  5.991116e+03  4.524926e+01  5.945138e+03  2.6149317267884533e+02
      2740  6.8500000000003709e+00  8.5480066951341069e-02  2.1883720892479817e+00  6.794106e-01  7.982890e+00  2.176069e+01  1.648373e+02  8.457955e+02  5.929718e+03  4.512378e+01  5.903105e+03  2.6184817185253877e+02
      2750  6.8750000000003748e+00  8.5206564231909948e-02  2.1876778160527590e+00  6.823301e-01  7.944955e+00  2.166114e+01  1.634120e+02  8.373124e+02  5.855899e+03  4.496485e+01  5.851632e+03  2.6221493022590818e+02
      2760  6.9000000000003787e+00  8.4933152406374196e-02  2.1869185547990764e+00  6.848930e-01  7.904181e+00  2.153755e+01  1.617939e+02  8.273085e+02  5.770064e+03  4.477429e+01  5.791603e+03  2.6259489648860193e+02
      2770  6.9250000000003826e+00  8.4659839437317530e-02  2.1860968611252263e+00  6.870849e-01  7.860635e+00  2.139023e+01  1.599885e+02  8.158380e+02  5.672750e+03  4.455412e+01  5.723962e+03  2.6298958050021679e+02
      2780  6.9500000000003865e+00  8.4386632974948930e-02  2.1852151751240871e+00  6.888923e-01  7.814401e+00  2.121960e+01  1.580031e+02  8.029678e+02  5.564613e+03  4.430646e+01  5.649675e+03  2.6340052740931628e+02
      2790  6.9750000000003904e+00  8.4113540372081463e-02  2.1842758134191809e+00  6.903031e-01  7.765587e+00  2.102624e+01  1.558465e+02  7.887766e+02  5.446409e+03  4.403344e+01  5.569701e+03  2.6382929252352108e+02
      2800  7.0000000000003944e+00  8.3840568699859452e-02  2.1832809651128136e+00  6.913063e-01  7.714316e+00  2.081082e+01  1.535286e+02  7.733524e+02  5.318980e+03  4.373716e+01  5.484963e+03  2.6427741663853055e+02
      2810  7.0250000000003983e+00  8.3567724763734516e-02  2.1822326918140948e+00  6.918923e-01  7.660728e+00  2.057415e+01  1.510607e+02  7.567913e+02  5.183232e+03  4.341962e+01  5.396321e+03  2.6474640132325561e+02
      2820  7.0500000000004022e+00  8.3295015119192323e-02  2.1811329319823236e+00  6.920530e-01  7.604979e+00  2.031710e+01  1.484547e+02  7.391956e+02  5.040121e+03  4.308264e+01  5.304560e+03  2.6523768349408886e+02
      2830  7.0750000000004061e+00  8.3022446086624915e-02  2.1799835098723195e+00  6.917814e-01  7.547235e+00  2.004063e+01  1.457233e+02  7.206721e+02  4.890638e+03  4.272783e+01  5.210371e+03  2.6575260852059813e+02
      2840  7.1000000000004100e+00  8.2750023764798217e-02  2.1787861494252447e+00  6.910724e-01  7.487675e+00  1.974579e+01  1.428801e+02  7.013306e+02  4.735789e+03  4.235658e+01  5.114345e+03  2.6629240111810878e+02
      2850  7.1250000000004139e+00  8.2477754042247040e-02  2.1775424935059329e+00  6.899223e-01  7.426487e+00  1.943368e+01  1.399386e+02  6.812824e+02  4.576585e+03  4.197002e+01  5.016966e+03  2.6685813342899019e+02
      2860  7.1500000000004178e+00  8.2205642605911677e-02  2.1762541289255104e+00  6.883291e-01  7.363862e+00  1.910542e+01  1.369129e+02  6.606390e+02  4.414029e+03  4.156899e+01  4.918614e+03  2.6745068999516928e+02
      2870  7.1750000000004217e+00  8.1933694946258184e-02  2.1749226176834369e+00  6.862922e-01  7.300001e+00  1.876222e+01  1.338173e+02  6.395109e+02  4.249101e+03  4.115408e+01  4.819567e+03  2.6807072978592350e+02
      2880  7.2000000000004256e+00  8.1661916358094847e-02  2.1735495348031679e+00  6.838127e-01  7.235105e+00  1.840529e+01  1.306658e+02  6.180065e+02  4.082753e+03  4.072562e+01  4.720006e+03  2.6871864604787515e+02
      2890  7.2250000000004295e+00  8.1390311936213447e-02  2.1721365129935251e+00  6.808930e-01  7.169376e+00  1.803587e+01  1.274726e+02  5.962311e+02  3.915897e+03  4.028366e+01  4.620028e+03  2.6939452544063568e+02
      2900  7.2500000000004334e+00  8.1118886565053533e-02  2.1706852941398642e+00  6.775369e-01  7.103016e+00  1.765522e+01  1.242513e+02  5.742862e+02  3.749398e+03  3.982808e+01  4.519654e+03  2.7009810863136801e+02
      2910  7.2750000000004373e+00  8.0847644901476390e-02  2.1691977873089980e+00  6.737494e-01  7.036223e+00  1.726460e+01  1.210155e+02  5.522686e+02  3.584068e+03  3.935853e+01  4.418842e+03  2.7082875514172508e+02
      2920  7.3000000000004412e+00  8.0576591349953763e-02  2.1676761325542118e+00  6.695361e-01  6.969192e+00  1.686527e+01  1.177781e+02  5.302696e+02  3.420661e+03  3.887452e+01  4.317507e+03  2.7158541565865761e+02
      2930  7.3250000000004452e+00  8.0305730029455444e-02  2.1661227693599461e+00  6.649036e-01  6.902110e+00  1.645848e+01  1.145514e+02  5.083749e+02  3.259869e+03  3.837546e+01  4.215526e+03  2.7236661513566918e+02
      2940  7.3500000000004491e+00  8.0035064731577149e-02  2.1645405081054876e+00  6.598588e-01  6.835160e+00  1.604547e+01  1.113474e+02  4.866641e+02  3.102320e+03  3.786070e+01  4.112762e+03  2.7317044975672366e+02
      2950  7.3750000000004530e+00  7.9764598869657144e-02  2.1629326025045765e+00  6.544086e-01  6.768512e+00  1.562743e+01  1.081769e+02  4.652099e+02  2.948570e+03  3.732955e+01  4.009072e+03  2.7399460019649928e+02
      2960  7.4000000000004569e+00  7.9494335418891934e-02  2.1613028206406408e+00  6.485597e-01  6.702329e+00  1.520554e+01  1.050505e+02  4.440784e+02  2.799113e+03  3.678139e+01  3.904325e+03  2.7483636263576284e+02
      2970  7.4250000000004608e+00  7.9224276847797898e-02  2.1596555120069532e+00  6.423185e-01  6.636764e+00  1.478093e+01  1.019775e+02  4.233285e+02  2.654367e+03  3.621568e+01  3.798412e+03  2.7569269778559266e+02
      2980  7.4500000000004647e+00  7.8954425041683013e-02  2.1579956679036441e+00  6.356906e-01  6.571960e+00  1.435466e+01  9.896648e+01  4.030125e+02  2.514688e+03  3.563203e+01  3.691257e+03  2.7656029689007545e+02
      2990  7.4750000000004686e+00  7.8684781219108352e-02  2.1563289726527612e+00  6.286807e-01  6.508048e+00  1.392775e+01  9.602526e+01  3.831752e+02  2.380360e+03  3.503023e+01  3.582829e+03  2.7743566248355438e+02
      3000  7.5000000000004725e+00  7.8415345842653320e-02  2.1546618433431273e+00  6.212924e-01  6.445152e+00  1.350113e+01  9.316063e+01  3.638547e+02  2.251604e+03  3.441033e+01  3.473145e+03  2.7831520073274817e+02
      3010  7.5250000000004764e+00  7.8146118525522251e-02  2.1530014561885973e+00  6.135283e-01  6.383387e+00  1.307567e+01  9.037857e+01  3.450823e+02  2.128580e+03  3.377262e+01  3.362277e+03  2.7919532161247332e+02
      3020  7.5500000000004803e+00  7.7877097935776463e-02  2.1513557580195681e+00  6.053898e-01  6.322862e+00  1.265214e+01  8.768419e+01  3.268827e+02  2.011390e+03  3.311771e+01  3.250349e+03  2.8007254299681892e+02
      3030  7.5750000000004842e+00  7.7608281700105280e-02  2.1497334618863615e+00  5.968776e-01  6.263681e+00  1.223122e+01  8.508182e+01  3.092743e+02  1.900083e+03  3.244653e+01  3.137546e+03  2.8094359497397011e+02
      3040  7.6000000000004881e+00  7.7339666309191507e-02  2.1481440261821674e+00  5.879912e-01  6.205945e+00  1.181351e+01  8.257509e+01  2.922694e+02  1.794661e+03  3.176033e+01  3.024099e+03  2.8180552122285371e+02
      3050  7.6250000000004921e+00  7.7071247026699402e-02  2.1465976170631880e+00  5.787299e-01  6.149754e+00  1.139949e+01  8.016704e+01  2.758746e+02  1.695086e+03  3.106069e+01  2.910287e+03  2.8265577498799496e+02
      3060  7.6500000000004960e+00  7.6803017804036922e-02  2.1451050542384849e+00  5.690927e-01  6.095213e+00  1.098952e+01  7.786023e+01  2.600905e+02  1.601288e+03  3.034948e+01  2.796429e+03  2.8349230790227944e+02
      3070  7.6750000000004999e+00  7.6534971202885133e-02  2.1436777404203315e+00  5.590787e-01  6.042429e+00  1.058387e+01  7.565692e+01  2.449123e+02  1.513172e+03  2.962886e+01  2.682871e+03  2.8431365049726367e+02
      3080  7.7000000000005038e+00  7.6267098327566729e-02  2.1423275748859929e+00  5.486878e-01  5.991519e+00  1.018267e+01  7.355925e+01  2.303296e+02  1.430628e+03  2.890121e+01  2.569977e+03  2.8511898360850620e+02
      3090  7.7250000000005077e+00  7.5999388769180720e-02  2.1410668517328579e+00  5.379209e-01  5.942608e+00  9.785944e+00  7.156939e+01  2.163263e+02  1.353542e+03  2.816911e+01  2.458121e+03  2.8590819998796326e+02
      3100  7.7500000000005116e+00  7.5731830563357777e-02  2.1399081435379901e+00  5.267807e-01  5.895833e+00  9.393603e+00  6.968976e+01  2.028804e+02  1.281805e+03  2.743523e+01  2.347672e+03  2.8668195529701603e+02
      3110  7.7750000000005155e+00  7.5464410163455148e-02  2.1388641712878242e+00  5.152725e-01  5.851342e+00  9.005441e+00  6.792319e+01  1.899638e+02  1.215325e+03  2.670234e+01  2.238987e+03  2.8744170734967020e+02
      3120  7.8000000000005194e+00  7.5197112430787152e-02  2.1379476616426301e+00  5.034041e-01  5.809298e+00  8.621156e+00  6.627308e+01  1.775424e+02  1.154037e+03  2.597318e+01  2.132400e+03  2.8818974212172225e+02
      3130  7.8250000000005233e+00  7.4929920643436926e-02  2.1371711928419983e+00  4.911873e-01  5.769873e+00  8.240366e+00  6.474354e+01  1.655756e+02  1.097913e+03  2.525043e+01  2.028210e+03  2.8892918477339845e+02
      3140  7.8500000000005272e+00  7.4662816524957668e-02  2.1365470308327392e+00  4.786382e-01  5.733250e+00  7.862636e+00  6.333939e+01  1.540168e+02  1.046972e+03  2.453664e+01  1.926684e+03  2.8966399387369125e+02
      3150  7.8750000000005311e+00  7.4395780294070901e-02  2.1360869574808490e+00  4.657781e-01  5.699618e+00  7.487514e+00  6.206621e+01  1.428141e+02  1.001283e+03  2.383421e+01  1.828042e+03  2.9039893725466840e+02
      3160  7.9000000000005350e+00  7.4128790736213451e-02  2.1358020929808172e+00  4.526338e-01  5.669172e+00  7.114573e+00  6.093023e+01  1.319110e+02  9.609692e+02  2.314532e+01  1.732464e+03  2.9113954849887290e+02
      3170  7.9250000000005389e+00  7.3861825297553932e-02  2.1357027147609444e+00  4.392387e-01  5.642102e+00  6.743464e+00  5.993816e+01  1.212484e+02  9.262085e+02  2.247194e+01  1.640083e+03  2.9189206394374850e+02
      3180  7.9500000000005429e+00  7.3594860201704110e-02  2.1357980752713237e+00  4.256329e-01  5.618597e+00  6.373979e+00  5.909695e+01  1.107666e+02  8.972247e+02  2.181582e+01  1.550994e+03  2.9266334118456268e+02
      3190  7.9750000000005468e+00  7.3327870589185842e-02  2.1360962210098866e+00  4.118637e-01  5.598833e+00  6.006109e+00  5.841346e+01  1.004085e+02  8.742775e+02  2.117849e+01  1.465254e+03  2.9346076123300219e+02
      3200  8.0000000000005507e+00  7.3060830679300762e-02  2.1366038149898374e+00  3.979857e-01  5.582971e+00  5.640104e+00  5.789412e+01  9.012274e+01  8.576449e+02  2.056131e+01  1.382888e+03  2.9429211758155355e+02
      3210  8.0250000000005457e+00  7.2793713953892697e-02  2.1373259645876996e+00  3.840600e-01  5.571155e+00  5.276533e+00  5.754449e+01  7.986807e+01  8.476021e+02  1.996548e+01  1.303900e+03  2.9516549627455595e+02
      3220  8.0500000000005407e+00  7.2526493362196520e-02  2.1382660563725522e+00  3.701545e-01  5.563504e+00  4.916325e+00  5.736896e+01  6.961693e+01  8.443960e+02  1.939213e+01  1.228275e+03  2.9608915156659236e+02
      3230  8.0750000000005357e+00  7.2259141545834585e-02  2.1394255991442415e+00  3.563417e-01  5.560116e+00  4.560790e+00  5.737032e+01  5.935946e+01  8.482192e+02  1.884234e+01  1.155990e+03  2.9707138177022671e+02
      3240  8.1000000000005308e+00  7.1991631082877205e-02  2.1408040760666203e+00  3.426983e-01  5.561062e+00  4.211630e+00  5.754956e+01  4.910665e+01  8.591841e+02  1.831721e+01  1.087025e+03  2.9812040940802535e+02
      3250  8.1250000000005258e+00  7.1723934749776480e-02  2.1423988065316144e+00  3.293023e-01  5.566390e+00  3.870906e+00  5.790575e+01  3.889256e+01  8.773017e+02  1.781794e+01  1.021365e+03  2.9924426876191563e+02
      3260  8.1500000000005208e+00  7.1456025799947712e-02  2.1442048183054898e+00  3.162318e-01  5.576125e+00  3.540989e+00  5.843595e+01  2.877517e+01  9.024661e+02  1.734591e+01  9.590124e+02  3.0045070234389374e+02
      3270  8.1750000000005159e+00  7.1187878257636159e-02  2.1462147306599313e+00  3.035614e-01  5.590272e+00  3.224476e+00  5.913543e+01  1.883560e+01  9.344493e+02  1.690276e+01  8.999905e+02  3.0174706571519192e+02
      3280  8.2000000000005109e+00  7.0919467225670968e-02  2.1484186496364868e+00  2.913604e-01  5.608822e+00  2.924085e+00  5.999788e+01  9.175662e+00  9.729047e+02  1.649047e+01  8.443547e+02  3.0314023754007076e+02
      3290  8.2250000000005059e+00  7.0650769205443609e-02  2.1508040773942327e+00  2.796895e-01  5.631752e+00  2.642525e+00  6.101578e+01 -8.627724e-02  1.017382e+03  1.611153e+01  7.922033e+02  3.0463652896339192e+02
      3300  8.2500000000005009e+00  7.0381762427196806e-02  2.1533558387565219e+00  2.685987e-01  5.659032e+00  2.382364e+00  6.218087e+01 -8.820759e+00  1.067349e+03  1.576901e+01  7.436934e+02  3.0624158367290397e+02
      3310  8.2750000000004960e+00  7.0112427188185181e-02  2.1560560295855327e+00  2.581247e-01  5.690624e+00  2.145885e+00  6.348453e+01 -1.689365e+01  1.122223e+03  1.546680e+01  6.990615e+02  3.0796025784470351e+02
      3320  8.3000000000004910e+00  6.9842746195610039e-02  2.1588839933686041e+00  2.482893e-01  5.726489e+00  1.934967e+00  6.491823e+01 -2.417296e+01  1.181399e+03  1.520969e+01  6.586503e+02  3.0979646826004023e+02
      3330  8.3250000000004860e+00  6.9572704910296754e-02  2.1618163342104282e+00  2.390984e-01  5.766583e+00  1.750975e+00  6.647383e+01 -3.053535e+01  1.244282e+03  1.500354e+01  6.229436e+02  3.1175299802779278e+02
      3340  8.3500000000004810e+00  6.9302291885989076e-02  2.1648269759935364e+00  2.305417e-01  5.810859e+00  1.594693e+00  6.814380e+01 -3.587196e+01  1.310317e+03  1.485530e+01  5.926081e+02  3.1383125322289203e+02
      3350  8.3750000000004761e+00  6.9031499097795671e-02  2.1678872784179646e+00  2.225931e-01  5.859264e+00  1.466293e+00  6.992134e+01 -4.009278e+01  1.379002e+03  1.477298e+01  5.685377e+02  3.1603097052507383e+02
      3360  8.4000000000004711e+00  6.8760322252038389e-02  2.1709662205503810e+00  2.152126e-01  5.911738e+00  1.365349e+00  7.180040e+01 -4.312953e+01  1.449911e+03  1.476537e+01  5.518901e+02  3.1834988500612775e+02
      3370  8.4250000000004661e+00  6.8488761068437376e-02  2.1740306610706015e+00  2.083486e-01  5.968210e+00  1.290896e+00  7.377565e+01 -4.493651e+01  1.522695e+03  1.484160e+01  5.441066e+02  3.2078337726997961e+02
      3380  8.4500000000004611e+00  6.8216819524636263e-02  2.1770456814529244e+00  2.019413e-01  6.028596e+00  1.241539e+00  7.584249e+01 -4.548969e+01  1.597093e+03  1.501047e+01  5.469005e+02  3.2332412861729858e+02
      3390  8.4750000000004562e+00  6.7944506052524889e-02  2.1799750139598357e+00  1.959269e-01  6.092800e+00  1.215599e+00  7.799698e+01 -4.478404e+01  1.672935e+03  1.527964e+01  5.622009e+02  3.2596182027059615e+02
      3400  8.5000000000004512e+00  6.7671833675915269e-02  2.1827815508876611e+00  1.902418e-01  6.160706e+00  1.211273e+00  8.023598e+01 -4.282954e+01  1.750141e+03  1.565466e+01  5.920423e+02  3.2868291652424398e+02
      3410  8.5250000000004462e+00  6.7398820079936181e-02  2.1854279254890603e+00  1.848279e-01  6.232184e+00  1.226825e+00  8.255713e+01 -3.964627e+01  1.828730e+03  1.613805e+01  6.383955e+02  3.3147057058907393e+02
      3420  8.5500000000004412e+00  6.7125487604125358e-02  2.1878771489782611e+00  1.796365e-01  6.307082e+00  1.260760e+00  8.495901e+01 -3.525913e+01  1.908819e+03  1.672858e+01  7.029547e+02  3.3430468510640225e+02
      3430  8.5750000000004363e+00  6.6851863153441812e-02  2.1900932826111492e+00  1.746325e-01  6.385229e+00  1.311980e+00  8.744116e+01 -2.969274e+01  1.990621e+03  1.742076e+01  7.869030e+02  3.3716214772279517e+02
      3440  8.6000000000004313e+00  6.6577978024365742e-02  2.1920421195772102e+00  1.697979e-01  6.466427e+00  1.379906e+00  9.000400e+01 -2.296696e+01  2.074445e+03  1.820481e+01  8.906940e+02  3.4001724860767342e+02
      3450  8.6250000000004263e+00  6.6303867646588854e-02  2.1936918487809058e+00  1.651334e-01  6.550451e+00  1.464550e+00  9.264867e+01 -1.509371e+01  2.160684e+03  1.906693e+01  1.013886e+03  3.4284227430682802e+02
      3460  8.6500000000004214e+00  6.6029571244341459e-02  2.1950136717165671e+00  1.606596e-01  6.637041e+00  1.566541e+00  9.537665e+01 -6.074883e+00  2.249792e+03  1.999007e+01  1.155063e+03  3.4560826096563551e+02
      3470  8.6750000000004164e+00  6.5755131425001223e-02  2.1959823445814171e+00  1.564159e-01  6.725897e+00  1.687089e+00  9.818935e+01  4.098382e+00  2.342272e+03  2.095498e+01  1.311874e+03  3.4828587657565373e+02
      3480  8.7000000000004114e+00  6.5480593705925669e-02  2.1965766204572788e+00  1.524589e-01  6.816676e+00  1.827909e+00  1.010876e+02  1.544556e+01  2.438640e+03  2.194145e+01  1.481177e+03  3.5084638427446015e+02
      3490  8.7250000000004064e+00  6.5206005993357255e-02  2.1967795708234745e+00  1.488592e-01  6.908988e+00  1.991105e+00  1.040711e+02  2.799577e+01  2.539406e+03  2.292971e+01  1.659299e+03  3.5326262090084884e+02
      3500  8.7500000000004015e+00  6.4931418029470084e-02  2.1965787717566934e+00  1.456977e-01  7.002394e+00  2.179034e+00  1.071380e+02  4.178623e+01  2.645052e+03  2.390166e+01  1.842344e+03  3.5550991679431218e+02
      3510  8.7750000000003965e+00  6.4656880825015056e-02  2.1959663475926599e+00  1.430609e-01  7.096412e+00  2.394154e+00  1.102849e+02  5.686017e+01  2.756011e+03  2.484200e+01  2.026536e+03  3.5756689138537411e+02
      3520  8.8000000000003915e+00  6.4382446095406914e-02  2.1949388729084909e+00  1.410370e-01  7.190525e+00  2.638871e+00  1.135063e+02  7.326482e+01  2.872663e+03  2.573893e+01  2.208516e+03  3.5941608029303546e+02
      3530  8.8250000000003865e+00  6.4108165717496141e-02  2.1934971417159606e+00  1.397110e-01  7.284188e+00  2.915413e+00  1.167955e+02  9.104931e+01  2.995326e+03  2.658450e+01  2.385569e+03  3.6104436979151251e+02
      3540  8.8500000000003816e+00  6.3834091222676165e-02  2.1916458202437394e+00  1.391619e-01  7.376843e+00  3.225717e+00  1.201440e+02  1.102626e+02  3.124258e+03  2.737454e+01  2.555739e+03  3.6244322326152985e+02
      3550  8.8750000000003766e+00  6.3560273339499457e-02  2.1893930062885127e+00  1.394591e-01  7.467936e+00  3.571362e+00  1.235428e+02  1.309510e+02  3.259661e+03  2.810823e+01  2.717830e+03  3.6360868531357687e+02
      3560  8.9000000000003716e+00  6.3286761595783919e-02  2.1867497232890307e+00  1.406612e-01  7.556931e+00  3.953510e+00  1.269822e+02  1.531563e+02  3.401692e+03  2.878732e+01  2.871299e+03  3.6454115671212264e+02
      3570  8.9250000000003666e+00  6.3013603986417990e-02  2.1837293801071658e+00  1.428149e-01  7.643328e+00  4.372888e+00  1.304526e+02  1.769128e+02  3.550469e+03  2.941523e+01  3.016089e+03  3.6524495609250107e+02
      3580  8.9500000000003617e+00  6.2740846709250536e-02  2.1803472271587774e+00  1.459549e-01  7.726677e+00  4.829769e+00  1.339452e+02  2.022457e+02  3.706078e+03  2.999614e+01  3.152432e+03  3.6572771615978797e+02
      3590  8.9750000000003567e+00  6.2468533967744100e-02  2.1766198359695275e+00  1.501048e-01  7.806589e+00  5.323980e+00  1.374517e+02  2.291682e+02  3.868571e+03  3.053411e+01  3.280656e+03  3.6599968576935322e+02
      3600  9.0000000000003517e+00  6.2196707836105578e-02  2.1725646233645302e+00  1.552773e-01  7.882746e+00  5.854906e+00  1.409649e+02  2.576785e+02  4.037973e+03  3.103246e+01  3.401018e+03  3.6607301313041330e+02
      3610  9.0250000000003467e+00  6.1925408180301358e-02  2.1681994347273066e+00  1.614752e-01  7.954899e+00  6.421498e+00  1.444787e+02  2.877573e+02  4.214263e+03  3.149326e+01  3.513569e+03  3.6596107137029702e+02
      3620  9.0500000000003418e+00  6.1654672627064477e-02  2.1635421941343345e+00  1.686925e-01  8.022878e+00  7.022280e+00  1.479879e+02  3.193636e+02  4.397365e+03  3.191715e+01  3.618076e+03  3.6567786701484846e+02
      3630  9.0750000000003368e+00  6.1384536572322582e-02  2.1586106231368438e+00  1.769148e-01  8.086586e+00  7.655346e+00  1.514879e+02  3.524316e+02  4.587113e+03  3.230324e+01  3.713970e+03  3.6523755401493213e+02
      3640  9.1000000000003318e+00  6.1115033220667414e-02  2.1534220246849087e+00  1.861195e-01  8.145997e+00  8.318347e+00  1.549743e+02  3.868666e+02  4.783213e+03  3.264921e+01  3.800349e+03  3.6465406330693588e+02
      3650  9.1250000000003268e+00  6.0846193648137259e-02  2.1479931244494792e+00  1.962765e-01  8.201149e+00  9.008463e+00  1.584425e+02  4.225409e+02  4.985203e+03  3.295160e+01  3.876013e+03  3.6394084910388256e+02
      3660  9.1500000000003219e+00  6.0578046881820433e-02  2.1423399589842096e+00  2.073473e-01  8.252127e+00  9.722368e+00  1.618867e+02  4.592887e+02  5.192401e+03  3.320607e+01  3.939527e+03  3.6311074684573839e+02
      3670  9.1750000000003169e+00  6.0310619991103938e-02  2.1364777989443962e+00  2.192843e-01  8.299053e+00  1.045620e+01  1.652995e+02  4.969032e+02  5.403858e+03  3.340785e+01  3.989318e+03  3.6217593263873465e+02
      3680  9.2000000000003119e+00  6.0043938186958690e-02  2.1304210957661711e+00  2.320307e-01  8.342067e+00  1.120552e+01  1.686708e+02  5.351339e+02  5.618319e+03  3.355207e+01  4.023775e+03  3.6114796746784771e+02
      3690  9.2250000000003070e+00  5.9778024926975010e-02  2.1241834414796927e+00  2.455191e-01  8.381314e+00  1.196533e+01  1.719876e+02  5.736859e+02  5.834186e+03  3.363419e+01  4.041375e+03  3.6003790027716087e+02
      3700  9.2500000000003020e+00  5.9512902025037305e-02  2.1177775334469215e+00  2.596717e-01  8.416928e+00  1.273007e+01  1.752330e+02  6.122210e+02  6.049495e+03  3.365036e+01  4.040798e+03  3.5885639638371549e+02
      3710  9.2750000000002970e+00  5.9248589765418906e-02  2.1112151385121791e+00  2.743999e-01  8.449009e+00  1.349361e+01  1.783855e+02  6.503598e+02  6.261908e+03  3.359777e+01  4.021048e+03  3.5761385883006886e+02
      3720  9.3000000000002920e+00  5.8985107021539113e-02  2.1045070538528448e+00  2.896039e-01  8.477615e+00  1.424932e+01  1.814194e+02  6.876864e+02  6.468720e+03  3.347484e+01  3.981554e+03  3.5632052166378367e+02
      3730  9.3250000000002871e+00  5.8722471379855014e-02  2.0976630641527079e+00  3.051731e-01  8.502739e+00  1.499007e+01  1.843037e+02  7.237540e+02  6.666889e+03  3.328146e+01  3.922242e+03  3.5498650754719745e+02
      3740  9.3500000000002821e+00  5.8460699269291788e-02  2.0906918963345982e+00  3.209873e-01  8.524304e+00  1.570836e+01  1.870031e+02  7.580932e+02  6.853086e+03  3.301909e+01  3.843588e+03  3.5362184784499573e+02
      3750  9.3750000000002771e+00  5.8199806096343523e-02  2.0836011741798224e+00  3.369174e-01  8.542148e+00  1.639644e+01  1.894776e+02  7.902216e+02  7.023770e+03  3.269075e+01  3.746635e+03  3.5223646124012703e+02
      3760  9.4000000000002721e+00  5.7939806385716594e-02  2.0763973760415748e+00  3.528272e-01  8.556029e+00  1.704636e+01  1.916836e+02  8.196556e+02  7.175291e+03  3.230093e+01  3.632977e+03  3.5084008545468578e+02
      3770  9.4250000000002672e+00  5.7680713925842342e-02  2.0690857995692857e+00  3.685759e-01  8.565622e+00  1.765023e+01  1.935751e+02  8.459237e+02  7.304016e+03  3.185540e+01  3.504691e+03  3.4944216138114905e+02
      3780  9.4500000000002622e+00  5.7422541918149377e-02  2.0616705377223239e+00  3.840203e-01  8.570530e+00  1.820033e+01  1.951047e+02  8.685813e+02  7.406471e+03  3.136097e+01  3.364233e+03  3.4805167635301325e+02
      3790  9.4750000000002572e+00  5.7165303128390139e-02  2.0541544702986041e+00  3.990180e-01  8.570295e+00  1.868934e+01  1.962258e+02  8.872255e+02  7.479500e+03  3.082518e+01  3.214311e+03  3.4667697706506397e+02
      3800  9.5000000000002522e+00  5.6909010037858365e-02  2.0465392749002183e+00  4.134302e-01  8.564425e+00  1.911058e+01  1.968943e+02  9.015115e+02  7.520430e+03  3.025601e+01  3.057758e+03  3.4532556171784802e+02
      3810  9.5250000000002473e+00  5.6653674991816234e-02  2.0388254609052661e+00  4.271258e-01  8.552417e+00  1.945819e+01  1.970710e+02  9.111678e+02  7.527236e+03  2.966159e+01  2.897435e+03  3.4400385891014116e+02
      3820  9.5500000000002423e+00  5.6399310342067049e-02  2.0310124296699539e+00  4.399840e-01  8.533790e+00  1.972741e+01  1.967240e+02  9.160110e+02  7.498681e+03  2.904993e+01  2.736127e+03  3.4271700033861276e+02
      3830  9.5750000000002373e+00  5.6145928580204098e-02  2.0230985637767582e+00  4.518989e-01  8.508120e+00  1.991475e+01  1.958309e+02  9.159580e+02  7.434447e+03  2.842857e+01  2.576450e+03  3.4146859518322134e+02
      3840  9.6000000000002323e+00  5.5893542457754575e-02  2.0150813476043785e+00  4.627820e-01  8.475077e+00  2.001820e+01  1.943806e+02  9.110358e+02  7.335215e+03  2.780443e+01  2.420746e+03  3.4026051485925825e+02
      3850  9.6250000000002274e+00  5.5642165089202861e-02  2.0069575207821506e+00  4.725661e-01  8.434467e+00  2.003742e+01  1.923756e+02  9.013867e+02  7.202698e+03  2.718353e+01  2.271016e+03  3.3909269719456273e+02
      3860  9.6500000000002224e+00  5.5391810033736125e-02  1.9987232651699585e+00  4.812077e-01  8.386257e+00  1.997378e+01  1.898325e+02  8.872683e+02  7.039610e+03  2.657091e+01  2.128880e+03  3.3796297962627420e+02
      3870  9.6750000000002174e+00  5.5142491351519940e-02  1.9903744248365154e+00  4.886894e-01  8.330612e+00  1.983044e+01  1.867829e+02  8.690473e+02  6.849575e+03  2.597049e+01  1.995541e+03  3.3686697225732058e+02
      3880  9.7000000000002125e+00  5.4894223630525193e-02  1.9819067570550744e+00  4.950220e-01  8.267908e+00  1.961233e+01  1.832725e+02  8.471877e+02  6.636967e+03  2.538504e+01  1.871781e+03  3.3579798291623479e+02
      3890  9.7250000000002075e+00  5.4647021980193729e-02  1.9733162106229718e+00  5.002453e-01  8.198748e+00  1.932602e+01  1.793600e+02  8.222329e+02  6.406685e+03  2.481622e+01  1.757970e+03  3.3474700617216291e+02
      3900  9.7500000000002025e+00  5.4400901988918490e-02  1.9645992259277385e+00  5.044280e-01  8.123950e+00  1.897955e+01  1.751147e+02  7.947819e+02  6.163903e+03  2.426464e+01  1.654076e+03  3.3370278622973751e+02
      3910  9.7750000000001975e+00  5.4155879643003738e-02  1.9557530492842408e+00  5.076675e-01  8.044538e+00  1.858219e+01  1.706140e+02  7.654630e+02  5.913787e+03  2.373006e+01  1.559679e+03  3.3265196156154656e+02
      3920  9.8000000000001926e+00  5.3911971205941552e-02  1.9467760522333539e+00  5.100873e-01  7.961709e+00  1.814410e+01  1.659391e+02  7.349054e+02  5.661227e+03  2.321157e+01  1.474055e+03  3.3157929840595529e+02
      3930  9.8250000000001876e+00  5.3669193058033790e-02  1.9376680447345007e+00  5.118347e-01  7.876788e+00  1.767605e+01  1.611726e+02  7.037128e+02  5.410606e+03  2.270791e+01  1.396253e+03  3.3046801921019204e+02
      3940  9.8500000000001826e+00  5.3427561497899019e-02  1.9284305695354420e+00  5.130763e-01  7.791183e+00  1.718898e+01  1.563938e+02  6.724393e+02  5.165625e+03  2.221778e+01  1.325156e+03  3.2930022807050648e+02
      3950  9.8750000000001776e+00  5.3187092509108816e-02  1.9190671636892414e+00  5.139933e-01  7.706328e+00  1.669372e+01  1.516766e+02  6.415713e+02  4.929196e+03  2.174022e+01  1.259612e+03  3.2805742870244825e+02
      3960  9.9000000000001727e+00  5.2947801496955590e-02  1.9095835724873425e+00  5.147757e-01  7.623622e+00  1.620064e+01  1.470865e+02  6.115157e+02  4.703418e+03  2.127496e+01  1.198601e+03  3.2672112453611368e+02
      3970  9.9250000000001677e+00  5.2709703002225522e-02  1.8999879011723131e+00  5.156160e-01  7.544380e+00  1.571942e+01  1.426788e+02  5.825960e+02  4.489610e+03  2.082278e+01  1.141322e+03  3.2527348592450664e+02
      3980  9.9500000000001627e+00  5.2472810400633188e-02  1.8902906907466335e+00  5.167031e-01  7.469783e+00  1.525885e+01  1.384980e+02  5.550556e+02  4.288417e+03  2.038555e+01  1.087261e+03  3.2369806345762748e+02
      3990  9.9750000000001577e+00  5.2237135598154780e-02  1.8805049061614501e+00  5.182154e-01  7.400843e+00  1.482670e+01  1.345780e+02  5.290675e+02  4.099946e+03  1.996627e+01  1.036264e+03  3.2198051765836482e+02
      4000  1.0000000000000153e+01  5.2002688733784115e-02  1.8706458283698211e+00  5.203159e-01  7.338381e+00  1.442974e+01  1.309426e+02  5.047484e+02  3.923928e+03  1.956875e+01  9.884862e+02  3.2010932688558410e+02
