         0  0.0000000000000000e+00  1.2500000000000000e-01  3.7500000000000000e-01 -0.000000e+00  3.375000e+00 -0.000000e+00  1.562500e+01 -0.000000e+00  8.374023e+01  3.375000e+00  1.562500e+01  1.1250000000000000e+00
        10  2.4999999999999998e-02  1.2497656418869381e-01  3.7495409720391515e-01  1.325691e-02  3.375301e+00  1.325787e-01  1.563092e+01  1.087746e+00  8.381022e+01  3.373816e+00  1.561447e+01  1.1250575518297750e+00
        20  5.0000000000000010e-02  1.2495312975405871e-01  3.7495697895429425e-01  2.651218e-02  3.376203e+00  2.651989e-01  1.564869e+01  2.176951e+00  8.402028e+01  3.370278e+00  1.558302e+01  1.1256520240837860e+00
        30  7.5000000000000025e-02  1.2492969364796634e-01  3.7500861352966336e-01  3.976745e-02  3.377708e+00  3.979350e-01  1.567832e+01  3.269345e+00  8.437080e+01  3.364422e+00  1.553107e+01  1.1267839723935409e+00
        40  1.0000000000000005e-01  1.2490625282328213e-01  3.7510899668658337e-01  5.302432e-02  3.379814e+00  5.308612e-01  1.571982e+01  4.366659e+00  8.486250e+01  3.356309e+00  1.545930e+01  1.1284548094654365e+00
        50  1.2500000000000006e-01  1.2488280423215772e-01  3.7525815145895619e-01  6.628433e-02  3.382524e+00  6.640509e-01  1.577322e+01  5.470621e+00  8.549644e+01  3.346023e+00  1.536863e+01  1.1306668053522939e+00
        60  1.5000000000000008e-01  1.2485934482433762e-01  3.7545612793393002e-01  7.954894e-02  3.385838e+00  7.975770e-01  1.583857e+01  6.582962e+00  8.627398e+01  3.333667e+00  1.526021e+01  1.1334230892943133e+00
        70  1.7500000000000010e-01  1.2483587154548285e-01  3.7570300300495768e-01  9.281947e-02  3.389757e+00  9.315118e-01  1.591591e+01  7.705414e+00  8.719683e+01  3.319366e+00  1.513542e+01  1.1367276531479853e+00
        80  2.0000000000000012e-01  1.2481238133551067e-01  3.7599888010274296e-01  1.060972e-01  3.394283e+00  1.065926e+00  1.600532e+01  8.839711e+00  8.826700e+01  3.303263e+00  1.499584e+01  1.1405853564317667e+00
        90  2.2500000000000014e-01  1.2478887112695229e-01  3.7634388890493103e-01  1.193831e-01  3.399418e+00  1.200891e+00  1.610685e+01  9.987592e+00  8.948682e+01  3.285518e+00  1.484320e+01  1.1450019330275383e+00
       100  2.5000000000000017e-01  1.2476533784333171e-01  3.7673818502558643e-01  1.326781e-01  3.405164e+00  1.336475e+00  1.622060e+01  1.115079e+01  9.085893e+01  3.266305e+00  1.467940e+01  1.1499839995870353e+00
       110  2.7500000000000019e-01  1.2474177839756405e-01  3.7718194968561503e-01  1.459831e-01  3.411522e+00  1.472745e+00  1.634663e+01  1.233106e+01  9.238627e+01  3.245813e+00  1.450645e+01  1.1555390657023676e+00
       120  3.0000000000000021e-01  1.2471818969037533e-01  3.7767538936539247e-01  1.592984e-01  3.418494e+00  1.609768e+00  1.648506e+01  1.353013e+01  9.407207e+01  3.224240e+00  1.432648e+01  1.1616755459097099e+00
       130  3.2500000000000023e-01  1.2469456860874557e-01  3.7821873544100315e-01  1.726245e-01  3.426083e+00  1.747607e+00  1.663597e+01  1.474974e+01  9.591986e+01  3.201794e+00  1.414166e+01  1.1684027736051867e+00
       140  3.5000000000000026e-01  1.2467091202437477e-01  3.7881224380554684e-01  1.859614e-01  3.434290e+00  1.886325e+00  1.679948e+01  1.599164e+01  9.793343e+01  3.178690e+00  1.395423e+01  1.1757310169617083e+00
       150  3.7500000000000028e-01  1.2464721679217249e-01  3.7945619447707918e-01  1.993089e-01  3.443116e+00  2.025981e+00  1.697568e+01  1.725756e+01  1.001168e+02  3.155147e+00  1.376645e+01  1.1836714969455402e+00
       160  4.0000000000000030e-01  1.2462347974877333e-01  3.8015089119478457e-01  2.126667e-01  3.452562e+00  2.166632e+00  1.716469e+01  1.854923e+01  1.024744e+02  3.131386e+00  1.358059e+01  1.1922364075410632e+00
       170  4.2500000000000032e-01  1.2459969771107790e-01  3.8089666100503827e-01  2.260340e-01  3.462629e+00  2.308332e+00  1.736662e+01  1.986836e+01  1.050106e+02  3.107629e+00  1.339887e+01  1.2014389383022894e+00
       180  4.5000000000000034e-01  1.2457586747481716e-01  3.8169385383903770e-01  2.394098e-01  3.473318e+00  2.451133e+00  1.758157e+01  2.121665e+01  1.077302e+02  3.084095e+00  1.322351e+01  1.2112932993595551e+00
       190  4.7500000000000037e-01  1.2455198581314446e-01  3.8254284208368322e-01  2.527928e-01  3.484627e+00  2.595081e+00  1.780965e+01  2.259579e+01  1.106382e+02  3.061002e+00  1.305664e+01  1.2218147490200710e+00
       200  5.0000000000000033e-01  1.2452804947525654e-01  3.8344402014739448e-01  2.661814e-01  3.496555e+00  2.740221e+00  1.805096e+01  2.400742e+01  1.137396e+02  3.038561e+00  1.290035e+01  1.2330196241111322e+00
       210  5.2499999999999980e-01  1.2450405518503566e-01  3.8439780402250412e-01  2.795736e-01  3.509101e+00  2.886591e+00  1.830560e+01  2.545318e+01  1.170397e+02  3.016977e+00  1.275663e+01  1.2449253732253387e+00
       220  5.4999999999999927e-01  1.2447999963972335e-01  3.8540463084584348e-01  2.929672e-01  3.522262e+00  3.034225e+00  1.857366e+01  2.693465e+01  1.205438e+02  2.996445e+00  1.262739e+01  1.2575505930379560e+00
       230  5.7499999999999873e-01  1.2445587950861801e-01  3.8646495845907619e-01  3.063595e-01  3.536033e+00  3.183153e+00  1.885520e+01  2.845335e+01  1.242573e+02  2.977153e+00  1.251444e+01  1.2709150678772891e+00
       240  5.9999999999999820e-01  1.2443169143180163e-01  3.8757926497024359e-01  3.197475e-01  3.550411e+00  3.333399e+00  1.915028e+01  3.001078e+01  1.281857e+02  2.959277e+00  1.241949e+01  1.2850398127404321e+00
       250  6.2499999999999767e-01  1.2440743201889022e-01  3.8874804831792570e-01  3.331279e-01  3.565388e+00  3.484980e+00  1.945896e+01  3.160834e+01  1.323342e+02  2.942980e+00  1.234415e+01  1.2999471199583910e+00
       260  6.4999999999999714e-01  1.2438309784781248e-01  3.8997182583928575e-01  3.464968e-01  3.580957e+00  3.637908e+00  1.978127e+01  3.324737e+01  1.367084e+02  2.928415e+00  1.228991e+01  1.3156606097265180e+00
       270  6.7499999999999660e-01  1.2435868546361555e-01  3.9125113384319354e-01  3.598503e-01  3.597109e+00  3.792187e+00  2.011720e+01  3.492911e+01  1.413133e+02  2.915720e+00  1.225816e+01  1.3322052847288173e+00
       280  6.9999999999999607e-01  1.2433419137729337e-01  3.9258652718943604e-01  3.731837e-01  3.613834e+00  3.947814e+00  2.046674e+01  3.665471e+01  1.461539e+02  2.905021e+00  1.225018e+01  1.3496075890976675e+00
       290  7.2499999999999554e-01  1.2430961206464414e-01  3.9397857887495069e-01  3.864923e-01  3.631121e+00  4.104778e+00  2.082984e+01  3.842519e+01  1.512351e+02  2.896428e+00  1.226714e+01  1.3678954719639833e+00
       300  7.4999999999999500e-01  1.2428494396514930e-01  3.9542787962782588e-01  3.997708e-01  3.648956e+00  4.263059e+00  2.120643e+01  4.024144e+01  1.565612e+02  2.890039e+00  1.231012e+01  1.3870984558670825e+00
       310  7.7499999999999447e-01  1.2426018348088058e-01  3.9693503750965564e-01  4.130136e-01  3.667323e+00  4.422629e+00  2.159639e+01  4.210422e+01  1.621363e+02  2.885935e+00  1.238008e+01  1.4072477103078711e+00
       320  7.9999999999999394e-01  1.2423532697542823e-01  3.9850067752670720e-01  4.262147e-01  3.686206e+00  4.583449e+00  2.199959e+01  4.401412e+01  1.679639e+02  2.884183e+00  1.247787e+01  1.4283761307444640e+00
       330  8.2499999999999341e-01  1.2421037077285464e-01  4.0012544125015914e-01  4.393676e-01  3.705586e+00  4.745472e+00  2.241584e+01  4.597153e+01  1.740470e+02  2.884838e+00  1.260427e+01  1.4505184233452133e+00
       340  8.4999999999999287e-01  1.2418531115666981e-01  4.0180998644549981e-01  4.524657e-01  3.725442e+00  4.908640e+00  2.284490e+01  4.797667e+01  1.803879e+02  2.887937e+00  1.275991e+01  1.4737111958300955e+00
       350  8.7499999999999234e-01  1.2416014436883112e-01  4.0355498671101175e-01  4.655018e-01  3.745751e+00  5.072884e+00  2.328650e+01  5.002953e+01  1.869881e+02  2.893505e+00  1.294535e+01  1.4979930547487323e+00
       360  8.9999999999999181e-01  1.2413486660876219e-01  4.0536113112508382e-01  4.784684e-01  3.766490e+00  5.238122e+00  2.374032e+01  5.212987e+01  1.938482e+02  2.901553e+00  1.316105e+01  1.5234047095602430e+00
       370  9.2499999999999127e-01  1.2410947403239675e-01  4.0722912390191157e-01  4.913578e-01  3.787631e+00  5.404264e+00  2.420598e+01  5.427719e+01  2.009680e+02  2.912077e+00  1.340732e+01  1.5499890838980392e+00
       380  9.4999999999999074e-01  1.2408396275124142e-01  4.0915968405498082e-01  5.041617e-01  3.809145e+00  5.571204e+00  2.468304e+01  5.647073e+01  2.083459e+02  2.925060e+00  1.368440e+01  1.5777914344201964e+00
       390  9.7499999999999021e-01  1.2405832883145909e-01  4.1115354506752233e-01  5.168717e-01  3.831002e+00  5.738826e+00  2.517101e+01  5.870942e+01  2.159795e+02  2.940474e+00  1.399239e+01  1.6068594776640892e+00
       400  9.9999999999998967e-01  1.2403256829297490e-01  4.1321145456903408e-01  5.294791e-01  3.853169e+00  5.907002e+00  2.566934e+01  6.099191e+01  2.238649e+02  2.958275e+00  1.433127e+01  1.6372435253413857e+00
       410  1.0249999999999893e+00  1.2400667710859926e-01  4.1533417401668465e-01  5.419746e-01  3.875611e+00  6.075589e+00  2.617741e+01  6.331649e+01  2.319966e+02  2.978408e+00  1.470087e+01  1.6689966285264757e+00
       420  1.0499999999999887e+00  1.2398065120317305e-01  4.1752247838037426e-01  5.543489e-01  3.898291e+00  6.244432e+00  2.669452e+01  6.568114e+01  2.403679e+02  3.000808e+00  1.510090e+01  1.7021747312076578e+00
       430  1.0749999999999882e+00  1.2395448645272940e-01  4.1977715582999509e-01  5.665924e-01  3.921170e+00  6.413363e+00  2.721994e+01  6.808346e+01  2.489704e+02  3.025396e+00  1.553092e+01  1.7368368336851250e+00
       440  1.0999999999999877e+00  1.2392817868368017e-01  4.2209900742333339e-01  5.786951e-01  3.944207e+00  6.582201e+00  2.775284e+01  7.052070e+01  2.577938e+02  3.052084e+00  1.599032e+01  1.7730451663124107e+00
       450  1.1249999999999871e+00  1.2390172367201560e-01  4.2448884679289561e-01  5.906470e-01  3.967360e+00  6.750753e+00  2.829233e+01  7.298971e+01  2.668262e+02  3.080770e+00  1.647831e+01  1.8108653740885519e+00
       460  1.1499999999999866e+00  1.2387511714253091e-01  4.2694749982986713e-01  6.024378e-01  3.990584e+00  6.918813e+00  2.883744e+01  7.548696e+01  2.760537e+02  3.111347e+00  1.699394e+01  1.8503667126148930e+00
       470  1.1749999999999861e+00  1.2384835476806433e-01  4.2947580436322563e-01  6.140569e-01  4.013834e+00  7.086161e+00  2.938716e+01  7.800853e+01  2.854606e+02  3.143695e+00  1.753607e+01  1.8916222559334197e+00
       480  1.1999999999999855e+00  1.2382143216876368e-01  4.3207460983204482e-01  6.254936e-01  4.037061e+00  7.252567e+00  2.994037e+01  8.055011e+01  2.950291e+02  3.177686e+00  1.810334e+01  1.9347091167607369e+00
       490  1.2249999999999850e+00  1.2379434491136819e-01  4.3474477694881464e-01  6.367372e-01  4.060217e+00  7.417789e+00  3.049591e+01  8.310697e+01  3.047394e+02  3.213184e+00  1.869422e+01  1.9797086796228436e+00
       500  1.2499999999999845e+00  1.2376708850851509e-01  4.3748717735168230e-01  6.477767e-01  4.083251e+00  7.581574e+00  3.105256e+01  8.567404e+01  3.145697e+02  3.250046e+00  1.930694e+01  2.0267068473789456e+00
       510  1.2749999999999839e+00  1.2373965841806520e-01  4.4030269324332105e-01  6.586012e-01  4.106112e+00  7.743661e+00  3.160902e+01  8.824582e+01  3.244962e+02  3.288120e+00  1.993952e+01  2.0757943015960683e+00
       520  1.2999999999999834e+00  1.2371205004245525e-01  4.4319221701424982e-01  6.691997e-01  4.128748e+00  7.903778e+00  3.216393e+01  9.081648e+01  3.344930e+02  3.327249e+00  2.058978e+01  2.1270667771982517e+00
       530  1.3249999999999829e+00  1.2368425872807091e-01  4.4615665084826606e-01  6.795610e-01  4.151107e+00  8.061646e+00  3.271591e+01  9.337984e+01  3.445325e+02  3.367272e+00  2.125533e+01  2.1806253517637337e+00
       540  1.3499999999999823e+00  1.2365627976464824e-01  4.4919690630782017e-01  6.896741e-01  4.173135e+00  8.216979e+00  3.326351e+01  9.592940e+01  3.545853e+02  3.408020e+00  2.193353e+01  2.2365767497760594e+00
       550  1.3749999999999818e+00  1.2362810838469927e-01  4.5231390389704929e-01  6.995281e-01  4.194780e+00  8.369486e+00  3.380523e+01  9.845839e+01  3.646201e+02  3.449325e+00  2.262160e+01  2.2950336620513685e+00
       560  1.3999999999999813e+00  1.2359973976296629e-01  4.5550857260031941e-01  7.091119e-01  4.215987e+00  8.518872e+00  3.433956e+01  1.009598e+02  3.746044e+02  3.491011e+00  2.331652e+01  2.3561150804581725e+00
       570  1.4249999999999807e+00  1.2357116901590699e-01  4.5878184939419331e-01  7.184148e-01  4.236705e+00  8.664841e+00  3.486496e+01  1.034263e+02  3.845039e+02  3.532906e+00  2.401514e+01  2.4199466479177181e+00
       580  1.4499999999999802e+00  1.2354239120120969e-01  4.6213467873082059e-01  7.274261e-01  4.256881e+00  8.807093e+00  3.537988e+01  1.058506e+02  3.942837e+02  3.574832e+00  2.471412e+01  2.4866610235171787e+00
       590  1.4749999999999797e+00  1.2351340131734126e-01  4.6556801199089087e-01  7.361352e-01  4.276465e+00  8.945333e+00  3.588274e+01  1.082250e+02  4.039076e+02  3.616616e+00  2.541002e+01  2.5563982623835333e+00
       600  1.4999999999999791e+00  1.2348419430313233e-01  4.6908280690445758e-01  7.445318e-01  4.295407e+00  9.079264e+00  3.637200e+01  1.105422e+02  4.133392e+02  3.658083e+00  2.609929e+01  2.6293062097471775e+00
       610  1.5249999999999786e+00  1.2345476503739740e-01  4.7268002693812172e-01  7.526058e-01  4.313658e+00  9.208599e+00  3.684612e+01  1.127944e+02  4.225414e+02  3.699066e+00  2.677831e+01  2.7055409083715221e+00
       620  1.5499999999999781e+00  1.2342510833859509e-01  4.7636064064728550e-01  7.603474e-01  4.331174e+00  9.333053e+00  3.730358e+01  1.149741e+02  4.314774e+02  3.739396e+00  2.744343e+01  2.7852670182306309e+00
       630  1.5749999999999775e+00  1.2339521896453209e-01  4.8012562099247841e-01  7.677470e-01  4.347909e+00  9.452351e+00  3.774293e+01  1.170740e+02  4.401107e+02  3.778916e+00  2.809101e+01  2.8686582469833484e+00
       640  1.5999999999999770e+00  1.2336509161210617e-01  4.8397594461901772e-01  7.747955e-01  4.363823e+00  9.566229e+00  3.816273e+01  1.190868e+02  4.484054e+02  3.817470e+00  2.871744e+01  2.9558977894133482e+00
       650  1.6249999999999765e+00  1.2333472091709802e-01  4.8791259109964724e-01  7.814839e-01  4.378878e+00  9.674435e+00  3.856164e+01  1.210057e+02  4.563268e+02  3.854914e+00  2.931921e+01  3.0471787735807991e+00
       660  1.6499999999999759e+00  1.2330410145401489e-01  4.9193654214019128e-01  7.878038e-01  4.393038e+00  9.776729e+00  3.893837e+01  1.228239e+02  4.638414e+02  3.891112e+00  2.989295e+01  3.1427047109617980e+00
       670  1.6749999999999754e+00  1.2327322773597808e-01  4.9604878074863445e-01  7.937470e-01  4.406272e+00  9.872889e+00  3.929175e+01  1.245353e+02  4.709179e+02  3.925938e+00  3.043545e+01  3.2426899473372512e+00
       680  1.6999999999999749e+00  1.2324209421466693e-01  5.0025029036864999e-01  7.993059e-01  4.418553e+00  9.962710e+00  3.962066e+01  1.261340e+02  4.775266e+02  3.959280e+00  3.094372e+01  3.3473601106343338e+00
       690  1.7249999999999743e+00  1.2321069528032029e-01  5.0454205397901464e-01  8.044732e-01  4.429855e+00  1.004600e+01  3.992412e+01  1.276148e+02  4.836407e+02  3.991035e+00  3.141504e+01  3.4569525513284827e+00
       700  1.7499999999999738e+00  1.2317902526179068e-01  5.0892505316107983e-01  8.092421e-01  4.440162e+00  1.012260e+01  4.020127e+01  1.289729e+02  4.892358e+02  4.021116e+00  3.184698e+01  3.5717167703833130e+00
       710  1.7749999999999733e+00  1.2314707842665990e-01  5.1340026713699782e-01  8.136063e-01  4.449456e+00  1.019236e+01  4.045136e+01  1.302043e+02  4.942909e+02  4.049452e+00  3.223747e+01  3.6919148290547832e+00
       720  1.7999999999999727e+00  1.2311484898141560e-01  5.1796867178228312e-01  8.175598e-01  4.457729e+00  1.025516e+01  4.067378e+01  1.313055e+02  4.987881e+02  4.075985e+00  3.258479e+01  3.8178217342191525e+00
       730  1.8249999999999722e+00  1.2308233107169148e-01  5.2263123861695149e-01  8.210974e-01  4.464975e+00  1.031089e+01  4.086806e+01  1.322737e+02  5.027128e+02  4.100674e+00  3.288763e+01  3.9497257922234166e+00
       740  1.8499999999999717e+00  1.2304951878256683e-01  5.2738893378043172e-01  8.242142e-01  4.471195e+00  1.035949e+01  4.103388e+01  1.331068e+02  5.060545e+02  4.123496e+00  3.314512e+01  4.0879289236133864e+00
       750  1.8749999999999711e+00  1.2301640613893255e-01  5.3224271699630676e-01  8.269056e-01  4.476393e+00  1.040089e+01  4.117107e+01  1.338035e+02  5.088060e+02  4.144443e+00  3.335684e+01  4.2327469304939118e+00
       760  1.8999999999999706e+00  1.2298298710592516e-01  5.3719354053399648e-01  8.291678e-01  4.480580e+00  1.043506e+01  4.127959e+01  1.343632e+02  5.109642e+02  4.163526e+00  3.352282e+01  4.3845097077412731e+00
       770  1.9249999999999701e+00  1.2294925558942359e-01  5.4224234817548811e-01  8.309974e-01  4.483772e+00  1.046201e+01  4.135958e+01  1.347861e+02  5.125300e+02  4.180774e+00  3.364358e+01  4.5435613888443775e+00
       780  1.9499999999999695e+00  1.2291520543660503e-01  5.4739007419637109e-01  8.323913e-01  4.485990e+00  1.048175e+01  4.141131e+01  1.350729e+02  5.135077e+02  4.196232e+00  3.372013e+01  4.7102604168321953e+00
       790  1.9749999999999690e+00  1.2288083043657146e-01  5.5263764237156998e-01  8.333470e-01  4.487262e+00  1.049432e+01  4.143521e+01  1.352255e+02  5.139058e+02  4.209964e+00  3.375395e+01  4.8849795305812602e+00
       800  1.9999999999999685e+00  1.2284612432103287e-01  5.5798596501740283e-01  8.338625e-01  4.487618e+00  1.049977e+01  4.143187e+01  1.352459e+02  5.137361e+02  4.222052e+00  3.374702e+01  5.0681056568192071e+00
       810  2.0249999999999679e+00  1.2281108076504994e-01  5.6343594208283498e-01  8.339360e-01  4.487097e+00  1.049821e+01  4.140198e+01  1.351371e+02  5.130140e+02  4.232593e+00  3.370179e+01  5.2600396983860334e+00
       820  2.0499999999999674e+00  1.2277569338783428e-01  5.6898846030397154e-01  8.335664e-01  4.485742e+00  1.048971e+01  4.134642e+01  1.349027e+02  5.117583e+02  4.241703e+00  3.362118e+01  5.4611962098144735e+00
       830  2.0749999999999669e+00  1.2273995575359002e-01  5.7464439243728660e-01  8.327528e-01  4.483601e+00  1.047441e+01  4.126616e+01  1.345468e+02  5.099906e+02  4.249512e+00  3.350858e+01  5.6720029520746991e+00
       840  2.0999999999999663e+00  1.2270386137241325e-01  5.8040459658812960e-01  8.314947e-01  4.480726e+00  1.045243e+01  4.116232e+01  1.340740e+02  5.077354e+02  4.256167e+00  3.336781e+01  5.8929003194277634e+00
       850  2.1249999999999658e+00  1.2266740370122355e-01  5.8626991565248265e-01  8.297920e-01  4.477177e+00  1.042393e+01  4.103612e+01  1.334893e+02  5.050195e+02  4.261830e+00  3.320312e+01  6.1243406327668755e+00
       860  2.1499999999999653e+00  1.2263057614472093e-01  5.9224117689100808e-01  8.276449e-01  4.473016e+00  1.038906e+01  4.088889e+01  1.327982e+02  5.018720e+02  4.266676e+00  3.301920e+01  6.3667872956135643e+00
       870  2.1749999999999647e+00  1.2259337205637723e-01  5.9831919165564074e-01  8.250538e-01  4.468310e+00  1.034798e+01  4.072207e+01  1.320065e+02  4.983239e+02  4.270894e+00  3.282114e+01  6.6207138110950012e+00
       880  2.1999999999999642e+00  1.2255578473942730e-01  6.0450475529001335e-01  8.220194e-01  4.463133e+00  1.030088e+01  4.053717e+01  1.311201e+02  4.944076e+02  4.274687e+00  3.261440e+01  6.8866026607533968e+00
       890  2.2249999999999637e+00  1.2251780744786972e-01  6.1079864722595345e-01  8.185429e-01  4.457561e+00  1.024793e+01  4.033579e+01  1.301452e+02  4.901568e+02  4.278268e+00  3.240487e+01  7.1649440489374756e+00
       900  2.2499999999999631e+00  1.2247943338745040e-01  6.1720163129912697e-01  8.146253e-01  4.451673e+00  1.018931e+01  4.011963e+01  1.290880e+02  4.856061e+02  4.281861e+00  3.219881e+01  7.4562345197771531e+00
       910  2.2749999999999626e+00  1.2244065571661628e-01  6.2371445630773004e-01  8.102683e-01  4.445556e+00  1.012519e+01  3.989041e+01  1.279548e+02  4.807907e+02  4.285701e+00  3.200283e+01  7.7609754573410612e+00
       920  2.2999999999999621e+00  1.2240146754743271e-01  6.3033785683847010e-01  8.054732e-01  4.439298e+00  1.005576e+01  3.964994e+01  1.267518e+02  4.757462e+02  4.290032e+00  3.182397e+01  8.0796714834840451e+00
       930  2.3249999999999615e+00  1.2236186194643862e-01  6.3707255438483967e-01  8.002420e-01  4.432990e+00  9.981172e+00  3.940008e+01  1.254851e+02  4.705083e+02  4.295105e+00  3.166961e+01  8.4128287720915509e+00
       940  2.3499999999999610e+00  1.2232183193541411e-01  6.4391925878251710e-01  7.945766e-01  4.426728e+00  9.901589e+00  3.914271e+01  1.241604e+02  4.651126e+02  4.301179e+00  3.154755e+01  8.7609533028730855e+00
       950  2.3749999999999605e+00  1.2228137049206032e-01  6.5087866998724619e-01  7.884790e-01  4.420610e+00  9.817154e+00  3.887979e+01  1.227835e+02  4.595947e+02  4.308520e+00  3.146597e+01  9.1245490825181772e+00
       960  2.3999999999999599e+00  1.2224047055054849e-01  6.5795148022008532e-01  7.819514e-01  4.414738e+00  9.727999e+00  3.861330e+01  1.213594e+02  4.539894e+02  4.317399e+00  3.143347e+01  9.5041163658610390e+00
       970  2.4249999999999594e+00  1.2219912500192409e-01  6.6513837650501673e-01  7.749960e-01  4.409216e+00  9.634234e+00  3.834526e+01  1.198929e+02  4.483315e+02  4.328089e+00  3.145907e+01  9.9001499146662617e+00
       980  2.4499999999999589e+00  1.2215732669434712e-01  6.7244004362318355e-01  7.676153e-01  4.404150e+00  9.535952e+00  3.807771e+01  1.183884e+02  4.426550e+02  4.340869e+00  3.155222e+01  1.0313137336702770e+01
       990  2.4749999999999583e+00  1.2211506843311551e-01  6.7985716750772140e-01  7.598118e-01  4.399649e+00  9.433223e+00  3.781276e+01  1.168496e+02  4.369936e+02  4.356019e+00  3.172280e+01  1.0743557552891009e+01
      1000  2.4999999999999578e+00  1.2207234298049233e-01  6.8739043910241593e-01  7.515880e-01  4.395825e+00  9.326090e+00  3.755255e+01  1.152794e+02  4.313805e+02  4.373818e+00  3.198116e+01  1.1191879445443764e+01
      1010  2.5249999999999573e+00  1.2202914305524144e-01  6.9504055870658354e-01  7.429467e-01  4.392790e+00  9.214572e+00  3.729925e+01  1.136803e+02  4.258489e+02  4.394546e+00  3.233808e+01  1.1658560745049499e+01
      1020  2.5499999999999567e+00  1.2198546133190899e-01  7.0280824082778781e-01  7.338906e-01  4.390658e+00  9.098658e+00  3.705509e+01  1.120539e+02  4.204318e+02  4.418480e+00  3.280480e+01  1.2144047220258885e+01
      1030  2.5749999999999562e+00  1.2194129043975940e-01  7.1069421956312206e-01  7.244227e-01  4.389545e+00  8.978305e+00  3.682237e+01  1.104009e+02  4.151623e+02  4.445892e+00  3.339296e+01  1.2648772237280367e+01
      1040  2.5999999999999557e+00  1.2189662296137585e-01  7.1869925452891947e-01  7.145460e-01  4.389568e+00  8.853440e+00  3.660343e+01  1.087210e+02  4.100742e+02  4.477049e+00  3.411462e+01  1.3173156763401584e+01
      1050  2.6249999999999551e+00  1.2185145143086251e-01  7.2682413735753459e-01  7.042636e-01  4.390843e+00  8.723955e+00  3.640072e+01  1.070132e+02  4.052025e+02  4.512211e+00  3.498217e+01  1.3717609892194163e+01
      1060  2.6499999999999546e+00  1.2180576833162961e-01  7.3506969877969497e-01  6.935790e-01  4.393489e+00  8.589708e+00  3.621676e+01  1.052751e+02  4.005831e+02  4.551629e+00  3.600832e+01  1.4282529973547076e+01
      1070  2.6749999999999541e+00  1.2175956609370811e-01  7.4343681630917702e-01  6.824957e-01  4.397623e+00  8.450524e+00  3.605416e+01  1.035033e+02  3.962546e+02  4.595540e+00  3.720599e+01  1.4868306436432738e+01
      1080  2.6999999999999535e+00  1.2171283709057942e-01  7.5192642254706432e-01  6.710174e-01  4.403363e+00  8.306193e+00  3.591565e+01  1.016933e+02  3.922577e+02  4.644171e+00  3.858822e+01  1.5475322397145177e+01
      1090  2.7249999999999530e+00  1.2166557363545306e-01  7.6053951412128884e-01  6.591482e-01  4.410826e+00  8.156469e+00  3.580409e+01  9.983898e+01  3.886369e+02  4.697732e+00  4.016804e+01  1.6103958150621107e+01
      1100  2.7499999999999525e+00  1.2161776797696805e-01  7.6927716127774559e-01  6.468921e-01  4.420126e+00  8.001077e+00  3.572249e+01  9.793314e+01  3.854406e+02  4.756417e+00  4.195838e+01  1.6754595647392577e+01
      1110  2.7749999999999519e+00  1.2156941229428429e-01  7.7814051813851381e-01  6.342539e-01  4.431377e+00  7.839708e+00  3.567397e+01  9.596700e+01  3.827225e+02  4.820402e+00  4.397188e+01  1.7427624063815124e+01
      1120  2.7999999999999514e+00  1.2152049869149752e-01  7.8713083364343805e-01  6.212385e-01  4.444691e+00  7.672026e+00  3.566184e+01  9.393027e+01  3.805424e+02  4.889842e+00  4.622077e+01  1.8123446578527535e+01
      1130  2.8249999999999509e+00  1.2147101919136025e-01  7.9624946319113876e-01  6.078509e-01  4.460178e+00  7.497671e+00  3.568959e+01  9.181112e+01  3.789669e+02  4.964876e+00  4.871666e+01  1.8842488473759246e+01
      1140  2.8499999999999504e+00  1.2142096572824514e-01  8.0549788099631825e-01  5.940971e-01  4.477942e+00  7.316261e+00  3.576087e+01  8.959607e+01  3.780710e+02  5.045622e+00  5.147046e+01  1.9585206686225035e+01
      1150  2.8749999999999498e+00  1.2137033014031720e-01  8.1487769318081771e-01  5.799831e-01  4.498086e+00  7.127398e+00  3.587950e+01  8.727006e+01  3.779388e+02  5.132182e+00  5.449220e+01  2.0352100939073445e+01
      1160  2.8999999999999493e+00  1.2131910416086744e-01  8.2439065161646874e-01  5.655157e-01  4.520707e+00  6.930676e+00  3.604950e+01  8.481636e+01  3.786646e+02  5.224641e+00  5.779102e+01  2.1143726593874007e+01
      1170  2.9249999999999488e+00  1.2126727940875200e-01  8.3403866853819764e-01  5.507020e-01  4.545898e+00  6.725689e+00  3.627505e+01  8.221669e+01  3.803540e+02  5.323078e+00  6.137509e+01  2.1960709370095891e+01
      1180  2.9499999999999482e+00  1.2121484737788948e-01  8.4382383194619348e-01  5.355500e-01  4.573747e+00  6.512032e+00  3.656052e+01  7.945123e+01  3.831248e+02  5.427565e+00  6.525178e+01  2.2803762089121811e+01
      1190  2.9749999999999477e+00  1.2116179942579228e-01  8.5374842181533328e-01  5.200683e-01  4.604334e+00  6.289319e+00  3.691041e+01  7.649882e+01  3.871078e+02  5.538181e+00  6.942782e+01  2.3673703610749239e+01
      1200  2.9999999999999472e+00  1.2110812676102650e-01  8.6381492712875207e-01  5.042662e-01  4.637733e+00  6.057190e+00  3.732933e+01  7.333709e+01  3.924473e+02  5.655020e+00  7.390976e+01  2.4571480142404290e+01
      1210  3.0249999999999466e+00  1.2105382042960984e-01  8.7402606374922609e-01  4.881539e-01  4.674013e+00  5.815320e+00  3.782201e+01  6.994278e+01  3.993013e+02  5.778208e+00  7.870452e+01  2.5498189115039388e+01
      1220  3.0499999999999461e+00  1.2099887130024985e-01  8.8438479313742113e-01  4.717424e-01  4.713233e+00  5.563432e+00  3.839323e+01  6.629203e+01  4.078415e+02  5.907919e+00  8.382027e+01  2.6455105834740571e+01
      1230  3.0749999999999456e+00  1.2094327004839453e-01  8.9489434191788919e-01  4.550438e-01  4.755445e+00  5.301313e+00  3.904777e+01  6.236083e+01  4.182527e+02  6.044396e+00  8.926762e+01  2.7443713135177703e+01
      1240  3.0999999999999450e+00  1.2088700713902273e-01  9.0555822228199623e-01  4.380710e-01  4.800693e+00  5.028821e+00  3.979038e+01  5.812554e+01  4.307319e+02  6.187983e+00  9.506112e+01  2.8465734272590410e+01
      1250  3.1249999999999445e+00  1.2083007280815654e-01  9.1638025320067407e-01  4.208383e-01  4.849011e+00  4.745904e+00  4.062571e+01  5.356351e+01  4.454864e+02  6.339150e+00  1.012212e+02  2.9523169321075969e+01
      1260  3.1499999999999440e+00  1.2077245704299200e-01  9.2736458239706820e-01  4.033610e-01  4.900428e+00  4.452609e+00  4.155825e+01  4.865381e+01  4.627317e+02  6.498536e+00  1.077767e+02  3.0618335340047139e+01
      1270  3.1749999999999434e+00  1.2071414956066065e-01  9.3851570899811398e-01  3.856556e-01  4.954959e+00  4.149098e+00  4.259227e+01  4.337802e+01  4.826886e+02  6.666994e+00  1.147678e+02  3.1753910595679674e+01
      1280  3.1999999999999429e+00  1.2065513978555464e-01  9.4983850674540082e-01  3.677401e-01  5.012616e+00  3.835660e+00  4.373175e+01  3.772121e+01  5.055795e+02  6.845643e+00  1.222500e+02  3.2932983120958447e+01
      1290  3.2249999999999424e+00  1.2059541682516506e-01  9.6133824759320818e-01  3.496337e-01  5.073400e+00  3.512719e+00  4.498029e+01  3.167286e+01  5.316243e+02  7.035939e+00  1.302993e+02  3.4159103890333569e+01
      1300  3.2499999999999418e+00  1.2053496944447613e-01  9.7302062545821744e-01  3.313572e-01  5.137304e+00  3.180850e+00  4.634113e+01  2.522797e+01  5.610356e+02  7.239751e+00  1.390177e+02  3.5436344859576863e+01
      1310  3.2749999999999413e+00  1.2047378603884432e-01  9.8489177980607678e-01  3.129326e-01  5.204314e+00  2.840781e+00  4.781700e+01  1.838817e+01  5.940138e+02  7.459457e+00  1.485423e+02  3.6769362071977753e+01
      1320  3.2999999999999408e+00  1.2041185460544451e-01  9.9695831866355711e-01  2.943837e-01  5.274411e+00  2.493406e+00  4.941018e+01  1.116283e+01  6.307418e+02  7.698065e+00  1.590557e+02  3.8163463949822301e+01
      1330  3.3249999999999402e+00  1.2034916271329622e-01  1.0092273405328716e+00  2.757355e-01  5.347569e+00  2.139783e+00  5.112240e+01  3.570212e+00  6.713799e+02  7.959359e+00  1.708019e+02  3.9624684764015129e+01
      1340  3.3499999999999397e+00  1.2028569747197129e-01  1.0217064545525782e+00  2.570147e-01  5.423757e+00  1.781141e+00  5.295488e+01 -4.361533e+00  7.160612e+02  8.248074e+00  1.841074e+02  4.1159863091416668e+01
      1350  3.3749999999999392e+00  1.2022144549913114e-01  1.0344037981043266e+00  2.382493e-01  5.502942e+00  1.418871e+00  5.490835e+01 -1.259334e+01  7.648879e+02  8.570119e+00  1.994121e+02  4.2776724812292088e+01
      1360  3.3999999999999386e+00  1.2015639288704535e-01  1.0473280509053269e+00  2.194689e-01  5.585085e+00  1.054528e+00  5.698309e+01 -2.107445e+01  8.179289e+02  8.932851e+00  2.173143e+02  4.4483969849056734e+01
      1370  3.4249999999999381e+00  1.2009052516839938e-01  1.0604884444641740e+00  2.007041e-01  5.670151e+00  6.898147e-01  5.917901e+01 -2.974176e+01  8.752190e+02  9.345395e+00  2.386348e+02  4.6291361378787784e+01
      1380  3.4499999999999376e+00  1.2002382728165893e-01  1.0738947656213216e+00  1.819869e-01  5.758100e+00  3.265714e-01  6.149575e+01 -3.851946e+01  9.367608e+02  9.819040e+00  2.645109e+02  4.8209815641780892e+01
      1390  3.4749999999999370e+00  1.1995628353645682e-01  1.0875573527609943e+00  1.633503e-01  5.848897e+00 -3.324390e-02  6.393280e+01 -4.731899e+01  1.002529e+03  1.036769e+01  2.965293e+02  5.0251489697970982e+01
      1400  3.4999999999999365e+00  1.1988787757947711e-01  1.1014870831898431e+00  1.448280e-01  5.942509e+00 -3.875804e-01  6.648973e+01 -5.603935e+01  1.072477e+03  1.100837e+01  3.369145e+02  5.2429863550059395e+01
      1410  3.5249999999999360e+00  1.1981859236144590e-01  1.1156953501520424e+00  1.264544e-01  6.038908e+00 -7.343237e-01  6.916629e+01 -6.456783e+01  1.146550e+03  1.176177e+01  3.887893e+02  5.4759811983396560e+01
      1420  3.5499999999999354e+00  1.1974841010592517e-01  1.1301940280152767e+00  1.082644e-01  6.138070e+00 -1.071332e+00  7.196272e+01 -7.278130e+01  1.224699e+03  1.265284e+01  4.565259e+02  5.7257660337068188e+01
      1430  3.5749999999999349e+00  1.1967731228067491e-01  1.1449954243412885e+00  9.029263e-02  6.239981e+00 -1.396478e+00  7.487990e+01 -8.054798e+01  1.306895e+03  1.371120e+01  5.462080e+02  5.9941217334620795e+01
      1440  3.5999999999999344e+00  1.1960527957247566e-01  1.1601122178630874e+00  7.257393e-02  6.344631e+00 -1.707695e+00  7.791963e+01 -8.772989e+01  1.393157e+03  1.497160e+01  6.662145e+02  6.2829777223919500e+01
      1450  3.6249999999999338e+00  1.1953229186624229e-01  1.1755573818312650e+00  5.514254e-02  6.452021e+00 -2.003032e+00  8.108484e+01 -9.418582e+01  1.483568e+03  1.647403e+01  8.279263e+02  6.5944082982548181e+01
      1460  3.6499999999999333e+00  1.1945832822942551e-01  1.1913440927561911e+00  3.803200e-02  6.562159e+00 -2.280707e+00  8.437972e+01 -9.977512e+01  1.578305e+03  1.826350e+01  1.046533e+03  6.9306242405278738e+01
      1470  3.6749999999999328e+00  1.1938336690254008e-01  1.2074856252277053e+00  2.127500e-02  6.675059e+00 -2.539169e+00  8.780990e+01 -1.043619e+02  1.677657e+03  2.038942e+01  1.341881e+03  7.2939589619640770e+01
      1480  3.6999999999999322e+00  1.1930738529666926e-01  1.2239952342018809e+00  4.903173e-03  6.790739e+00 -2.777152e+00  9.138239e+01 -1.078201e+02  1.782044e+03  2.290429e+01  1.739272e+03  7.6868486005931828e+01
      1490  3.7249999999999317e+00  1.1923035999866441e-01  1.2408860268447204e+00 -1.105296e-02  6.909218e+00 -2.993739e+00  9.510549e+01 -1.100388e+02  1.892030e+03  2.586179e+01  2.270047e+03  8.1118056564298797e+01
      1500  3.7499999999999312e+00  1.1915226678460858e-01  1.2581708266645641e+00 -2.656394e-02  7.030508e+00 -3.188403e+00  9.898843e+01 -1.109280e+02  2.008322e+03  2.931414e+01  2.971787e+03  8.5713860334300662e+01
      1510  3.7749999999999306e+00  1.1907308064193969e-01  1.2758620331935542e+00 -4.160122e-02  7.154608e+00 -3.361051e+00  1.030409e+02 -1.104248e+02  2.131755e+03  3.330878e+01  3.887909e+03  9.0681496352242988e+01
      1520  3.7999999999999301e+00  1.1899277580037132e-01  1.2939714808493643e+00 -5.613682e-02  7.281494e+00 -3.512049e+00  1.072721e+02 -1.084990e+02  2.263255e+03  3.788457e+01  5.066452e+03  9.6046149629444145e+01
      1530  3.8249999999999296e+00  1.1891132577156492e-01  1.3125103007902112e+00 -7.014287e-02  7.411107e+00 -3.642220e+00  1.116899e+02 -1.051587e+02  2.403786e+03  4.306780e+01  6.557948e+03  1.0183208455183377e+02
      1540  3.8499999999999290e+00  1.1882870339724542e-01  1.3314887895461305e+00 -8.359088e-02  7.543338e+00 -3.752823e+00  1.162994e+02 -1.004548e+02  2.554268e+03  4.886822e+01  8.412306e+03  1.0806209581316499e+02
      1550  3.8749999999999285e+00  1.1874488090520435e-01  1.3509162879650933e+00 -9.645082e-02  7.678017e+00 -3.845496e+00  1.211014e+02 -9.448340e+01  2.715470e+03  5.527575e+01  1.067487e+04  1.1475692955776852e+02
      1560  3.8999999999999280e+00  1.1865982997247387e-01  1.3708010735638678e+00 -1.086899e-01  7.814895e+00 -3.922149e+00  1.260909e+02 -8.738608e+01  2.887891e+03  6.225805e+01  1.338188e+04  1.2193469005383167e+02
      1570  3.9249999999999274e+00  1.1857352179470540e-01  1.3911502687314574e+00 -1.202711e-01  7.953631e+00 -3.984826e+00  1.312550e+02 -7.934643e+01  3.071616e+03  6.975936e+01  1.655577e+04  1.2961025015474553e+02
      1580  3.9499999999999269e+00  1.1848592716077556e-01  1.4119697663961139e+00 -1.311515e-01  8.093779e+00 -4.035499e+00  1.365719e+02 -7.058217e+01  3.266176e+03  7.770075e+01  2.020085e+04  1.3779468707531331e+02
      1590  3.9749999999999264e+00  1.1839701653140955e-01  1.4332641737381380e+00 -1.412799e-01  8.234782e+00 -4.075822e+00  1.420091e+02 -6.133201e+01  3.470421e+03  8.598166e+01  2.430026e+04  1.4649476846625521e+02
      1600  3.9999999999999258e+00  1.1830676012079772e-01  1.4550367733010598e+00 -1.505951e-01  8.375966e+00 -4.106848e+00  1.475226e+02 -5.183727e+01  3.682412e+03  9.448258e+01  2.881479e+04  1.5571251665775944e+02
      1610  4.0249999999999293e+00  1.1821512798008646e-01  1.4772894993742651e+00 -1.590229e-01  8.516545e+00 -4.128715e+00  1.530573e+02 -4.231920e+01  3.899373e+03  1.030683e+02  3.368293e+04  1.6544487894947517e+02
      1620  4.0499999999999332e+00  1.1812209008196006e-01  1.5000229257834832e+00 -1.664749e-01  8.655633e+00 -4.140358e+00  1.585471e+02 -3.295468e+01  4.117705e+03  1.115913e+02  3.881897e+04  1.7568352580037393e+02
      1630  4.0749999999999371e+00  1.1802761640572781e-01  1.5232362595506750e+00 -1.728460e-01  8.792271e+00 -4.139280e+00  1.639177e+02 -2.385443e+01  4.333109e+03  1.198951e+02  4.410545e+04  1.8641478729954798e+02
      1640  4.0999999999999410e+00  1.1793167702274437e-01  1.5469273340311158e+00 -1.780145e-01  8.925460e+00 -4.121446e+00  1.690896e+02 -1.504825e+01  4.540790e+03  1.278180e+02  4.938460e+04  1.9761972957101739e+02
      1650  4.1249999999999449e+00  1.1783424218241476e-01  1.5710925956294008e+00 -1.818427e-01  9.054223e+00 -4.081370e+00  1.739840e+02 -6.479910e+00  4.735777e+03  1.351980e+02  5.446365e+04  2.0927437552817216e+02
      1660  4.1499999999999488e+00  1.1773528239928038e-01  1.5957270792478953e+00 -1.841801e-01  9.177666e+00 -4.012433e+00  1.785291e+02  1.985294e+00  4.913346e+03  1.418801e+02  5.914144e+04  2.2135008150756542e+02
      1670  4.1749999999999527e+00  1.1763476854211780e-01  1.6208243674605973e+00 -1.848687e-01  9.295072e+00 -3.907428e+00  1.826682e+02  1.053595e+01  5.069567e+03  1.477255e+02  6.324026e+04  2.3381406788050987e+02
      1680  4.1999999999999567e+00  1.1753267192621215e-01  1.6463765266963537e+00 -1.837506e-01  9.405987e+00 -3.759296e+00  1.863678e+02  1.937370e+01  5.201898e+03  1.526232e+02  6.662260e+04  2.4663005467217641e+02
      1690  4.2249999999999606e+00  1.1742896441054881e-01  1.6723740132167633e+00 -1.806781e-01  9.510315e+00 -3.561915e+00  1.896254e+02  2.866775e+01  5.309681e+03  1.565003e+02  6.919413e+04  2.5975890145032935e+02
      1700  4.2499999999999645e+00  1.1732361850192313e-01  1.6988055457751328e+00 -1.755242e-01  9.608386e+00 -3.310775e+00  1.924743e+02  3.852150e+01  5.394418e+03  1.593295e+02  7.090333e+04  2.7315914512994607e+02
      1710  4.2749999999999684e+00  1.1721660746803203e-01  1.7256579501634692e+00 -1.681925e-01  9.700989e+00 -3.003325e+00  1.949838e+02  4.896638e+01  5.459737e+03  1.611300e+02  7.174108e+04  2.8678738254174482e+02
      1720  4.2999999999999723e+00  1.1710790546092140e-01  1.7529159889594021e+00 -1.586249e-01  9.789353e+00 -2.638818e+00  1.972551e+02  5.999217e+01  5.511014e+03  1.619617e+02  7.173826e+04  3.0059850648695999e+02
      1730  4.3249999999999762e+00  1.1699748765125734e-01  1.7805621943610628e+00 -1.468041e-01  9.875053e+00 -2.217574e+00  1.994096e+02  7.161168e+01  5.554708e+03  1.619134e+02  7.096000e+04  3.1454581982069510e+02
      1740  4.3499999999999801e+00  1.1688533037261239e-01  1.8085767260738934e+00 -1.327504e-01  9.959856e+00 -1.739782e+00  2.015758e+02  8.394176e+01  5.597573e+03  1.610914e+02  6.949743e+04  3.2858107430124272e+02
      1750  4.3749999999999840e+00  1.1677141127329818e-01  1.8369372863063420e+00 -1.165149e-01  1.004553e+01 -1.204195e+00  2.038753e+02  9.726762e+01  5.646046e+03  1.596106e+02  6.745966e+04  3.4265470067856950e+02
      1760  4.3999999999999879e+00  1.1665570947085879e-01  1.8656191323931788e+00 -9.817062e-02  1.013364e+01 -6.073611e-01  2.064141e+02  1.120655e+02  5.705964e+03  1.575921e+02  6.496893e+04  3.5671694321413651e+02
      1770  4.4249999999999918e+00  1.1653820570245174e-01  1.8945951976561695e+00 -7.780752e-02  1.022545e+01  5.602635e-02  2.092803e+02  1.289728e+02  5.782486e+03  1.551640e+02  6.216058e+04  3.7072064387302271e+02
      1780  4.4499999999999957e+00  1.1641888246617796e-01  1.9238362394850053e+00 -5.553337e-02  1.032185e+01  7.916094e-01  2.125486e+02  1.486770e+02  5.880411e+03  1.524601e+02  5.918577e+04  3.8462511292226509e+02
      1790  4.4749999999999996e+00  1.1629772415631909e-01  1.9533108605889438e+00 -3.147831e-02  1.042343e+01  1.603495e+00  2.162878e+02  1.717562e+02  6.005034e+03  1.496064e+02  5.620552e+04  3.9839848931454912e+02
      1800  4.5000000000000036e+00  1.1617471720312818e-01  1.9829853465140366e+00 -5.796649e-03  1.053044e+01  2.493318e+00  2.205616e+02  1.986230e+02  6.162310e+03  1.466944e+02  5.335716e+04  4.1201602096119541e+02
      1810  4.5250000000000075e+00  1.1604985022371479e-01  2.0128235162462866e+00  2.133901e-02  1.064284e+01  3.460595e+00  2.254214e+02  2.295823e+02  6.357614e+03  1.437620e+02  5.073312e+04  4.2545533665682029e+02
      1820  4.5500000000000114e+00  1.1592311417299286e-01  2.0427869025552328e+00  4.974526e-02  1.076028e+01  4.503035e+00  2.308957e+02  2.648913e+02  6.595373e+03  1.408243e+02  4.838282e+04  4.3869370226194178e+02
      1830  4.5750000000000153e+00  1.1579450246979052e-01  2.0728353329884737e+00  7.922562e-02  1.088210e+01  5.616119e+00  2.369887e+02  3.047930e+02  6.879175e+03  1.379246e+02  4.628864e+04  4.5171111794075932e+02
      1840  4.6000000000000192e+00  1.1566401108163682e-01  2.1029275933873466e+00  1.095577e-01  1.100722e+01  6.792566e+00  2.436650e+02  3.493679e+02  7.209389e+03  1.351905e+02  4.447245e+04  4.6449689975582578e+02
      1850  4.6250000000000231e+00  1.1553163857603850e-01  2.1330217911173990e+00  1.404841e-01  1.113414e+01  8.022583e+00  2.508267e+02  3.985492e+02  7.582217e+03  1.327859e+02  4.297961e+04  4.7705289409798399e+02
      1860  4.6500000000000270e+00  1.1539738616041126e-01  2.1630753861861605e+00  1.717203e-01  1.126098e+01  9.296632e+00  2.583235e+02  4.523077e+02  7.990022e+03  1.307945e+02  4.181948e+04  4.8938937234525838e+02
      1870  4.6750000000000309e+00  1.1526125772272901e-01  2.1930451967017248e+00  2.029744e-01  1.138579e+01  1.060827e+01  2.659860e+02  5.107615e+02  8.423840e+03  1.292215e+02  4.099638e+04  5.0151690611065152e+02
      1880  4.7000000000000348e+00  1.1512325986556107e-01  2.2228876234779928e+00  2.339669e-01  1.150699e+01  1.195527e+01  2.736848e+02  5.743634e+02  8.878944e+03  1.280264e+02  4.049217e+04  5.1344089585526660e+02
      1890  4.7250000000000387e+00  1.1498340192068111e-01  2.2525590136254054e+00  2.644386e-01  1.162369e+01  1.333790e+01  2.813730e+02  6.437652e+02  9.357097e+03  1.271869e+02  4.030606e+04  5.2516173488461459e+02
      1900  4.7500000000000426e+00  1.1484169594302021e-01  2.2820159339069295e+00  2.941487e-01  1.173578e+01  1.475514e+01  2.890953e+02  7.195316e+02  9.866953e+03  1.266680e+02  4.040826e+04  5.3667788567145305e+02
      1910  4.7750000000000465e+00  1.1469815669255254e-01  2.3112152948023965e+00  3.228699e-01  1.184377e+01  1.620254e+01  2.969669e+02  8.019779e+02  1.042246e+04  1.264050e+02  4.074203e+04  5.4798761203751155e+02
      1920  4.8000000000000504e+00  1.1455280160973332e-01  2.3401144599975572e+00  3.503912e-01  1.194832e+01  1.767203e+01  3.051241e+02  8.911112e+02  1.103851e+04  1.263496e+02  4.126881e+04  5.5908798738099301e+02
      1930  4.8250000000000544e+00  1.1440565078110185e-01  2.3686714567491971e+00  3.765309e-01  1.204982e+01  1.915376e+01  3.136737e+02  9.867762e+02  1.172714e+04  1.264728e+02  4.196751e+04  5.6997270039139835e+02
      1940  4.8500000000000583e+00  1.1425672688806351e-01  2.3968452994100953e+00  4.011503e-01  1.214805e+01  2.063892e+01  3.226633e+02  1.088855e+03  1.249582e+04  1.267708e+02  4.284310e+04  5.8063046172138934e+02
      1950  4.8750000000000622e+00  1.1410605513209658e-01  2.4245964178947190e+00  4.241574e-01  1.224226e+01  2.212027e+01  3.320790e+02  1.197280e+03  1.334769e+04  1.272615e+02  4.392652e+04  5.9104475243375714e+02
      1960  4.9000000000000661e+00  1.1395366312987439e-01  2.4518871826979329e+00  4.454936e-01  1.233147e+01  2.359035e+01  3.418729e+02  1.311867e+03  1.428334e+04  1.279576e+02  4.524143e+04  6.0119490271244945e+02
      1970  4.9250000000000700e+00  1.1379958077410389e-01  2.4786824614176943e+00  4.651126e-01  1.241485e+01  2.503936e+01  3.519941e+02  1.432101e+03  1.530238e+04  1.288518e+02  4.678158e+04  6.1105799937403663e+02
      1980  4.9500000000000739e+00  1.1364384006120071e-01  2.5049501079137091e+00  4.829658e-01  1.249189e+01  2.645457e+01  3.623954e+02  1.557068e+03  1.640320e+04  1.299181e+02  4.851827e+04  6.2061080434116070e+02
      1990  4.9750000000000778e+00  1.1348647489200112e-01  2.5306613415621646e+00  4.990036e-01  1.256221e+01  2.782174e+01  3.730136e+02  1.685563e+03  1.758113e+04  1.311169e+02  5.041401e+04  6.2983121158373558e+02
      2000  5.0000000000000817e+00  1.1332752085154332e-01  2.5557910472332215e+00  5.131934e-01  1.262526e+01  2.912753e+01  3.837418e+02  1.816255e+03  1.882628e+04  1.324016e+02  5.242617e+04  6.3869946637883606e+02
      2010  5.0250000000000856e+00  1.1316701497177581e-01  2.5803180284656904e+00  5.255386e-01  1.268014e+01  3.036128e+01  3.944164e+02  1.947757e+03  2.012266e+04  1.337237e+02  5.450654e+04  6.4719949303315536e+02
      2020  5.0500000000000895e+00  1.1300499548031492e-01  2.6042251961812770e+00  5.360869e-01  1.272561e+01  3.151479e+01  4.048272e+02  2.078561e+03  2.144873e+04  1.350360e+02  5.660456e+04  6.5532017429091252e+02
      2030  5.0750000000000934e+00  1.1284150154081775e-01  2.6274996442671368e+00  5.449196e-01  1.276031e+01  3.258065e+01  4.147437e+02  2.206908e+03  2.277899e+04  1.362921e+02  5.867188e+04  6.6305602648371894e+02
      2040  5.1000000000000973e+00  1.1267657299312039e-01  2.6501325822282604e+00  5.521289e-01  1.278316e+01  3.355014e+01  4.239440e+02  2.330687e+03  2.408577e+04  1.374441e+02  6.066166e+04  6.7040681463284238e+02
      2050  5.1250000000001013e+00  1.1251025010171024e-01  2.6721191447922692e+00  5.577941e-01  1.279349e+01  3.441220e+01  4.322326e+02  2.447455e+03  2.534038e+04  1.384394e+02  6.252210e+04  6.7737608337482891e+02
      2060  5.1500000000001052e+00  1.1234257331836908e-01  2.6934581426034150e+00  5.619708e-01  1.279113e+01  3.515402e+01  4.394433e+02  2.554574e+03  2.651380e+04  1.392203e+02  6.419099e+04  6.8396905318753022e+02
      2070  5.1750000000001091e+00  1.1217358306022204e-01  2.7141518288902935e+00  5.646964e-01  1.277622e+01  3.576282e+01  4.454334e+02  2.649426e+03  2.757713e+04  1.397266e+02  6.559711e+04  6.9019062009897971e+02
      2080  5.2000000000001130e+00  1.1200331950056765e-01  2.7342057284516539e+00  5.660086e-01  1.274909e+01  3.622800e+01  4.500786e+02  2.729639e+03  2.850261e+04  1.399028e+02  6.666798e+04  6.9604409888003147e+02
      2090  5.2250000000001169e+00  1.1183182236824683e-01  2.7536285293243514e+00  5.659645e-01  1.271007e+01  3.654285e+01  4.532741e+02  2.793274e+03  2.926521e+04  1.397039e+02  6.733906e+04  7.0153087095913111e+02
      2100  5.2500000000001208e+00  1.1165913075258334e-01  2.7724320078099343e+00  5.646540e-01  1.265953e+01  3.670530e+01  4.549438e+02  2.838954e+03  2.984454e+04  1.391002e+02  6.756107e+04  7.0665059578036039e+02
      2110  5.2750000000001247e+00  1.1148528291259627e-01  2.7906309593202989e+00  5.622002e-01  1.259796e+01  3.671796e+01  4.550527e+02  2.865940e+03  3.022670e+04  1.380788e+02  6.730470e+04  7.1140150610126989e+02
      2120  5.3000000000001286e+00  1.1131031609063818e-01  2.8082431266925072e+00  5.587513e-01  1.252604e+01  3.658757e+01  4.536163e+02  2.874168e+03  3.040559e+04  1.366412e+02  6.656139e+04  7.1578055953054786e+02
      2130  5.3250000000001325e+00  1.1113426633036280e-01  2.8252891303642058e+00  5.544675e-01  1.244470e+01  3.632436e+01  4.507033e+02  2.864224e+03  3.038349e+04  1.347996e+02  6.534050e+04  7.1978356594953652e+02
      2140  5.3500000000001364e+00  1.1095716829896003e-01  2.8417924004586927e+00  5.495095e-01  1.235516e+01  3.594139e+01  4.464321e+02  2.837299e+03  3.017063e+04  1.325731e+02  6.366599e+04  7.2340556273842469e+02
      2150  5.3750000000001403e+00  1.1077905511386552e-01  2.8577790968112859e+00  5.440319e-01  1.225880e+01  3.545393e+01  4.409609e+02  2.795099e+03  2.978415e+04  1.299861e+02  6.157474e+04  7.2664160216930759e+02
      2160  5.4000000000001442e+00  1.1059995817541821e-01  2.8732779934354462e+00  5.381822e-01  1.215717e+01  3.487894e+01  4.344759e+02  2.739737e+03  2.924663e+04  1.270693e+02  5.911573e+04  7.2948789511041878e+02
      2170  5.4250000000001481e+00  1.1041990700847031e-01  2.8883203061124911e+00  5.321030e-01  1.205179e+01  3.423442e+01  4.271787e+02  2.673607e+03  2.858439e+04  1.238600e+02  5.634868e+04  7.3194311073556787e+02
      2180  5.4500000000001521e+00  1.1023892911684552e-01  2.9029394521063647e+00  5.259360e-01  1.194420e+01  3.353900e+01  4.192764e+02  2.599254e+03  2.782577e+04  1.204023e+02  5.334182e+04  7.3400963616604758e+02
      2190  5.4750000000001560e+00  1.1005704985500010e-01  2.9171707414160548e+00  5.198257e-01  1.183583e+01  3.281137e+01  4.109724e+02  2.519242e+03  2.699942e+04  1.167455e+02  5.016845e+04  7.3569469188154517e+02
      2200  5.5000000000001599e+00  1.0987429232100704e-01  2.9310510045877334e+00  5.139206e-01  1.172805e+01  3.206994e+01  4.024606e+02  2.436047e+03  2.613284e+04  1.129417e+02  4.690277e+04  7.3701127595668800e+02
      2210  5.5250000000001638e+00  1.0969067727463655e-01  2.9446181633640851e+00  5.083734e-01  1.162212e+01  3.133247e+01  3.939201e+02  2.351971e+03  2.525122e+04  1.090433e+02  4.361568e+04  7.3797892317848550e+02
      2220  5.5500000000001677e+00  1.0950622308389542e-01  2.9579107508321432e+00  5.033390e-01  1.151919e+01  3.061590e+01  3.855131e+02  2.269088e+03  2.437681e+04  1.051010e+02  4.037142e+04  7.3862423728328440e+02
      2230  5.5750000000001716e+00  1.0932094570290421e-01  2.9709673900760656e+00  4.989711e-01  1.142034e+01  2.993610e+01  3.773835e+02  2.189225e+03  2.352866e+04  1.011630e+02  3.722510e+04  7.3898113363147445e+02
      2240  5.6000000000001755e+00  1.0913485868334204e-01  2.9838262448254040e+00  4.954179e-01  1.132654e+01  2.930777e+01  3.696573e+02  2.113953e+03  2.272258e+04  9.727389e+01  3.422106e+04  7.3909073783507029e+02
      2250  5.6250000000001794e+00  1.0894797322061814e-01  2.9965244603780361e+00  4.928185e-01  1.123870e+01  2.874431e+01  3.624427e+02  2.044586e+03  2.197114e+04  9.347401e+01  3.139203e+04  7.3900091579688728e+02
      2260  5.6500000000001833e+00  1.0876029823472591e-01  3.0090976161891594e+00  4.912981e-01  1.115765e+01  2.825770e+01  3.558322e+02  1.982196e+03  2.128397e+04  8.979852e+01  2.875945e+04  7.3876544670098940e+02
      2270  5.6750000000001872e+00  1.0857184048441006e-01  3.0215792119664191e+00  4.909646e-01  1.108417e+01  2.785843e+01  3.499043e+02  1.927632e+03  2.066810e+04  8.627731e+01  2.633482e+04  7.3844288130834411e+02
      2280  5.7000000000001911e+00  1.0838260471183439e-01  3.0340002071547540e+00  4.919052e-01  1.101895e+01  2.755537e+01  3.447266e+02  1.881554e+03  2.012857e+04  8.293552e+01  2.412179e+04  7.3809514853865539e+02
      2290  5.7250000000001950e+00  1.0819259381398033e-01  3.0463886304414052e+00  4.941831e-01  1.096265e+01  2.735572e+01  3.403583e+02  1.844457e+03  1.966899e+04  7.979451e+01  2.211823e+04  7.3778598664433093e+02
      2300  5.7500000000001990e+00  1.0800180903587178e-01  3.0587692723593167e+00  4.978347e-01  1.091584e+01  2.726489e+01  3.368525e+02  1.816709e+03  1.929222e+04  7.687284e+01  2.031803e+04  7.3757928829557750e+02
      2310  5.7750000000002029e+00  1.0781025018021027e-01  3.0711634702377046e+00  5.028683e-01  1.087900e+01  2.728646e+01  3.342578e+02  1.798570e+03  1.900085e+04  7.418700e+01  1.871242e+04  7.3753746259729144e+02
      2320  5.8000000000002068e+00  1.0761791582739735e-01  3.0835889899955555e+00  5.092619e-01  1.085254e+01  2.742208e+01  3.326186e+02  1.790218e+03  1.879758e+04  7.175165e+01  1.729098e+04  7.3771992195938287e+02
      2330  5.8250000000002107e+00  1.0742480355997751e-01  3.0960600035834549e+00  5.169636e-01  1.083672e+01  2.767152e+01  3.319748e+02  1.791760e+03  1.868528e+04  6.957946e+01  1.604284e+04  7.3818178698213842e+02
      2340  5.8500000000002146e+00  1.0723091018562397e-01  3.1085871554579683e+00  5.258927e-01  1.083170e+01  2.803261e+01  3.323598e+02  1.803243e+03  1.866693e+04  6.768069e+01  1.495776e+04  7.3897286906122554e+02
      2350  5.8750000000002185e+00  1.0703623195348980e-01  3.1211777077268179e+00  5.359410e-01  1.083747e+01  2.850137e+01  3.337987e+02  1.824651e+03  1.874547e+04  6.606246e+01  1.402675e+04  7.4013695122270792e+02
      2360  5.9000000000002224e+00  1.0684076475931611e-01  3.1338357519481375e+00  5.469767e-01  1.085385e+01  2.907205e+01  3.363051e+02  1.855907e+03  1.892359e+04  6.472825e+01  1.324216e+04  7.4171135599126978e+02
      2370  5.9250000000002263e+00  1.0664450433552261e-01  3.1465624755325594e+00  5.588480e-01  1.088051e+01  2.973724e+01  3.398792e+02  1.896854e+03  1.920350e+04  6.367737e+01  1.259715e+04  7.4372677146795536e+02
      2380  5.9500000000002302e+00  1.0644744642326123e-01  3.1593564715493478e+00  5.713880e-01  1.091694e+01  3.048800e+01  3.445049e+02  1.947240e+03  1.958664e+04  6.290473e+01  1.208527e+04  7.4620730145581888e+02
      2390  5.9750000000002341e+00  1.0624958692399883e-01  3.1722140818290834e+00  5.844196e-01  1.096248e+01  3.131395e+01  3.501484e+02  2.006689e+03  2.007329e+04  6.240078e+01  1.170019e+04  7.4917070203268452e+02
      2400  6.0000000000002380e+00  1.0605092202884633e-01  3.1851297642771694e+00  5.977618e-01  1.101629e+01  3.220344e+01  3.567575e+02  2.074683e+03  2.066221e+04  6.215161e+01  1.143544e+04  7.5262875669457321e+02
      2410  6.0250000000002419e+00  1.0585144832439536e-01  3.1980964763056687e+00  6.112340e-01  1.107744e+01  3.314373e+01  3.642619e+02  2.150540e+03  2.135042e+04  6.213935e+01  1.128414e+04  7.5658772936199921e+02
      2420  6.0500000000002458e+00  1.0565116287427315e-01  3.2111060672980738e+00  6.246625e-01  1.114491e+01  3.412122e+01  3.725758e+02  2.233415e+03  2.213312e+04  6.234283e+01  1.123865e+04  7.6104883295928471e+02
      2430  6.0750000000002498e+00  1.0545006327603357e-01  3.2241496739199231e+00  6.378842e-01  1.121762e+01  3.512179e+01  3.816006e+02  2.322314e+03  2.300388e+04  6.273852e+01  1.129041e+04  7.6600867168215837e+02
      2440  6.1000000000002537e+00  1.0524814769340299e-01  3.2372181124558468e+00  6.507520e-01  1.129451e+01  3.613123e+01  3.912293e+02  2.416124e+03  2.395489e+04  6.330157e+01  1.143002e+04  7.7145965313632860e+02
      2450  6.1250000000002576e+00  1.0504541486426196e-01  3.2503022617439998e+00  6.631376e-01  1.137451e+01  3.713570e+01  4.013516e+02  2.513659e+03  2.497746e+04  6.400704e+01  1.164773e+04  7.7739040379316543e+02
      2460  6.1500000000002615e+00  1.0484186408517654e-01  3.2633934288125657e+00  6.749351e-01  1.145663e+01  3.812226e+01  4.118592e+02  2.613722e+03  2.606266e+04  6.483110e+01  1.193381e+04  7.8378624130338017e+02
      2470  6.1750000000002654e+00  1.0463749517385375e-01  3.2764836874868584e+00  6.860621e-01  1.153993e+01  3.907935e+01  4.226509e+02  2.715170e+03  2.720196e+04  6.575197e+01  1.227886e+04  7.9062975418816529e+02
      2480  6.2000000000002693e+00  1.0443230841160009e-01  3.2895661782364423e+00  6.964595e-01  1.162358e+01  3.999717e+01  4.336364e+02  2.816968e+03  2.838786e+04  6.675068e+01  1.267448e+04  7.9790151394652185e+02
      2490  6.2250000000002732e+00  1.0422630446855508e-01  3.3026353556882011e+00  7.060900e-01  1.170678e+01  4.086785e+01  4.447390e+02  2.918237e+03  2.961442e+04  6.781167e+01  1.311375e+04  8.0558090531761673e+02
      2500  6.2500000000002771e+00  1.0401948431549186e-01  3.3156871695894505e+00  7.149332e-01  1.178878e+01  4.168546e+01  4.558963e+02  3.018282e+03  3.087759e+04  6.892348e+01  1.359170e+04  8.1364702395001939e+02
      2510  6.2750000000002810e+00  1.0381184912670897e-01  3.3287191665495017e+00  7.229813e-01  1.186889e+01  4.244581e+01  4.670593e+02  3.116599e+03  3.217539e+04  7.007926e+01  1.410582e+04  8.2207957129928616e+02
      2520  6.3000000000002849e+00  1.0360340017928077e-01  3.3417305035887006e+00  7.302316e-01  1.194639e+01  4.314605e+01  4.781902e+02  3.212865e+03  3.350788e+04  7.127692e+01  1.465635e+04  8.3085967717316203e+02
      2530  6.3250000000002888e+00  1.0339413875433705e-01  3.3547218692961192e+00  7.366810e-01  1.202056e+01  4.378415e+01  4.892589e+02  3.306896e+03  3.487676e+04  7.251870e+01  1.524642e+04  8.3997059337123483e+02
      2540  6.3500000000002927e+00  1.0318406604616717e-01  3.3676953129716081e+00  7.423188e-01  1.209065e+01  4.435826e+01  5.002371e+02  3.398595e+03  3.628482e+04  7.381010e+01  1.588207e+04  8.4939821768913441e+02
      2550  6.3750000000002967e+00  1.0297318308477063e-01  3.3806539858768958e+00  7.471221e-01  1.215584e+01  4.486610e+01  5.110930e+02  3.487874e+03  3.773501e+04  7.515853e+01  1.657178e+04  8.5913142320411930e+02
      2560  6.4000000000003006e+00  1.0276149067712392e-01  3.3936018016757847e+00  7.510507e-01  1.221523e+01  4.530433e+01  5.217834e+02  3.574569e+03  3.922933e+04  7.657182e+01  1.732566e+04  8.6916218478969813e+02
      2570  6.4250000000003045e+00  1.0254898937197975e-01  3.4065430255779936e+00  7.540450e-01  1.226780e+01  4.566805e+01  5.322466e+02  3.658344e+03  4.076743e+04  7.805688e+01  1.815451e+04  8.7948551078166611e+02
      2580  6.4500000000003084e+00  1.0233567945224291e-01  3.4194818038947972e+00  7.560239e-01  1.231245e+01  4.595045e+01  5.423953e+02  3.738597e+03  4.234507e+04  7.961885e+01  1.906899e+04  8.9009919546626384e+02
      2590  6.4750000000003123e+00  1.0212156095825474e-01  3.4324216480110175e+00  7.568854e-01  1.234791e+01  4.614253e+01  5.521098e+02  3.814370e+03  4.395243e+04  8.126056e+01  2.007889e+04  9.0100340212182834e+02
      2600  6.5000000000003162e+00  1.0190663374431062e-01  3.4453648895277675e+00  7.565087e-01  1.237282e+01  4.623311e+01  5.612333e+02  3.884281e+03  4.557254e+04  8.298250e+01  2.119273e+04  9.1220006818911088e+02
      2610  6.5250000000003201e+00  1.0169089756963434e-01  3.4583121267832349e+00  7.547590e-01  1.238567e+01  4.620905e+01  5.695693e+02  3.946470e+03  4.717990e+04  8.478309e+01  2.241741e+04  9.2369210392169748e+02
      2620  6.5500000000003240e+00  1.0147435222357526e-01  3.4712616870301991e+00  7.514930e-01  1.238492e+01  4.605570e+01  5.768825e+02  3.998606e+03  4.873968e+04  8.665902e+01  2.375811e+04  9.3548234818238302e+02
      2630  6.5750000000003279e+00  1.0125699768320280e-01  3.4842091325423801e+00  7.465678e-01  1.236900e+01  4.575756e+01  5.829034e+02  4.037924e+03  5.020763e+04  8.860564e+01  2.521821e+04  9.4757225841153218e+02
      2640  6.6000000000003318e+00  1.0103883429963904e-01  3.4971468417038531e+00  7.398495e-01  1.233636e+01  4.529919e+01  5.873358e+02  4.061322e+03  5.153084e+04  9.061706e+01  2.679901e+04  9.5996034160931845e+02
      2650  6.6250000000003357e+00  1.0081986300738606e-01  3.5100636968499219e+00  7.312239e-01  1.228556e+01  4.466625e+01  5.898671e+02  4.065512e+03  5.264932e+04  9.268562e+01  2.849932e+04  9.7264036669077984e+02
      2660  6.6500000000003396e+00  1.0060008554904901e-01  3.5229449093323684e+00  7.206070e-01  1.221532e+01  4.384645e+01  5.901813e+02  4.047194e+03  5.349841e+04  9.480081e+01  3.031426e+04  9.8559942562358719e+02
      2670  6.6750000000003435e+00  1.0037950470600826e-01  3.5357720097269851e+00  7.079544e-01  1.212460e+01  4.283065e+01  5.879718e+02  4.003265e+03  5.401175e+04  9.694717e+01  3.223310e+04  9.9881592952616461e+02
      2680  6.7000000000003475e+00  1.0015812452390130e-01  3.5485230281058184e+00  6.932694e-01  1.201258e+01  4.161369e+01  5.829550e+02  3.931040e+03  5.412477e+04  9.910149e+01  3.423611e+04  1.0122576416663837e+03
      2690  6.7250000000003514e+00  9.9935950520332731e-02  3.5611728862606533e+00  6.766093e-01  1.187875e+01  4.019514e+01  5.748846e+02  3.828476e+03  5.377854e+04  1.012295e+02  3.629088e+04  1.0258798700809625e+03
      2700  6.7500000000003553e+00  9.9712989861010487e-02  3.5736940205634520e+00  6.580878e-01  1.172292e+01  3.857996e+01  5.635660e+02  3.694396e+03  5.292392e+04  1.032832e+02  3.834952e+04  1.0396239731428113e+03
      2710  6.7750000000003592e+00  9.9489251489358832e-02  3.5860572500167538e+00  6.378741e-01  1.154526e+01  3.677904e+01  5.488727e+02  3.528726e+03  5.152613e+04  1.051994e+02  4.034836e+04  1.0534163662987667e+03
      2720  6.8000000000003631e+00  9.9264746194048153e-02  3.5982328976250137e+00  6.161894e-01  1.134633e+01  3.480954e+01  5.307663e+02  3.332711e+03  4.956999e+04  1.069014e+02  4.221120e+04  1.0671682412877080e+03
      2730  6.8250000000003670e+00  9.9039486598581125e-02  3.6101921628758058e+00  5.932985e-01  1.112721e+01  3.269505e+01  5.093187e+02  3.109114e+03  4.706570e+04  1.083040e+02  4.385530e+04  1.0807762060585669e+03
      2740  6.8500000000003709e+00  9.8813487057723942e-02  3.6219087275725972e+00  5.695004e-01  1.088952e+01  3.046530e+01  4.847342e+02  2.862327e+03  4.405438e+04  1.093210e+02  4.519715e+04  1.0941240232230061e+03
      2750  6.8750000000003748e+00  9.8586763447277043e-02  3.6333605559647801e+00  5.451151e-01  1.063556e+01  2.815547e+01  4.573692e+02  2.598346e+03  4.061146e+04  1.098734e+02  4.615630e+04  1.1070855799763958e+03
      2760  6.9000000000003787e+00  9.8359332836922955e-02  3.6445318232440442e+00  5.204717e-01  1.036833e+01  2.580492e+01  4.277382e+02  2.324493e+03  3.684500e+04  1.098965e+02  4.665937e+04  1.1195291845634026e+03
      2770  6.9250000000003826e+00  9.8131213041019738e-02  3.6554148742343116e+00  4.958957e-01  1.009152e+01  2.345556e+01  3.965017e+02  2.048860e+03  3.288724e+04  1.093432e+02  4.664832e+04  1.1313232663059314e+03
      2780  6.9500000000003865e+00  9.7902422049409396e-02  3.6660120771906239e+00  4.716978e-01  9.809415e+00  2.114980e+01  3.644303e+02  1.779534e+03  2.888056e+04  1.081846e+02  4.609182e+04  1.1423435341424613e+03
      2790  6.9750000000003904e+00  9.7672977350005394e-02  3.6763374004387188e+00  4.481651e-01  9.526744e+00  1.892819e+01  3.323495e+02  1.523793e+03  2.496179e+04  1.064090e+02  4.499210e+04  1.1524815596015960e+03
      2800  7.0000000000003944e+00  9.7442895166541227e-02  3.6864175139049795e+00  4.255531e-01  9.248398e+00  1.682704e+01  3.010746e+02  1.287490e+03  2.124968e+04  1.040210e+02  4.338023e+04  1.1616545194049172e+03
      2810  7.0250000000003983e+00  9.7212189647364097e-02  3.6962922211234406e+00  4.040798e-01  8.979155e+00  1.487617e+01  2.713475e+02  1.074726e+03  1.783756e+04  1.010416e+02  4.130319e+04  1.1698154023943816e+03
      2820  7.0500000000004022e+00  9.6980872052011613e-02  3.7060140763109404e+00  3.839207e-01  8.723369e+00  1.309705e+01  2.437839e+02  8.877868e+02  1.479066e+04  9.750975e+01  3.881320e+04  1.1769623719125311e+03
      2830  7.0750000000004061e+00  9.6748949988621741e-02  3.7156471410219356e+00  3.652060e-01  8.484705e+00  1.150173e+01  2.188373e+02  7.272581e+02  1.214577e+04  9.348541e+01  3.596797e+04  1.1831453790436492e+03
      2840  7.1000000000004100e+00  9.6516426753749274e-02  3.7252649732897396e+00  3.480185e-01  8.265935e+00  1.009261e+01  1.967803e+02  5.922659e+02  9.912114e+03  8.905103e+01  3.284049e+04  1.1884679509933967e+03
      2850  7.1250000000004139e+00  9.6283300815926467e-02  3.7349480866243825e+00  3.323963e-01  8.068841e+00  8.863319e+00  1.777063e+02  4.808063e+02  8.074239e+03  8.431089e+01  2.952698e+04  1.1930827111229642e+03
      2860  7.1500000000004178e+00  9.6049565465732484e-02  3.7447812218403991e+00  3.183373e-01  7.894209e+00  7.800522e+00  1.615516e+02  3.901026e+02  6.597888e+03  7.938539e+01  2.614324e+04  1.1971806087587092e+03
      2870  7.1750000000004217e+00  9.5815208632475862e-02  3.7548508023775931e+00  3.058082e-01  7.741942e+00  6.886271e+00  1.481356e+02  3.169854e+02  5.437495e+03  7.440196e+01  2.281132e+04  1.2009755243532275e+03
      2880  7.2000000000004256e+00  9.5580212845872259e-02  3.7652428805020532e+00  2.947558e-01  7.611231e+00  6.100521e+00  1.372033e+02  2.582874e+02  4.543209e+03  6.948500e+01  1.964480e+04  1.2046871455898258e+03
      2890  7.2250000000004295e+00  9.5344555305898485e-02  3.7760417468930587e+00  2.851192e-01  7.500776e+00  5.423497e+00  1.284648e+02  2.111376e+02  3.866565e+03  6.474621e+01  1.673637e+04  1.2085253222014630e+03
      2900  7.2500000000004334e+00  9.5108208018291784e-02  3.7873292090461064e+00  2.768395e-01  7.409009e+00  4.837413e+00  1.216270e+02  1.730750e+02  3.364438e+03  6.027678e+01  1.414942e+04  1.2126785160942884e+03
      2910  7.2750000000004373e+00  9.4871137957983867e-02  3.7991843858439416e+00  2.698661e-01  7.334286e+00  4.327346e+00  1.164172e+02  1.420564e+02  3.000674e+03  5.614430e+01  1.191653e+04  1.2173078271479851e+03
      2920  7.3000000000004412e+00  9.4633307236158148e-02  3.8116837496279610e+00  2.641554e-01  7.275031e+00  3.881459e+00  1.125959e+02  1.164543e+02  2.746061e+03  5.239456e+01  1.004341e+04  1.2225468302722065e+03
      2930  7.3250000000004452e+00  9.4394673265411511e-02  3.8249010944122288e+00  2.596648e-01  7.229823e+00  3.490717e+00  1.099620e+02  9.503350e+01  2.578053e+03  4.905360e+01  8.513222e+03  1.2285064029269458e+03
      2940  7.3500000000004491e+00  9.4155188937499135e-02  3.8389071225805207e+00  2.563430e-01  7.197419e+00  3.148074e+00  1.083502e+02  7.686696e+01  2.480247e+03  4.612501e+01  7.290914e+03  1.2352829031506403e+03
      2950  7.3750000000004530e+00  9.3914802845582110e-02  3.8537684062729491e+00  2.541206e-01  7.176737e+00  2.847423e+00  1.076188e+02  6.117230e+01  2.440530e+03  4.358815e+01  6.330532e+03  1.2429673819153611e+03
      2960  7.4000000000004569e+00  9.3673459595199196e-02  3.8695455780029326e+00  2.529019e-01  7.166829e+00  2.582998e+00  1.076397e+02  4.715508e+01  2.448384e+03  4.140759e+01  5.585625e+03  1.2516531015623200e+03
      2970  7.4250000000004608e+00  9.3431100253171043e-02  3.8862907450685018e+00  2.525592e-01  7.166869e+00  2.349510e+00  1.083028e+02  3.406860e+01  2.494280e+03  3.954835e+01  5.015376e+03  1.2614390190451161e+03
      2980  7.4500000000004647e+00  9.3187662978229502e-02  3.9040443113563019e+00  2.529305e-01  7.176137e+00  2.142349e+00  1.095239e+02  2.145217e+01  2.572131e+03  3.797871e+01  4.581493e+03  1.2724284406182314e+03
      2990  7.4750000000004686e+00  9.2943083859619052e-02  3.9228315749827676e+00  2.538233e-01  7.194022e+00  1.957447e+00  1.112338e+02  9.097063e+00  2.679045e+03  3.666249e+01  4.247460e+03  1.2847239452136753e+03
      3000  7.5000000000004725e+00  9.2697297963795416e-02  3.9426595413135317e+00  2.550254e-01  7.220029e+00  1.791566e+00  1.133636e+02 -3.246999e+00  2.809989e+03  3.555934e+01  3.986854e+03  1.2984202025695927e+03
      3010  7.5250000000004764e+00  9.2450240563846708e-02  3.9635143055173225e+00  2.563198e-01  7.253815e+00  1.643182e+00  1.158589e+02 -1.569015e+01  2.958656e+03  3.463352e+01  3.782625e+03  1.3135950941724595e+03
      3020  7.5500000000004803e+00  9.2201848508392567e-02  3.9853592291595650e+00  2.574976e-01  7.295199e+00  1.512458e+00  1.186914e+02 -2.791112e+01  3.123377e+03  3.385712e+01  3.619329e+03  1.3302986892599592e+03
      3030  7.5750000000004842e+00  9.1952061674447888e-02  4.0081341030351210e+00  2.583659e-01  7.344185e+00  1.400537e+00  1.218463e+02 -3.947769e+01  3.303666e+03  3.321265e+01  3.488091e+03  1.3485410383377571e+03
      3040  7.6000000000004881e+00  9.1700824435452494e-02  4.0317555278264532e+00  2.587565e-01  7.400952e+00  1.309497e+00  1.253262e+02 -4.988932e+01  3.498774e+03  3.269698e+01  3.388787e+03  1.3682819850256305e+03
      3050  7.6250000000004921e+00  9.1448087061918287e-02  4.0561186969892633e+00  2.585355e-01  7.465814e+00  1.242212e+00  1.291510e+02 -5.847179e+01  3.710683e+03  3.231738e+01  3.326719e+03  1.3894263208838311e+03
      3060  7.6500000000004960e+00  9.1193806966486810e-02  4.0811005571379173e+00  2.576171e-01  7.539145e+00  1.202209e+00  1.333476e+02 -6.452964e+01  3.941749e+03  3.208876e+01  3.312824e+03  1.4118252563289957e+03
      3070  7.6750000000004999e+00  9.0937949715427735e-02  4.1065640490828628e+00  2.559740e-01  7.621294e+00  1.193520e+00  1.379458e+02 -6.733300e+01  4.194378e+03  3.203260e+01  3.361923e+03  1.4352825891751004e+03
      3080  7.7000000000005038e+00  9.0680489753230148e-02  4.1323629660984373e+00  2.536401e-01  7.712517e+00  1.220395e+00  1.429714e+02 -6.620674e+01  4.471091e+03  3.217270e+01  3.492396e+03  1.4595630598539205e+03
      3090  7.7250000000005077e+00  9.0421410816208025e-02  4.1583469886881268e+00  2.507034e-01  7.812942e+00  1.287123e+00  1.484441e+02 -6.058724e+01  4.774258e+03  3.252888e+01  3.721777e+03  1.4844014582516202e+03
      3100  7.7500000000005116e+00  9.0160706034520671e-02  4.1843665837942225e+00  2.472902e-01  7.922544e+00  1.397965e+00  1.543719e+02 -5.002107e+01  5.106341e+03  3.311552e+01  4.069545e+03  1.5095127163152977e+03
      3110  7.7750000000005155e+00  8.9898377738728372e-02  4.2102775246479336e+00  2.435459e-01  8.041141e+00  1.557421e+00  1.607502e+02 -3.413666e+01  5.468837e+03  3.394157e+01  4.556357e+03  1.5346034434947892e+03
      3120  7.8000000000005194e+00  8.9634437002762579e-02  4.2359447670087977e+00  2.396129e-01  8.168383e+00  1.770171e+00  1.675655e+02 -1.252386e+01  5.862422e+03  3.500699e+01  5.200228e+03  1.5593841770297990e+03
      3130  7.8250000000005233e+00  8.9368902970977118e-02  4.2612454631513792e+00  2.356063e-01  8.303735e+00  2.040700e+00  1.748003e+02  1.531907e+01  6.288582e+03  3.630338e+01  6.014381e+03  1.5835815909957128e+03
      3140  7.8500000000005272e+00  8.9101802025913376e-02  4.2860710496779113e+00  2.315934e-01  8.446443e+00  2.372545e+00  1.824412e+02  4.994499e+01  6.751110e+03  3.781430e+01  6.999889e+03  1.6069515537384627e+03
      3150  7.8750000000005311e+00  8.8833166855056322e-02  4.3103283824263618e+00  2.275799e-01  8.595489e+00  2.766788e+00  1.904782e+02  9.182895e+01  7.256054e+03  3.951434e+01  8.140549e+03  1.6292933448150934e+03
      3160  7.9000000000005350e+00  8.8563035480555524e-02  4.3339397573603602e+00  2.235083e-01  8.749583e+00  3.220317e+00  1.988995e+02  1.412183e+02  7.810701e+03  4.137093e+01  9.407280e+03  1.6504611237759789e+03
      3170  7.9250000000005389e+00  8.8291450325065829e-02  4.3568417629526905e+00  2.192688e-01  8.907233e+00  3.724723e+00  2.076891e+02  1.980242e+02  8.423092e+03  4.334394e+01  1.076401e+04  1.6703676357575550e+03
      3180  7.9500000000005429e+00  8.8018457375924175e-02  4.3789833925876307e+00  2.147205e-01  9.066952e+00  4.267050e+00  2.168363e+02  2.618297e+02  9.102578e+03  4.538523e+01  1.216852e+04  1.6889814253344039e+03
      3190  7.9750000000005468e+00  8.7744105473140474e-02  4.4003240567641200e+00  2.097192e-01  9.227569e+00  4.832707e+00  2.263510e+02  3.320903e+02  9.860461e+03  4.743927e+01  1.356725e+04  1.7063234924919002e+03
      3200  8.0000000000005507e+00  8.7468445717547125e-02  4.4208317201045926e+00  2.041442e-01  9.388493e+00  5.408933e+00  2.362723e+02  4.083916e+02  1.070936e+04  4.944287e+01  1.489111e+04  1.7224638094561742e+03
      3210  8.0250000000005457e+00  8.7191530993844385e-02  4.4404810942890025e+00  1.979251e-01  9.549888e+00  5.987602e+00  2.466724e+02  4.906977e+02  1.166345e+04  5.133150e+01  1.606074e+04  1.7375112223579240e+03
      3220  8.0500000000005407e+00  8.6913415597316607e-02  4.4592522349921317e+00  1.910695e-01  9.712777e+00  6.567317e+00  2.576660e+02  5.795954e+02  1.274065e+04  5.305322e+01  1.700244e+04  1.7515945414307239e+03
      3230  8.0750000000005357e+00  8.6634154915514558e-02  4.4771302954042733e+00  1.836863e-01  9.879108e+00  7.154296e+00  2.694172e+02  6.763387e+02  1.396382e+04  5.457692e+01  1.766534e+04  1.7648428210841312e+03
      3240  8.1000000000005308e+00  8.6353805079795870e-02  4.4941066875511044e+00  1.759912e-01  1.005165e+01  7.761344e+00  2.821306e+02  7.826639e+02  1.535943e+04  5.589214e+01  1.803016e+04  1.7773748130416780e+03
      3250  8.1250000000005258e+00  8.6072422517536454e-02  4.5101809113407683e+00  1.682891e-01  1.023366e+01  8.404679e+00  2.960215e+02  9.003829e+02  1.695289e+04  5.700664e+01  1.811305e+04  1.7893002753167755e+03
      3260  8.1500000000005208e+00  8.5790063399406341e-02  4.5253619144434500e+00  1.609422e-01  1.042837e+01  9.099463e+00  3.112771e+02  1.030673e+03  1.876122e+04  5.794386e+01  1.796800e+04  1.8007294030459907e+03
      3270  8.1750000000005159e+00  8.5506783037102588e-02  4.5396682468674499e+00  1.543349e-01  1.063856e+01  9.855869e+00  3.280265e+02  1.173464e+03  2.078764e+04  5.874256e+01  1.768176e+04  1.8117852029155126e+03
      3280  8.2000000000005109e+00  8.5222635316364967e-02  4.5531267600301906e+00  1.488399e-01  1.086614e+01  1.067630e+01  3.463200e+02  1.327177e+03  2.301831e+04  5.945876e+01  1.735957e+04  1.8226123031539473e+03
      3290  8.2250000000005059e+00  8.4937672258087474e-02  4.5657698216265761e+00  1.447826e-01  1.111185e+01  1.155318e+01  3.661022e+02  1.488433e+03  2.541849e+04  6.016194e+01  1.710305e+04  1.8333735434258406e+03
      3300  8.2500000000005009e+00  8.4651943791319711e-02  4.5776314460009999e+00  1.424169e-01  1.137494e+01  1.246793e+01  3.871873e+02  1.651788e+03  2.792843e+04  6.091858e+01  1.698461e+04  1.8442309198812618e+03
      3310  8.2750000000004960e+00  8.4365497773452050e-02  4.5887434800162836e+00  1.419202e-01  1.165303e+01  1.339290e+01  4.092461e+02  1.809843e+03  3.046115e+04  6.176586e+01  1.702986e+04  1.8553222233159267e+03
      3320  8.3000000000004910e+00  8.4078380214834325e-02  4.5991329715816125e+00  1.434055e-01  1.194222e+01  1.429676e+01  4.318115e+02  1.953895e+03  3.290591e+04  6.268634e+01  1.721318e+04  1.8667512496421255e+03
      3330  8.3250000000004860e+00  8.3790635631086963e-02  4.6088205419017356e+00  1.469371e-01  1.223733e+01  1.515175e+01  4.543246e+02  2.075416e+03  3.514544e+04  6.359793e+01  1.745691e+04  1.8785916361761797e+03
      3340  8.3500000000004810e+00  8.3502307494667888e-02  4.6178186640445835e+00  1.525433e-01  1.253239e+01  1.594091e+01  4.762385e+02  2.168557e+03  3.709189e+04  6.437331e+01  1.764008e+04  1.8908818010246562e+03
      3350  8.3750000000004761e+00  8.3213438800448111e-02  4.6261298994327245e+00  1.602315e-01  1.282131e+01  1.666337e+01  4.971519e+02  2.232735e+03  3.872914e+04  6.488604e+01  1.763756e+04  1.9035967314643240e+03
      3360  8.4000000000004711e+00  8.2924072696066470e-02  4.6337469441720138e+00  1.700057e-01  1.309857e+01  1.733695e+01  5.168968e+02  2.273583e+03  4.012946e+04  6.505688e+01  1.737889e+04  1.9166167853536558e+03
      3370  8.4250000000004661e+00  8.2634253007080577e-02  4.6406560368786280e+00  1.818886e-01  1.335978e+01  1.799856e+01  5.355243e+02  2.301560e+03  4.142457e+04  6.487257e+01  1.687399e+04  1.9297301693005388e+03
      3380  8.4500000000004611e+00  8.2344024460371562e-02  4.6468428669974431e+00  1.959385e-01  1.360184e+01  1.870331e+01  5.532260e+02  2.329820e+03  4.275834e+04  6.438161e+01  1.618685e+04  1.9426813962632880e+03
      3390  8.4750000000004562e+00  8.2053432530492160e-02  4.6522982771090478e+00  2.122462e-01  1.382260e+01  1.952048e+01  5.702529e+02  2.373058e+03  4.426268e+04  6.369602e+01  1.540920e+04  1.9552382536688538e+03
      3400  8.5000000000004512e+00  8.1762522997600992e-02  4.6570216280785264e+00  2.308973e-01  1.401985e+01  2.051910e+01  5.867468e+02  2.445373e+03  4.603461e+04  6.297839e+01  1.464748e+04  1.9672332485658851e+03
      3410  8.5250000000004462e+00  8.1471341371105954e-02  4.6610219763103888e+00  2.519118e-01  1.418992e+01  2.174273e+01  6.024288e+02  2.554785e+03  4.807089e+04  6.236173e+01  1.396472e+04  1.9785548752736263e+03
      3420  8.5500000000004412e+00  8.1179932255724521e-02  4.6643191766571075e+00  2.751976e-01  1.432728e+01  2.319192e+01  6.164581e+02  2.698787e+03  5.021721e+04  6.191572e+01  1.339245e+04  1.9891023301232085e+03
      3430  8.5750000000004363e+00  8.0888338590340503e-02  4.6669470939037856e+00  3.005576e-01  1.442572e+01  2.482401e+01  6.276106e+02  2.864891e+03  5.219431e+04  6.167962e+01  1.301451e+04  1.9987448168780040e+03
      3440  8.6000000000004313e+00  8.0596600607367258e-02  4.6689591415243488e+00  3.277551e-01  1.448028e+01  2.655656e+01  6.345104e+02  3.032050e+03  5.365767e+04  6.153525e+01  1.282299e+04  2.0073225442821288e+03
      3450  8.6250000000004263e+00  8.0304754426194336e-02  4.6704339513511259e+00  3.565923e-01  1.448958e+01  2.829040e+01  6.361567e+02  3.176031e+03  5.430688e+04  6.118210e+01  1.259444e+04  2.0146965930123451e+03
      3460  8.6500000000004214e+00  8.0012830370715937e-02  4.6714780798518021e+00  3.869426e-01  1.445756e+01  2.996752e+01  6.327557e+02  3.284966e+03  5.408167e+04  6.034806e+01  1.207306e+04  2.0208240413690019e+03
      3470  8.6750000000004164e+00  7.9720851273829288e-02  4.6722235049061274e+00  4.187106e-01  1.439282e+01  3.159286e+01  6.256260e+02  3.364181e+03  5.317412e+04  5.892508e+01  1.125397e+04  2.0258227001842438e+03
      3480  8.7000000000004114e+00  7.9428831128695976e-02  4.6728190644770891e+00  4.517404e-01  1.430670e+01  3.317994e+01  6.161489e+02  3.418224e+03  5.175731e+04  5.709485e+01  1.041331e+04  2.0300012552196358e+03
      3490  8.7250000000004064e+00  7.9136774452157110e-02  4.6734165649512569e+00  4.857201e-01  1.421027e+01  3.470153e+01  6.055125e+02  3.445639e+03  4.998112e+04  5.503173e+01  9.591796e+03  2.0338556275346996e+03
      3500  8.7500000000004015e+00  7.8844676619138326e-02  4.6741542133568865e+00  5.201307e-01  1.411121e+01  3.612782e+01  5.949007e+02  3.453044e+03  4.809749e+04  5.261942e+01  8.585739e+03  2.0380448051438721e+03
      3510  8.7750000000003965e+00  7.8552525218912150e-02  4.6751410261902606e+00  5.542714e-01  1.401339e+01  3.746016e+01  5.848411e+02  3.450067e+03  4.623749e+04  5.005088e+01  7.576935e+03  2.0433404389072930e+03
      3520  8.8000000000003915e+00  7.8260302277710830e-02  4.6764449333436984e+00  5.873396e-01  1.391603e+01  3.865175e+01  5.752138e+02  3.436678e+03  4.441590e+04  4.779838e+01  6.805643e+03  2.0505373768591476e+03
      3530  8.8250000000003865e+00  7.7967987076989348e-02  4.6780855856488248e+00  6.185037e-01  1.381321e+01  3.960856e+01  5.655804e+02  3.406807e+03  4.267986e+04  4.578587e+01  6.151376e+03  2.0603600166924689e+03
      3540  8.8500000000003816e+00  7.7675559289620708e-02  4.6800310760113639e+00  6.469671e-01  1.369764e+01  4.026750e+01  5.549868e+02  3.356747e+03  4.097901e+04  4.380801e+01  5.536881e+03  2.0734011970173651e+03
      3550  8.8750000000003766e+00  7.7383002229854503e-02  4.6821975210745412e+00  6.720890e-01  1.356432e+01  4.058566e+01  5.429241e+02  3.288588e+03  3.927100e+04  4.210956e+01  5.045088e+03  2.0900632802814894e+03
      3560  8.9000000000003716e+00  7.7090306000043587e-02  4.6844531872193063e+00  6.935161e-01  1.340968e+01  4.053607e+01  5.292495e+02  3.201052e+03  3.757869e+04  4.060561e+01  4.631128e+03  2.1105138214750605e+03
      3570  8.9250000000003666e+00  7.6797470207307830e-02  4.6866277302819981e+00  7.112045e-01  1.323373e+01  4.013070e+01  5.137322e+02  3.092653e+03  3.588428e+04  3.918521e+01  4.248757e+03  2.1347086378668605e+03
      3580  8.9500000000003617e+00  7.6504506049551835e-02  4.6885223980338040e+00  7.253972e-01  1.304062e+01  3.941331e+01  4.967856e+02  2.969006e+03  3.420823e+04  3.795373e+01  3.920770e+03  2.1624211344990354e+03
      3590  8.9750000000003567e+00  7.6211437784210800e-02  4.6899199229846573e+00  7.366452e-01  1.283723e+01  3.846045e+01  4.790629e+02  2.835899e+03  3.258879e+04  3.689952e+01  3.650604e+03  2.1932272054262239e+03
      3600  9.0000000000003517e+00  7.5918303520094335e-02  4.6905965274043488e+00  7.457755e-01  1.263366e+01  3.736728e+01  4.613114e+02  2.699118e+03  3.105176e+04  3.600930e+01  3.432140e+03  2.2265081958514834e+03
      3610  9.0250000000003467e+00  7.5625155228546806e-02  4.6903341203035858e+00  7.537733e-01  1.244185e+01  3.625590e+01  4.446671e+02  2.568107e+03  2.965289e+04  3.532891e+01  3.262361e+03  2.2614847056797726e+03
      3620  9.0500000000003418e+00  7.5332058086093612e-02  4.6889295302586795e+00  7.616488e-01  1.227344e+01  3.524236e+01  4.301052e+02  2.451134e+03  2.845170e+04  3.495281e+01  3.160373e+03  2.2972317910557535e+03
      3630  9.0750000000003368e+00  7.5039089237038864e-02  4.6862049442753282e+00  7.703342e-01  1.213796e+01  3.442154e+01  4.184304e+02  2.355665e+03  2.751579e+04  3.484129e+01  3.114791e+03  2.3327253335482355e+03
      3640  9.1000000000003318e+00  7.4746335776104053e-02  4.6820218386752064e+00  7.805875e-01  1.204319e+01  3.388941e+01  4.105061e+02  2.291433e+03  2.693386e+04  3.506373e+01  3.143801e+03  2.3669372354943098e+03
      3650  9.1250000000003268e+00  7.4453891942880240e-02  4.6762906355201137e+00  7.929021e-01  1.199336e+01  3.369831e+01  4.066641e+02  2.261349e+03  2.670759e+04  3.560319e+01  3.244566e+03  2.3988708181027605e+03
      3660  9.1500000000003219e+00  7.4161855992731895e-02  4.6689719057010581e+00  8.074692e-01  1.198840e+01  3.387492e+01  4.070684e+02  2.269739e+03  2.688436e+04  3.639358e+01  3.417625e+03  2.4275455037977290e+03
      3670  9.1750000000003169e+00  7.3870327064089664e-02  4.6600771257542029e+00  8.241896e-01  1.202543e+01  3.443052e+01  4.118322e+02  2.322894e+03  2.756620e+04  3.748437e+01  3.692740e+03  2.4520683296728594e+03
      3680  9.2000000000003119e+00  7.3579401851533596e-02  4.6496734215286324e+00  8.426705e-01  1.209823e+01  3.532687e+01  4.203961e+02  2.416163e+03  2.869832e+04  3.875675e+01  4.039282e+03  2.4717725898767503e+03
      3690  9.2250000000003070e+00  7.3289171112924489e-02  4.6378816424462439e+00  8.622314e-01  1.219771e+01  3.650690e+01  4.321344e+02  2.546086e+03  3.025951e+04  4.012218e+01  4.418839e+03  2.4862482729380276e+03
      3700  9.2500000000003020e+00  7.2999716733444506e-02  4.6248610814534743e+00  8.819876e-01  1.231301e+01  3.789099e+01  4.463073e+02  2.709505e+03  3.225415e+04  4.152446e+01  4.817878e+03  2.4952632071047701e+03
      3710  9.2750000000002970e+00  7.2711109878692656e-02  4.6107928139655279e+00  9.009784e-01  1.243193e+01  3.937437e+01  4.618635e+02  2.896326e+03  3.458057e+04  4.285304e+01  5.189656e+03  2.4987617697405067e+03
      3720  9.3000000000002920e+00  7.2423409935756439e-02  4.5958709460254195e+00  9.182858e-01  1.254142e+01  4.083491e+01  4.773670e+02  3.091291e+03  3.708541e+04  4.404744e+01  5.526392e+03  2.4969512167920411e+03
      3730  9.3250000000002871e+00  7.2136663978874027e-02  4.5802921543982746e+00  9.331815e-01  1.262883e+01  4.215253e+01  4.914677e+02  3.280739e+03  3.961560e+04  4.505226e+01  5.792415e+03  2.4902805575581860e+03
      3740  9.3500000000002821e+00  7.1850907168092670e-02  4.5642372512080591e+00  9.452718e-01  1.268431e+01  4.322733e+01  5.026687e+02  3.445975e+03  4.189035e+04  4.588033e+01  6.027783e+03  2.4792949992377462e+03
      3750  9.3750000000002771e+00  7.1566164230791179e-02  4.5478581680358952e+00  9.545266e-01  1.270114e+01  4.397880e+01  5.093757e+02  3.566952e+03  4.356905e+04  4.652682e+01  6.253492e+03  2.4645729055727534e+03
      3760  9.4000000000002721e+00  7.1282451294688715e-02  4.5312790859074470e+00  9.612290e-01  1.267661e+01  4.437690e+01  5.107569e+02  3.631792e+03  4.440161e+04  4.698981e+01  6.414445e+03  2.4467807080255025e+03
      3770  9.4250000000002672e+00  7.0999777523974114e-02  4.5145985385983289e+00  9.659499e-01  1.261400e+01  4.444332e+01  5.063876e+02  3.630655e+03  4.416400e+04  4.727422e+01  6.605276e+03  2.4266471151990736e+03
      3780  9.4500000000002622e+00  7.0718146872662313e-02  4.4978845902522648e+00  9.694623e-01  1.252206e+01  4.426676e+01  4.974685e+02  3.576070e+03  4.304912e+04  4.730471e+01  6.710123e+03  2.4048387740493022e+03
      3790  9.4750000000002572e+00  7.0437560013972708e-02  4.4811767015464437e+00  9.725449e-01  1.241323e+01  4.397514e+01  4.855614e+02  3.485869e+03  4.140728e+04  4.715633e+01  6.790795e+03  2.3819491916045367e+03
      3800  9.5000000000002522e+00  7.0158015778120669e-02  4.4644974368006007e+00  9.757869e-01  1.229916e+01  4.367662e+01  4.727451e+02  3.383158e+03  3.959636e+04  4.682371e+01  6.812484e+03  2.3585717133865592e+03
      3810  9.5250000000002473e+00  6.9879511974947670e-02  4.4478580101278213e+00  9.794602e-01  1.218951e+01  4.346369e+01  4.609007e+02  3.283628e+03  3.774873e+04  4.634574e+01  6.706340e+03  2.3352316017206931e+03
      3820  9.5500000000002423e+00  6.9602046120281647e-02  4.4312580800089378e+00  9.834588e-01  1.208851e+01  4.337020e+01  4.506107e+02  3.189899e+03  3.579688e+04  4.572063e+01  6.498101e+03  2.3122588948584748e+03
      3830  9.5750000000002373e+00  6.9325615978453853e-02  4.4146928081989554e+00  9.873087e-01  1.199449e+01  4.333843e+01  4.414611e+02  3.100069e+03  3.378214e+04  4.498264e+01  6.230035e+03  2.2897857071607150e+03
      3840  9.6000000000002323e+00  6.9050219504243560e-02  4.3981628152283552e+00  9.902748e-01  1.190119e+01  4.327659e+01  4.326985e+02  3.010803e+03  3.181622e+04  4.418439e+01  5.991904e+03  2.2677777447768976e+03
      3850  9.6250000000002274e+00  6.8775854312944806e-02  4.3816792722845097e+00  9.915978e-01  1.179968e+01  4.306040e+01  4.231546e+02  2.914003e+03  2.992440e+04  4.311705e+01  5.644553e+03  2.2460573342473090e+03
      3860  9.6500000000002224e+00  6.8502516885178832e-02  4.3652681900242127e+00  9.907134e-01  1.168391e+01  4.258979e+01  4.118419e+02  2.798559e+03  2.802540e+04  4.184839e+01  5.300541e+03  2.2244143416713578e+03
      3870  9.6750000000002174e+00  6.8230201528999987e-02  4.3489727220262981e+00  9.872943e-01  1.155038e+01  4.183501e+01  3.987228e+02  2.665989e+03  2.613724e+04  4.046089e+01  4.930649e+03  2.2027183233828350e+03
      3880  9.7000000000002125e+00  6.7958899432815176e-02  4.3328476658340787e+00  9.812320e-01  1.139776e+01  4.078111e+01  3.834055e+02  2.511325e+03  2.415396e+04  3.886602e+01  4.476867e+03  2.1809258866266682e+03
      3890  9.7250000000002075e+00  6.7688598220966845e-02  4.3169504726686263e+00  9.726562e-01  1.122797e+01  3.945052e+01  3.659893e+02  2.332399e+03  2.200033e+04  3.712386e+01  4.043495e+03  2.1590675796582850e+03
      3900  9.7500000000002025e+00  6.7419281983041576e-02  4.3013356144995916e+00  9.618941e-01  1.104489e+01  3.791119e+01  3.472930e+02  2.140441e+03  1.979566e+04  3.530540e+01  3.612813e+03  2.1372816317371512e+03
      3910  9.7750000000001975e+00  6.7150931595842178e-02  4.2860498506775828e+00  9.493719e-01  1.085407e+01  3.624598e+01  3.282657e+02  1.947718e+03  1.768294e+04  3.352110e+01  3.192076e+03  2.1158269506871879e+03
      3920  9.8000000000001926e+00  6.6883525443732231e-02  4.2711242373741545e+00  9.355384e-01  1.066144e+01  3.453284e+01  3.096870e+02  1.762339e+03  1.573782e+04  3.188324e+01  2.839853e+03  2.0950041869276602e+03
      3930  9.8250000000001876e+00  6.6617040636927485e-02  4.2565675736865822e+00  9.208289e-01  1.047176e+01  3.282798e+01  2.919316e+02  1.587051e+03  1.396131e+04  3.035220e+01  2.538627e+03  2.0750501754388388e+03
      3940  9.8500000000001826e+00  6.6351454417809166e-02  4.2423672784869106e+00  9.056586e-01  1.028918e+01  3.118194e+01  2.753984e+02  1.425079e+03  1.236514e+04  2.895285e+01  2.294856e+03  2.0561134015145517e+03
      3950  9.8750000000001776e+00  6.6086745332798458e-02  4.2284948928344486e+00  8.904201e-01  1.011725e+01  2.964270e+01  2.605886e+02  1.282526e+03  1.101378e+04  2.778612e+01  2.122807e+03  2.0382929377687728e+03
      3960  9.9000000000001727e+00  6.5822894086349407e-02  4.2149100471545644e+00  8.754660e-01  9.958353e+00  2.823492e+01  2.476164e+02  1.160205e+03  9.904680e+03  2.684225e+01  2.002968e+03  2.0216525957088045e+03
      3970  9.9250000000001677e+00  6.5559884228939824e-02  4.2015622104284436e+00  8.610980e-01  9.814028e+00  2.696815e+01  2.363826e+02  1.055562e+03  8.988594e+03  2.607649e+01  1.928985e+03  2.0061922391520652e+03
      3980  9.9500000000001627e+00  6.5297702720704870e-02  4.1883933872285510e+00  8.475774e-01  9.685354e+00  2.585098e+01  2.268663e+02  9.679484e+02  8.249991e+03  2.550109e+01  1.911057e+03  1.9918267550527380e+03
      3990  9.9750000000001577e+00  6.5036340259428171e-02  4.1753428026913859e+00  8.351396e-01  9.572859e+00  2.488621e+01  2.189860e+02  8.961400e+02  7.668088e+03  2.510684e+01  1.947064e+03  1.9784032133150340e+03
      4000  1.0000000000000153e+01  6.4775791299716459e-02  4.1623516876287976e+00  8.240001e-01  9.476605e+00  2.407100e+01  2.125991e+02  8.383296e+02  7.215399e+03  2.483857e+01  2.021591e+03  1.9657378739464241e+03
