         0  0.0000000000000000e+00  1.2500000000000000e-01  3.7500000000000000e-01 -0.000000e+00  3.375000e+00 -0.000000e+00  1.562500e+01 -0.000000e+00  8.374023e+01  3.375000e+00  1.562500e+01  1.1250000000000000e+00
        10  2.4999999999999998e-02  1.2498828155317977e-01  3.7498925463677063e-01  1.325774e-02  3.375301e+00  1.325870e-01  1.563092e+01  1.087814e+00  8.381023e+01  3.373816e+00  1.561447e+01  1.1251630668523773e+00
        20  5.0000000000000010e-02  1.2497656271196127e-01  3.7502732054271143e-01  2.651549e-02  3.376204e+00  2.652321e-01  1.564870e+01  2.177223e+00  8.402035e+01  3.370276e+00  1.558301e+01  1.1258633908502964e+00
        30  7.5000000000000025e-02  1.2496484195077368e-01  3.7511420262895817e-01  3.977491e-02  3.377709e+00  3.980098e-01  1.567834e+01  3.269962e+00  8.437104e+01  3.364418e+00  1.553104e+01  1.1271018953731058e+00
        40  1.0000000000000005e-01  1.2495311774333190e-01  3.7524993337253237e-01  5.303760e-02  3.379817e+00  5.309945e-01  1.571986e+01  4.367762e+00  8.486308e+01  3.356300e+00  1.545922e+01  1.1288803640175520e+00
        50  1.2500000000000006e-01  1.2494138856178082e-01  3.7543457268550412e-01  6.630511e-02  3.382529e+00  6.642598e-01  1.577331e+01  5.472357e+00  8.549757e+01  3.346005e+00  1.536846e+01  1.1312014427019856e+00
        60  1.5000000000000008e-01  1.2492965287584500e-01  3.7566820776056270e-01  7.957889e-02  3.385846e+00  7.978790e-01  1.583873e+01  6.585486e+00  8.627594e+01  3.333637e+00  1.525993e+01  1.1340686433616314e+00
        70  1.7500000000000010e-01  1.2491790915198499e-01  3.7595095289361236e-01  9.286031e-02  3.389770e+00  9.319246e-01  1.591617e+01  7.708889e+00  8.719996e+01  3.319319e+00  1.513500e+01  1.1374863492631384e+00
        80  2.0000000000000012e-01  1.2490615585255978e-01  3.7628294928414596e-01  1.061506e-01  3.394303e+00  1.066468e+00  1.600571e+01  8.844309e+00  8.827171e+01  3.303194e+00  1.499522e+01  1.1414598219774308e+00
        90  2.2500000000000014e-01  1.2489439143499832e-01  3.7666436481433202e-01  1.194508e-01  3.399446e+00  1.201581e+00  1.610741e+01  9.993495e+00  8.949358e+01  3.285422e+00  1.484235e+01  1.1459952100603450e+00
       100  2.5000000000000017e-01  1.2488261435097674e-01  3.7709539380789131e-01  1.327620e-01  3.405202e+00  1.337332e+00  1.622137e+01  1.115820e+01  9.086828e+01  3.266178e+00  1.467828e+01  1.1510995595013966e+00
       110  2.7500000000000019e-01  1.2487082304560693e-01  3.7757625676998852e-01  1.460848e-01  3.411573e+00  1.473790e+00  1.634766e+01  1.234018e+01  9.239883e+01  3.245650e+00  1.450503e+01  1.1567808260114294e+00
       120  3.0000000000000021e-01  1.2485901595663099e-01  3.7810720010948407e-01  1.594198e-01  3.418561e+00  1.611021e+00  1.648641e+01  1.354119e+01  9.408856e+01  3.224037e+00  1.432472e+01  1.1630478892308733e+00
       130  3.2500000000000023e-01  1.2484719151362733e-01  3.7868849584500119e-01  1.727673e-01  3.426168e+00  1.749090e+00  1.663769e+01  1.476299e+01  9.594106e+01  3.201547e+00  1.413954e+01  1.1699105689508962e+00
       140  3.5000000000000026e-01  1.2483534813722488e-01  3.7932044129638925e-01  1.861275e-01  3.434396e+00  1.888059e+00  1.680164e+01  1.600734e+01  9.796022e+01  3.178395e+00  1.395174e+01  1.1773796434507546e+00
       150  3.7500000000000028e-01  1.2482348423832804e-01  3.8000335876321817e-01  1.995002e-01  3.443247e+00  2.027991e+00  1.697835e+01  1.727599e+01  1.001502e+02  3.154803e+00  1.376359e+01  1.1854668700657072e+00
       160  4.0000000000000030e-01  1.2481159821735163e-01  3.8073759519202649e-01  2.128850e-01  3.452722e+00  2.168942e+00  1.716795e+01  1.857070e+01  1.025154e+02  3.130991e+00  1.357736e+01  1.1941850081108678e+00
       170  4.2500000000000032e-01  1.2479968846346524e-01  3.8152352183409899e-01  2.262813e-01  3.462822e+00  2.310967e+00  1.737056e+01  1.989321e+01  1.050605e+02  3.107183e+00  1.339530e+01  1.2035478442980909e+00
       180  4.5000000000000034e-01  1.2478775335384952e-01  3.8236153389557964e-01  2.396879e-01  3.473547e+00  2.454119e+00  1.758628e+01  2.124525e+01  1.077904e+02  3.083600e+00  1.321962e+01  1.2135702207943804e+00
       190  4.7500000000000037e-01  1.2477579125296105e-01  3.8325205018176128e-01  2.531038e-01  3.484898e+00  2.598447e+00  1.781523e+01  2.262852e+01  1.107100e+02  3.060461e+00  1.305250e+01  1.2242680660826186e+00
       200  5.0000000000000033e-01  1.2476380051181114e-01  3.8419551273735875e-01  2.665272e-01  3.496873e+00  2.743994e+00  1.805752e+01  2.404471e+01  1.138248e+02  3.037978e+00  1.289603e+01  1.2356584287975028e+00
       210  5.2499999999999980e-01  1.2475177946725116e-01  3.8519238648463239e-01  2.799562e-01  3.509471e+00  2.890801e+00  1.831325e+01  2.549549e+01  1.171399e+02  3.016358e+00  1.275221e+01  1.2477595147227203e+00
       220  5.4999999999999927e-01  1.2473972644127125e-01  3.8624315886110233e-01  2.933886e-01  3.522689e+00  3.038904e+00  1.858252e+01  2.698245e+01  1.206610e+02  2.995798e+00  1.262298e+01  1.2605907271485080e+00
       230  5.7499999999999873e-01  1.2472763974030918e-01  3.8734833945864988e-01  3.068216e-01  3.536523e+00  3.188333e+00  1.886540e+01  2.850719e+01  1.243936e+02  2.976487e+00  1.251017e+01  1.2741727108028440e+00
       240  5.9999999999999820e-01  1.2471551765456956e-01  3.8850845966563657e-01  3.202524e-01  3.550969e+00  3.339114e+00  1.916197e+01  3.007121e+01  1.283433e+02  2.958604e+00  1.241551e+01  1.2885273995839972e+00
       250  6.2499999999999767e-01  1.2470335845735341e-01  3.8972407231371647e-01  3.336775e-01  3.566021e+00  3.491265e+00  1.947229e+01  3.167597e+01  1.325157e+02  2.942313e+00  1.234062e+01  1.3036780683377480e+00
       260  6.4999999999999714e-01  1.2469116040439600e-01  3.9099575133079795e-01  3.470933e-01  3.581672e+00  3.644798e+00  1.979637e+01  3.332284e+01  1.369162e+02  2.927768e+00  1.228701e+01  1.3196493889386156e+00
       270  6.7499999999999660e-01  1.2467892173321928e-01  3.9232409140161811e-01  3.604955e-01  3.597913e+00  3.799720e+00  2.013425e+01  3.501311e+01  1.415504e+02  2.915111e+00  1.225611e+01  1.3364674909516547e+00
       280  6.9999999999999607e-01  1.2466664066249021e-01  3.9370970763722307e-01  3.738797e-01  3.614734e+00  3.956028e+00  2.048591e+01  3.674797e+01  1.464235e+02  2.904468e+00  1.224920e+01  1.3541600271699135e+00
       290  7.2499999999999554e-01  1.2465431539138899e-01  3.9515323525450768e-01  3.872411e-01  3.632123e+00  4.113713e+00  2.085132e+01  3.852848e+01  1.515403e+02  2.895951e+00  1.226749e+01  1.3727562443416181e+00
       300  7.4999999999999500e-01  1.2464194409898788e-01  3.9665532926690006e-01  4.005742e-01  3.650068e+00  4.272755e+00  2.123040e+01  4.035559e+01  1.569057e+02  2.889659e+00  1.231207e+01  1.3922870594222303e+00
       310  7.7499999999999447e-01  1.2462952494363908e-01  3.9821666418706791e-01  4.138736e-01  3.668553e+00  4.433128e+00  2.162305e+01  4.223009e+01  1.625238e+02  2.885675e+00  1.238393e+01  1.4127851417085344e+00
       320  7.9999999999999394e-01  1.2461705606236917e-01  3.9983793374237597e-01  4.271330e-01  3.687561e+00  4.594794e+00  2.202914e+01  4.415260e+01  1.683983e+02  2.884068e+00  1.248394e+01  1.4342850012353456e+00
       330  8.2499999999999341e-01  1.2460453557028495e-01  4.0151985060375073e-01  4.403462e-01  3.707074e+00  4.757705e+00  2.244848e+01  4.612359e+01  1.745326e+02  2.884893e+00  1.261290e+01  1.4568230838411103e+00
       340  8.4999999999999287e-01  1.2459196155998278e-01  4.0326314612831626e-01  4.535062e-01  3.727071e+00  4.921805e+00  2.288086e+01  4.814329e+01  1.809292e+02  2.888189e+00  1.277147e+01  1.4804378733351313e+00
       350  8.7499999999999234e-01  1.2457933210096991e-01  4.0506857011612385e-01  4.666059e-01  3.747529e+00  5.087025e+00  2.332600e+01  5.021174e+01  1.875897e+02  2.893982e+00  1.296024e+01  1.5051700012286633e+00
       360  8.9999999999999181e-01  1.2456664523909054e-01  4.0693689058105498e-01  4.796377e-01  3.768424e+00  5.253283e+00  2.378358e+01  5.232874e+01  1.945151e+02  2.902283e+00  1.317967e+01  1.5310623645223140e+00
       370  9.2499999999999127e-01  1.2455389899595899e-01  4.0886889353585987e-01  4.925938e-01  3.789729e+00  5.420489e+00  2.425323e+01  5.449382e+01  2.017052e+02  2.913091e+00  1.343012e+01  1.5581602520756492e+00
       380  9.4999999999999074e-01  1.2454109136839848e-01  4.1086538279108548e-01  5.054659e-01  3.811415e+00  5.588536e+00  2.473452e+01  5.670624e+01  2.091589e+02  2.926387e+00  1.371184e+01  1.5865114801196212e+00
       390  9.7499999999999021e-01  1.2452822032788778e-01  4.1292717976754462e-01  5.182453e-01  3.833451e+00  5.757310e+00  2.522695e+01  5.896496e+01  2.168737e+02  2.942144e+00  1.402495e+01  1.6161665375098480e+00
       400  9.9999999999998967e-01  1.2451528382001209e-01  4.1505512332176797e-01  5.309232e-01  3.855804e+00  5.926678e+00  2.572997e+01  6.126865e+01  2.248459e+02  2.960320e+00  1.436944e+01  1.6471787413583328e+00
       410  1.0249999999999893e+00  1.2450227976391826e-01  4.1725006958374861e-01  5.434903e-01  3.878439e+00  6.096498e+00  2.624296e+01  6.361562e+01  2.330704e+02  2.980858e+00  1.474519e+01  1.6796044037229176e+00
       420  1.0499999999999887e+00  1.2448920605177798e-01  4.1951289180615842e-01  5.559371e-01  3.901319e+00  6.266614e+00  2.676523e+01  6.600382e+01  2.415402e+02  3.003693e+00  1.515191e+01  1.7135030100779547e+00
       430  1.0749999999999882e+00  1.2447606054825060e-01  4.2184448022407423e-01  5.682538e-01  3.924403e+00  6.436855e+00  2.729603e+01  6.843088e+01  2.502472e+02  3.028747e+00  1.558917e+01  1.7489374103359456e+00
       440  1.0999999999999877e+00  1.2446284108995724e-01  4.2424574192408898e-01  5.804303e-01  3.947652e+00  6.607039e+00  2.783452e+01  7.089401e+01  2.591810e+02  3.055929e+00  1.605636e+01  1.7859740232381167e+00
       450  1.1249999999999871e+00  1.2444954548495084e-01  4.2671760072161863e-01  5.924564e-01  3.971021e+00  6.776968e+00  2.837981e+01  7.339003e+01  2.683297e+02  3.085140e+00  1.655272e+01  1.8246830549823727e+00
       460  1.1499999999999866e+00  1.2443617151219470e-01  4.2926099704506077e-01  6.043215e-01  3.994465e+00  6.946433e+00  2.893092e+01  7.591540e+01  2.776794e+02  3.116268e+00  1.707729e+01  1.8651387330088367e+00
       470  1.1749999999999861e+00  1.2442271692104770e-01  4.3187688782541872e-01  6.160149e-01  4.017939e+00  7.115212e+00  2.948680e+01  7.846612e+01  2.872141e+02  3.149194e+00  1.762893e+01  1.9074195559164719e+00
       480  1.1999999999999855e+00  1.2440917943074384e-01  4.3456624638983876e-01  6.275257e-01  4.041393e+00  7.283070e+00  3.004635e+01  8.103782e+01  2.969158e+02  3.183789e+00  1.820626e+01  1.9516085605381455e+00
       490  1.2249999999999850e+00  1.2439555672988434e-01  4.3733006235751920e-01  6.388429e-01  4.064777e+00  7.449760e+00  3.060837e+01  8.362571e+01  3.067645e+02  3.219914e+00  1.880774e+01  1.9977936072562259e+00
       500  1.2499999999999845e+00  1.2438184647592662e-01  4.4016934153637249e-01  6.499553e-01  4.088041e+00  7.615024e+00  3.117162e+01  8.622459e+01  3.167379e+02  3.257423e+00  1.943157e+01  2.0460676846940826e+00
       510  1.2749999999999839e+00  1.2436804629468101e-01  4.4308510581872634e-01  6.608517e-01  4.111132e+00  7.778596e+00  3.173477e+01  8.882888e+01  3.268118e+02  3.296164e+00  2.007576e+01  2.0965292349718188e+00
       520  1.2999999999999834e+00  1.2435415377980782e-01  4.4607839307437991e-01  6.715207e-01  4.133997e+00  7.940197e+00  3.229645e+01  9.143261e+01  3.369599e+02  3.335978e+00  2.073806e+01  2.1492825007639853e+00
       530  1.3249999999999829e+00  1.2434016649231996e-01  4.4915025703932132e-01  6.819512e-01  4.156582e+00  8.099542e+00  3.285523e+01  9.402948e+01  3.471539e+02  3.376699e+00  2.141604e+01  2.2044378954436432e+00
       540  1.3499999999999823e+00  1.2432608196008643e-01  4.5230176719835818e-01  6.921316e-01  4.178834e+00  8.256338e+00  3.340963e+01  9.661282e+01  3.573636e+02  3.418157e+00  2.210701e+01  2.2621123976370794e+00
       550  1.3749999999999818e+00  1.2431189767734323e-01  4.5553400865997479e-01  7.020508e-01  4.200697e+00  8.410288e+00  3.395812e+01  9.917570e+01  3.675570e+02  3.460180e+00  2.280811e+01  2.3224299715472654e+00
       560  1.3999999999999813e+00  1.2429761110420448e-01  4.5884808202177746e-01  7.116974e-01  4.222118e+00  8.561087e+00  3.449916e+01  1.017109e+02  3.777007e+02  3.502591e+00  2.351626e+01  2.3855220144271954e+00
       570  1.4249999999999807e+00  1.2428321966618053e-01  4.6224510322488238e-01  7.210603e-01  4.243043e+00  8.708433e+00  3.503115e+01  1.042109e+02  3.877598e+02  3.545212e+00  2.422821e+01  2.4515278325956356e+00
       580  1.4499999999999802e+00  1.2426872075370253e-01  4.6572620339570125e-01  7.301285e-01  4.263417e+00  8.852017e+00  3.555251e+01  1.066683e+02  3.976980e+02  3.587865e+00  2.494054e+01  2.5205951473836610e+00
       590  1.4749999999999797e+00  1.2425411172164544e-01  4.6929252867372029e-01  7.388911e-01  4.283190e+00  8.991534e+00  3.606163e+01  1.090751e+02  4.074783e+02  3.630371e+00  2.564971e+01  2.5928806323770011e+00
       600  1.4999999999999791e+00  1.2423938988886317e-01  4.7294524002380511e-01  7.473374e-01  4.302310e+00  9.126682e+00  3.655691e+01  1.114237e+02  4.170630e+02  3.672554e+00  2.635207e+01  2.6685504832734761e+00
       610  1.5249999999999786e+00  1.2422455253772649e-01  4.7668551303189000e-01  7.554571e-01  4.320727e+00  9.257163e+00  3.703677e+01  1.137062e+02  4.264141e+02  3.714242e+00  2.704388e+01  2.7477810216012211e+00
       620  1.5499999999999781e+00  1.2420959691366926e-01  4.8051453768284585e-01  7.632399e-01  4.338396e+00  9.382684e+00  3.749965e+01  1.159149e+02  4.354935e+02  3.755267e+00  2.772140e+01  2.8307593334370251e+00
       630  1.5749999999999775e+00  1.2419452022474148e-01  4.8443351811964380e-01  7.706759e-01  4.355270e+00  9.502962e+00  3.794405e+01  1.180421e+02  4.442635e+02  3.795465e+00  2.838088e+01  2.9176839441202853e+00
       640  1.5999999999999770e+00  1.2417931964116703e-01  4.8844367238297404e-01  7.777555e-01  4.371308e+00  9.617724e+00  3.836850e+01  1.200804e+02  4.526872e+02  3.834681e+00  2.901861e+01  3.0087655297686564e+00
       650  1.6249999999999765e+00  1.2416399229491436e-01  4.9254623213073212e-01  7.844695e-01  4.386470e+00  9.726710e+00  3.877161e+01  1.220227e+02  4.607286e+02  3.872768e+00  2.963098e+01  3.1042276661619095e+00
       660  1.6499999999999759e+00  1.2414853527927475e-01  4.9674244233697773e-01  7.908090e-01  4.400720e+00  9.829673e+00  3.915206e+01  1.238621e+02  4.683534e+02  3.909590e+00  3.021453e+01  3.2043076152620134e+00
       670  1.6749999999999754e+00  1.2413294564844790e-01  5.0103356097020957e-01  7.967655e-01  4.414027e+00  9.926383e+00  3.950863e+01  1.255923e+02  4.755289e+02  3.945020e+00  3.076598e+01  3.3092571492723346e+00
       680  1.6999999999999749e+00  1.2411722041713885e-01  5.0542085865108355e-01  8.023310e-01  4.426361e+00  1.001663e+01  3.984019e+01  1.272071e+02  4.822247e+02  3.978946e+00  3.128229e+01  3.4193434117014059e+00
       690  1.7249999999999743e+00  1.2410135656016991e-01  5.0990561828990688e-01  8.074977e-01  4.437699e+00  1.010021e+01  4.014571e+01  1.287012e+02  4.884131e+02  4.011267e+00  3.176068e+01  3.5348498143751463e+00
       700  1.7499999999999738e+00  1.2408535101209686e-01  5.1448913470462698e-01  8.122587e-01  4.448021e+00  1.017697e+01  4.042432e+01  1.300697e+02  4.940691e+02  4.041898e+00  3.219872e+01  3.6560769687326298e+00
       710  1.7749999999999733e+00  1.2406920066684307e-01  5.1917271422035149e-01  8.166070e-01  4.457313e+00  1.024674e+01  4.067525e+01  1.313084e+02  4.991708e+02  4.070771e+00  3.259432e+01  3.7833436490326817e+00
       720  1.7999999999999727e+00  1.2405290237734462e-01  5.2395767425183470e-01  8.205364e-01  4.465563e+00  1.030940e+01  4.089788e+01  1.324137e+02  5.036999e+02  4.097832e+00  3.294582e+01  3.9169877842885699e+00
       730  1.8249999999999722e+00  1.2403645295520785e-01  5.2884534287070628e-01  8.240412e-01  4.472769e+00  1.036485e+01  4.109173e+01  1.333828e+02  5.076417e+02  4.123046e+00  3.325197e+01  4.0573674748297366e+00
       740  1.8499999999999717e+00  1.2401984917037887e-01  5.3383705835983397e-01  8.271160e-01  4.478930e+00  1.041300e+01  4.125647e+01  1.342136e+02  5.109853e+02  4.146397e+00  3.351199e+01  4.2048620283577343e+00
       750  1.8749999999999711e+00  1.2400308775083442e-01  5.3893416875752909e-01  8.297561e-01  4.484052e+00  1.045381e+01  4.139193e+01  1.349047e+02  5.137236e+02  4.167886e+00  3.372560e+01  4.3598730092213618e+00
       760  1.8999999999999706e+00  1.2398616538227654e-01  5.4413803139507022e-01  8.319570e-01  4.488147e+00  1.048724e+01  4.149811e+01  1.354556e+02  5.158538e+02  4.187533e+00  3.389301e+01  4.5228252933812190e+00
       770  1.9249999999999701e+00  1.2396907870785337e-01  5.4945001243154756e-01  8.337149e-01  4.491232e+00  1.051328e+01  4.157514e+01  1.358664e+02  5.173768e+02  4.205380e+00  3.401497e+01  4.6941681201754903e+00
       780  1.9499999999999695e+00  1.2395182432788078e-01  5.5487148639068418e-01  8.350264e-01  4.493331e+00  1.053195e+01  4.162333e+01  1.361382e+02  5.182977e+02  4.221486e+00  3.409275e+01  4.8743761305470805e+00
       790  1.9749999999999690e+00  1.2393439879959015e-01  5.6040383570525998e-01  8.358885e-01  4.494473e+00  1.054330e+01  4.164313e+01  1.362725e+02  5.186254e+02  4.235929e+00  3.412817e+01  5.0639503798611791e+00
       800  1.9999999999999685e+00  1.2391679863689002e-01  5.6604845027541772e-01  8.362987e-01  4.494691e+00  1.054738e+01  4.163517e+01  1.362719e+02  5.183727e+02  4.248810e+00  3.412357e+01  5.2634193118564117e+00
       810  2.0249999999999679e+00  1.2389902031012567e-01  5.7180672704824642e-01  8.362548e-01  4.494026e+00  1.054427e+01  4.160020e+01  1.361394e+02  5.175559e+02  4.260245e+00  3.408186e+01  5.4733396786610102e+00
       820  2.0499999999999674e+00  1.2388106024587428e-01  5.7768006962702434e-01  8.357550e-01  4.492525e+00  1.053409e+01  4.153913e+01  1.358787e+02  5.161947e+02  4.270374e+00  3.400648e+01  5.6942973902019594e+00
       830  2.0749999999999669e+00  1.2386291482673453e-01  5.8366988791968466e-01  8.347980e-01  4.490238e+00  1.051695e+01  4.145300e+01  1.354942e+02  5.143120e+02  4.279351e+00  3.390139e+01  5.9269082747897297e+00
       840  2.0999999999999663e+00  1.2384458039113015e-01  5.8977759783741734e-01  8.333828e-01  4.487224e+00  1.049298e+01  4.134298e+01  1.349905e+02  5.119334e+02  4.287352e+00  3.377111e+01  6.1718187312233015e+00
       850  2.1249999999999658e+00  1.2382605323313277e-01  5.9600462105563268e-01  8.315086e-01  4.483543e+00  1.046234e+01  4.121036e+01  1.343730e+02  5.090872e+02  4.294568e+00  3.362067e+01  6.4297062514967793e+00
       860  2.1499999999999653e+00  1.2380732960227134e-01  6.0235238485111697e-01  8.291750e-01  4.479265e+00  1.042517e+01  4.105655e+01  1.336472e+02  5.058039e+02  4.301211e+00  3.345564e+01  6.7012797921716167e+00
       870  2.1749999999999647e+00  1.2378840570336595e-01  6.0882232203090048e-01  8.263819e-01  4.474462e+00  1.038165e+01  4.088305e+01  1.328193e+02  5.021158e+02  4.307506e+00  3.328215e+01  6.9872799717863145e+00
       880  2.1999999999999642e+00  1.2376927769634637e-01  6.1541587097010808e-01  8.231293e-01  4.469212e+00  1.033195e+01  4.069149e+01  1.318952e+02  4.980569e+02  4.313698e+00  3.310686e+01  7.2884790714049732e+00
       890  2.2249999999999637e+00  1.2374994169607527e-01  6.2213447577808234e-01  8.194175e-01  4.463598e+00  1.027625e+01  4.048354e+01  1.308813e+02  4.936623e+02  4.320047e+00  3.293700e+01  7.6056808156477302e+00
       900  2.2499999999999631e+00  1.2373039377216752e-01  6.2897958661411901e-01  8.152470e-01  4.457707e+00  1.021471e+01  4.026099e+01  1.297840e+02  4.889681e+02  4.326826e+00  3.278039e+01  7.9397199124117552e+00
       910  2.2749999999999626e+00  1.2371062994878280e-01  6.3595266017639585e-01  8.106183e-01  4.451631e+00  1.014750e+01  4.002568e+01  1.286096e+02  4.840111e+02  4.334327e+00  3.264548e+01  8.2914613310846086e+00
       920  2.2999999999999621e+00  1.2369064620441854e-01  6.4305516039011967e-01  8.055323e-01  4.445466e+00  1.007479e+01  3.977953e+01  1.273644e+02  4.788284e+02  4.342855e+00  3.254138e+01  8.6617993014891859e+00
       930  2.3249999999999615e+00  1.2367043847166409e-01  6.5028855932326057e-01  7.999899e-01  4.439314e+00  9.996737e+00  3.952450e+01  1.260544e+02  4.734573e+02  4.352726e+00  3.247788e+01  9.0516560191923556e+00
       940  2.3499999999999610e+00  1.2365000263692916e-01  6.5765433836117482e-01  7.939919e-01  4.433277e+00  9.913472e+00  3.926264e+01  1.246855e+02  4.679351e+02  4.364275e+00  3.246558e+01  9.4619800472701243e+00
       950  2.3749999999999605e+00  1.2362933454012615e-01  6.6515398967386985e-01  7.875396e-01  4.427466e+00  9.825121e+00  3.899603e+01  1.232630e+02  4.622990e+02  4.377846e+00  3.251586e+01  9.8937444102632135e+00
       960  2.3999999999999599e+00  1.2360842997431265e-01  6.7278901801278090e-01  7.806339e-01  4.421992e+00  9.731789e+00  3.872680e+01  1.217919e+02  4.565856e+02  4.393796e+00  3.264105e+01  1.0347944382972701e+01
       970  2.4249999999999594e+00  1.2358728468525088e-01  6.8056094287689428e-01  7.732762e-01  4.416970e+00  9.633555e+00  3.845716e+01  1.202767e+02  4.508316e+02  4.412495e+00  3.285443e+01  1.0825594985051145e+01
       980  2.4499999999999589e+00  1.2356589437092411e-01  6.8847130109122734e-01  7.654676e-01  4.412520e+00  9.530476e+00  3.818936e+01  1.187212e+02  4.450733e+02  4.434323e+00  3.317037e+01  1.1327728202097440e+01
       990  2.4749999999999583e+00  1.2354425468093466e-01  6.9652164984371767e-01  7.572094e-01  4.408763e+00  9.422575e+00  3.792572e+01  1.171286e+02  4.393468e+02  4.459670e+00  3.360442e+01  1.1855389965278436e+01
      1000  2.4999999999999578e+00  1.2352236121581663e-01  7.0471357023029979e-01  7.485030e-01  4.405826e+00  9.309847e+00  3.766862e+01  1.155011e+02  4.336884e+02  4.488936e+00  3.417336e+01  1.2409636934407377e+01
      1010  2.5249999999999573e+00  1.2350020952623064e-01  7.1304867136108574e-01  7.393497e-01  4.403836e+00  9.192251e+00  3.742054e+01  1.138401e+02  4.281344e+02  4.522526e+00  3.489535e+01  1.2991533143988473e+01
      1020  2.5499999999999567e+00  1.2347779511201340e-01  7.2152859508419465e-01  7.297510e-01  4.402924e+00  9.069706e+00  3.718402e+01  1.121462e+02  4.227221e+02  4.560853e+00  3.578998e+01  1.3602146588011131e+01
      1030  2.5749999999999562e+00  1.2345511342106641e-01  7.3015502138781740e-01  7.197085e-01  4.403223e+00  8.942094e+00  3.696175e+01  1.104185e+02  4.174898e+02  4.604334e+00  3.687837e+01  1.4242545837289050e+01
      1040  2.5999999999999557e+00  1.2343215984808541e-01  7.3892967454445302e-01  7.092238e-01  4.404869e+00  8.809251e+00  3.675650e+01  1.086552e+02  4.124775e+02  4.653388e+00  3.818320e+01  1.4913796802894527e+01
      1050  2.6249999999999551e+00  1.2340892973305354e-01  7.4785433006571544e-01  6.982986e-01  4.407999e+00  8.670972e+00  3.657121e+01  1.068531e+02  4.077277e+02  4.708432e+00  3.972879e+01  1.5616959780743585e+01
      1060  2.6499999999999546e+00  1.2338541835953482e-01  7.5693082254002075e-01  6.869348e-01  4.412751e+00  8.527003e+00  3.640898e+01  1.050073e+02  4.032862e+02  4.769879e+00  4.154107e+01  1.6353086935653764e+01
      1070  2.6749999999999541e+00  1.2336162095268462e-01  7.6616105443011451e-01  6.751344e-01  4.419266e+00  8.377045e+00  3.627309e+01  1.031114e+02  3.992031e+02  4.838136e+00  4.364758e+01  1.7123220408194339e+01
      1080  2.6999999999999535e+00  1.2333753267698366e-01  7.7554700591201675e-01  6.628998e-01  4.427685e+00  8.220750e+00  3.616703e+01  1.011575e+02  3.955340e+02  4.913599e+00  4.607733e+01  1.7928391254401596e+01
      1090  2.7249999999999530e+00  1.2331314863364555e-01  7.8509074584197502e-01  6.502334e-01  4.438150e+00  8.057722e+00  3.609454e+01  9.913534e+01  3.923414e+02  4.996648e+00  4.886072e+01  1.8769619456933505e+01
      1100  2.7499999999999525e+00  1.2328846385765321e-01  7.9479444394355281e-01  6.371380e-01  4.450802e+00  7.887521e+00  3.605962e+01  9.703279e+01  3.896961e+02  5.087643e+00  5.202929e+01  1.9647915276530679e+01
      1110  2.7749999999999519e+00  1.2326347331441163e-01  8.0466038431267706e-01  6.236169e-01  4.465782e+00  7.709661e+00  3.606654e+01  9.483542e+01  3.876790e+02  5.186920e+00  5.561542e+01  2.0564282244833404e+01
      1120  2.7999999999999514e+00  1.2323817189593277e-01  8.1469098034522314e-01  6.096734e-01  4.483231e+00  7.523613e+00  3.611993e+01  9.252633e+01  3.863832e+02  5.294789e+00  5.965200e+01  2.1519722133813676e+01
      1130  2.8249999999999509e+00  1.2321255441655926e-01  8.2488879119808844e-01  5.953117e-01  4.503287e+00  7.328813e+00  3.622472e+01  9.008605e+01  3.859160e+02  5.411524e+00  6.417197e+01  2.2515242273594204e+01
      1140  2.8499999999999504e+00  1.2318661560812635e-01  8.3525653990299120e-01  5.805363e-01  4.526088e+00  7.124665e+00  3.638622e+01  8.749232e+01  3.864011e+02  5.537366e+00  6.920778e+01  2.3551865629641981e+01
      1150  2.8749999999999498e+00  1.2316035011453190e-01  8.4579713326015760e-01  5.653523e-01  4.551765e+00  6.910547e+00  3.661012e+01  8.472001e+01  3.879814e+02  5.672517e+00  7.479083e+01  2.4630644092825417e+01
      1160  2.8999999999999493e+00  1.2313375248567490e-01  8.5651368364781022e-01  5.497656e-01  4.580450e+00  6.685824e+00  3.690248e+01  8.174101e+01  3.908212e+02  5.817141e+00  8.095087e+01  2.5752675482440729e+01
      1170  2.9249999999999488e+00  1.2310681717066049e-01  8.6740953289349854e-01  5.337830e-01  4.612268e+00  6.449853e+00  3.726978e+01  7.852420e+01  3.951089e+02  5.971364e+00  8.771537e+01  2.6919124814163386e+01
      1180  2.9499999999999482e+00  1.2307953851022480e-01  8.7848827836267074e-01  5.174119e-01  4.647339e+00  6.202001e+00  3.771885e+01  7.503549e+01  4.010600e+02  6.135282e+00  9.510906e+01  2.8131250443392410e+01
      1190  2.9749999999999477e+00  1.2305191072832750e-01  8.8975380143050387e-01  5.006611e-01  4.685779e+00  5.941655e+00  3.825689e+01  7.123791e+01  4.089185e+02  6.308967e+00  1.031535e+02  2.9390435761491979e+01
      1200  2.9999999999999472e+00  1.2302392792279174e-01  9.0121029851282930e-01  4.835401e-01  4.727696e+00  5.668243e+00  3.889145e+01  6.709191e+01  4.189602e+02  6.492486e+00  1.118670e+02  3.0698227200216529e+01
      1210  3.0249999999999466e+00  1.2299558405494553e-01  9.1286231484090397e-01  4.660600e-01  4.773190e+00  5.381248e+00  3.963036e+01  6.255569e+01  4.314929e+02  6.685915e+00  1.212651e+02  3.2056379390801631e+01
      1220  3.0499999999999461e+00  1.2296687293817071e-01  9.2471478117210493e-01  4.482331e-01  4.822356e+00  5.080231e+00  4.048166e+01  5.758582e+01  4.468586e+02  6.889373e+00  1.313610e+02  3.3466908431891341e+01
      1230  3.0749999999999456e+00  1.2293778822522353e-01  9.3677305363260344e-01  4.300735e-01  4.875279e+00  4.764854e+00  4.145357e+01  5.213794e+01  4.654323e+02  7.103061e+00  1.421678e+02  3.4932154347960989e+01
      1240  3.0999999999999450e+00  1.2290832339429895e-01  9.4904295688713813e-01  4.115968e-01  4.932035e+00  4.434901e+00  4.255438e+01  4.616777e+01  4.876215e+02  7.327312e+00  1.537009e+02  3.6454853970499720e+01
      1250  3.1249999999999445e+00  1.2287847173366749e-01  9.6153083082319069e-01  3.928204e-01  4.992693e+00  4.090304e+00  4.379231e+01  3.963239e+01  5.138635e+02  7.562659e+00  1.659821e+02  3.8038225650554743e+01
      1260  3.1499999999999440e+00  1.2284822632480133e-01  9.7424358091756369e-01  3.737638e-01  5.057312e+00  3.731170e+00  4.517547e+01  3.249167e+01  5.446208e+02  7.809921e+00  1.790458e+02  3.9686067413853422e+01
      1270  3.1749999999999434e+00  1.2281758002387047e-01  9.8718873242180250e-01  3.544487e-01  5.125942e+00  3.357806e+00  4.671171e+01  2.471016e+01  5.803759e+02  8.070317e+00  1.929471e+02  4.1402870394853210e+01
      1280  3.1999999999999429e+00  1.2278652544148247e-01  1.0003744884498447e+00  3.348989e-01  5.198627e+00  2.970746e+00  4.840850e+01  1.625908e+01  6.216232e+02  8.345604e+00  2.077734e+02  4.3193949622816277e+01
      1290  3.2249999999999424e+00  1.2275505492054989e-01  1.0138097919757594e+00  3.151408e-01  5.275402e+00  2.570775e+00  5.027282e+01  7.118777e+00  6.688598e+02  8.638264e+00  2.236607e+02  4.5065594459853138e+01
      1300  3.2499999999999418e+00  1.2272316051215104e-01  1.0275043916403450e+00  2.952032e-01  5.356299e+00  2.158952e+00  5.231109e+01 -2.718727e+00  7.225749e+02  8.951737e+00  2.408154e+02  4.7025241175023417e+01
      1310  3.2749999999999413e+00  1.2269083394930605e-01  1.0414689111182616e+00  2.751177e-01  5.441343e+00  1.736636e+00  5.452910e+01 -1.324681e+01  7.832377e+02  9.290725e+00  2.595461e+02  4.9081670238800044e+01
      1320  3.2999999999999408e+00  1.2265806661848229e-01  1.0557149216036197e+00  2.549186e-01  5.530560e+00  1.305503e+00  5.693195e+01 -2.444125e+01  8.512850e+02  9.661585e+00  2.803089e+02  5.1245230900685726e+01
      1330  3.3249999999999402e+00  1.2262484952887294e-01  1.0702550167227343e+00  2.346427e-01  5.623974e+00  8.675605e-01  5.952414e+01 -3.625701e+01  9.271099e+02  1.007284e+01  3.037758e+02  5.3528095452333524e+01
      1340  3.3499999999999397e+00  1.2259117327922883e-01  1.0851028888762930e+00  2.143298e-01  5.721615e+00  4.251623e-01  6.230958e+01 -4.862504e+01  1.011051e+03  1.053582e+01  3.309380e+02  5.5944545299959444e+01
      1350  3.3749999999999392e+00  1.2255702802236482e-01  1.1002734056414960e+00  1.940225e-01  5.823522e+00 -1.898705e-02  6.529181e+01 -6.144904e+01  1.103388e+03  1.106555e+01  3.632656e+02  5.8511290628242719e+01
      1360  3.3999999999999386e+00  1.2252240342726964e-01  1.1157826844289689e+00  1.737658e-01  5.929744e+00 -4.618304e-01  6.847424e+01 -7.460249e+01  1.204335e+03  1.168176e+01  4.029558e+02  6.1247825080088020e+01
      1370  3.4249999999999381e+00  1.2248728863895414e-01  1.1316481630888862e+00  1.536074e-01  6.040350e+00 -8.999648e-01  7.186056e+01 -8.792580e+01  1.314055e+03  1.241021e+01  4.533138e+02  6.4176816454720878e+01
      1380  3.4499999999999376e+00  1.2245167223619141e-01  1.1478886635950303e+00  1.335973e-01  6.155430e+00 -1.329657e+00  7.545519e+01 -1.012240e+02  1.432669e+03  1.328429e+01  5.193330e+02  6.7324533700549566e+01
      1390  3.4749999999999370e+00  1.2241554218740303e-01  1.1645244453143562e+00  1.137875e-01  6.275106e+00 -1.746868e+00  7.926395e+01 -1.142648e+02  1.560288e+03  1.434675e+01  6.085605e+02  7.0721308977929468e+01
      1400  3.4999999999999365e+00  1.2237888580514716e-01  1.1815772437146146e+00  9.423169e-02  6.399537e+00 -2.147289e+00  8.329489e+01 -1.267779e+02  1.697063e+03  1.565159e+01  7.323516e+02  7.4402030674321367e+01
      1410  3.5249999999999360e+00  1.2234168969963052e-01  1.1990702897332390e+00  7.498518e-02  6.528923e+00 -2.526395e+00  8.755918e+01 -1.384542e+02  1.843242e+03  1.726585e+01  9.076201e+02  7.8406658445677039e+01
      1420  3.5499999999999354e+00  1.2230393973204459e-01  1.2170283045171058e+00  5.610408e-02  6.663521e+00 -2.879505e+00  9.207230e+01 -1.489475e+02  1.999264e+03  1.927100e+01  1.159163e+03  8.2780744522983156e+01
      1430  3.5749999999999349e+00  1.2226562096846258e-01  1.2354774639837718e+00  3.764511e-02  6.803641e+00 -3.201868e+00  9.685519e+01 -1.578767e+02  2.165864e+03  2.176347e+01  1.522563e+03  8.7575937231151045e+01
      1440  3.5999999999999344e+00  1.2222671763545193e-01  1.2544453277860717e+00  1.966500e-02  6.949662e+00 -3.488764e+00  1.019356e+02 -1.648299e+02  2.344210e+03  2.485392e+01  2.047532e+03  9.2850434176953598e+01
      1450  3.6249999999999338e+00  1.2218721307849299e-01  1.2739607278933822e+00  2.220065e-03  7.102030e+00 -3.735621e+00  1.073495e+02 -1.693711e+02  2.536058e+03  2.866452e+01  2.801342e+03  9.8669345456025709e+01
      1460  3.6499999999999333e+00  1.2214708972454660e-01  1.2940536131499711e+00 -1.463435e-02  7.261259e+00 -3.938163e+00  1.131420e+02 -1.710490e+02  2.743913e+03  3.332383e+01  3.871693e+03  1.0510492283067487e+02
      1470  3.6749999999999328e+00  1.2210632905026227e-01  1.3147548477620965e+00 -3.084435e-02  7.427926e+00 -4.092573e+00  1.193682e+02 -1.694089e+02  2.971204e+03  3.895890e+01  5.368076e+03  1.1223660979949688e+02
      1480  3.6999999999999322e+00  1.2206491155713642e-01  1.3360959635543463e+00 -4.635806e-02  7.602660e+00 -4.195683e+00  1.260936e+02 -1.640091e+02  3.222415e+03  4.568457e+01  7.420475e+03  1.2015086971997152e+02
      1490  3.7249999999999317e+00  1.2202281675516519e-01  1.3581088678270905e+00 -6.112614e-02  7.786117e+00 -4.245192e+00  1.333931e+02 -1.544414e+02  3.503179e+03  5.359078e+01  1.017432e+04  1.2894075358059678e+02
      1500  3.7499999999999312e+00  1.2198002315625503e-01  1.3808255104690090e+00 -7.510232e-02  7.978949e+00 -4.239892e+00  1.413488e+02 -1.403580e+02  3.820274e+03  6.272897e+01  1.378107e+04  1.3870517309375211e+02
      1510  3.7749999999999306e+00  1.2193650827862523e-01  1.4042775153709681e+00 -8.824391e-02  8.181753e+00 -4.179917e+00  1.500466e+02 -1.215042e+02  4.181475e+03  7.309983e+01  1.838469e+04  1.4954784517626783e+02
      1520  3.7999999999999301e+00  1.2189224866317677e-01  1.4284957821250568e+00 -1.005121e-01  8.395016e+00 -4.066970e+00  1.595702e+02 -9.775772e+01  4.595241e+03  8.464469e+01  2.410556e+04  1.6157586994627857e+02
      1530  3.8249999999999296e+00  1.2184721990274433e-01  1.4535100648699628e+00 -1.118721e-01  8.619034e+00 -3.904503e+00  1.699941e+02 -6.917165e+01  5.070161e+03  9.724261e+01  3.102470e+04  1.7489790131425875e+02
      1540  3.8499999999999290e+00  1.2180139668466612e-01  1.4793485364577836e+00 -1.222921e-01  8.853836e+00 -3.697780e+00  1.813731e+02 -3.601575e+01  5.614163e+03  1.107145e+02  3.917282e+04  1.8962187560150073e+02
      1550  3.8749999999999285e+00  1.2175475284716297e-01  1.5060373480212792e+00 -1.317413e-01  9.099092e+00 -3.453753e+00  1.937321e+02  1.193120e+00  6.233473e+03  1.248335e+02  4.852854e+04  2.0585228580447540e+02
      1560  3.8999999999999280e+00  1.2170726144928255e-01  1.5336001964911556e+00 -1.401864e-01  9.354027e+00 -3.180625e+00  2.070529e+02  4.168570e+01  6.931364e+03  1.393390e+02  5.902262e+04  2.2368703396658535e+02
      1570  3.9249999999999274e+00  1.2165889485408736e-01  1.5620579155699690e+00 -1.475854e-01  9.617333e+00 -2.887023e+00  2.212623e+02  8.447374e+01  7.706790e+03  1.539462e+02  7.051898e+04  2.4321396991870313e+02
      1580  3.9499999999999269e+00  1.2160962482393192e-01  1.5914281070750795e+00 -1.538792e-01  9.887111e+00 -2.580699e+00  2.362206e+02  1.284228e+02  8.553189e+03  1.683489e+02  8.272146e+04  2.6450731096563248e+02
      1590  3.9749999999999264e+00  1.2155942262645777e-01  1.6217248240653894e+00 -1.589811e-01  1.016082e+01 -2.266933e+00  2.517168e+02  1.723482e+02  9.457771e+03  1.822198e+02  9.504190e+04  2.8762415532444174e+02
      1600  3.9999999999999258e+00  1.2150825914959071e-01  1.6529583034667401e+00 -1.627655e-01  1.043529e+01 -1.947046e+00  2.674718e+02  2.151567e+02  1.040111e+04  1.952283e+02  1.066977e+05  3.1260120817926986e+02
      1610  4.0249999999999293e+00  1.2145610502417166e-01  1.6851347388848559e+00 -1.650592e-01  1.070679e+01 -1.617219e+00  2.831414e+02  2.561398e+02  1.135594e+04  2.070690e+02  1.172219e+05  3.3945180924259682e+02
      1620  4.0499999999999332e+00  1.2140293075281408e-01  1.7182561037735122e+00 -1.656367e-01  1.097119e+01 -1.267274e+00  2.983114e+02  2.953382e+02  1.228632e+04  2.174471e+02  1.267487e+05  3.6816367563871972e+02
      1630  4.0749999999999371e+00  1.2134870684287370e-01  1.7523200627740381e+00 -1.642264e-01  1.122425e+01 -8.801916e-01  3.125224e+02  3.334687e+02  1.315173e+04  2.260159e+02  1.353458e+05  3.9869827531978717e+02
      1640  4.0999999999999410e+00  1.2129340394037319e-01  1.7873199809338249e+00 -1.605306e-01  1.146201e+01 -4.349008e-01  3.253507e+02  3.714108e+02  1.391497e+04  2.323836e+02  1.423649e+05  4.3099255867986562e+02
      1650  4.1249999999999449e+00  1.2123699296296256e-01  1.8232449383830083e+00 -1.542616e-01  1.168132e+01  8.803950e-02  3.364914e+02  4.098931e+02  1.454823e+04  2.362446e+02  1.468790e+05  4.6496245966392661e+02
      1660  4.1499999999999488e+00  1.2117944523426330e-01  1.8600795874994682e+00 -1.451883e-01  1.188033e+01  7.010539e-01  3.458105e+02  4.491681e+02  1.503940e+04  2.375138e+02  1.483287e+05  5.0050630588901765e+02
      1670  4.1749999999999527e+00  1.2112073262634654e-01  1.8978037651237638e+00 -1.331825e-01  1.205888e+01  1.405996e+00  3.533682e+02  4.887548e+02  1.539387e+04  2.363706e+02  1.467270e+05  5.3750664688356301e+02
      1680  4.1999999999999567e+00  1.2106082771734759e-01  1.9363919363674880e+00 -1.182548e-01  1.221855e+01  2.193309e+00  3.593945e+02  5.275736e+02  1.563060e+04  2.332094e+02  1.425618e+05  5.7583069582068345e+02
      1690  4.2249999999999606e+00  1.2099970396715870e-01  1.9758126365749131e+00 -1.005739e-01  1.236265e+01  3.043108e+00  3.642467e+02  5.641292e+02  1.577728e+04  2.285103e+02  1.365137e+05  6.1533070419400781e+02
      1700  4.2499999999999645e+00  1.2093733590964550e-01  2.0160280123911702e+00 -8.045682e-02  1.249592e+01  3.928703e+00  3.683545e+02  5.968003e+02  1.586558e+04  2.226980e+02  1.291958e+05  6.5584451067819452e+02
      1710  4.2749999999999684e+00  1.2087369935960426e-01  2.0569933762818842e+00 -5.830515e-02  1.262367e+01  4.826562e+00  3.721313e+02  6.246284e+02  1.592391e+04  2.160740e+02  1.210531e+05  6.9719281308011909e+02
      1720  4.2999999999999723e+00  1.2080877163598547e-01  2.0986567350835856e+00 -3.449226e-02  1.275065e+01  5.730033e+00  3.759008e+02  6.481513e+02  1.597382e+04  2.088474e+02  1.124121e+05  7.3916951796708031e+02
      1730  4.3249999999999762e+00  1.2074253179310501e-01  2.1409590561641556e+00 -9.251919e-03  1.288038e+01  6.655021e+00  3.799065e+02  6.696519e+02  1.603341e+04  2.012016e+02  1.035640e+05  7.8153585903451517e+02
      1740  4.3499999999999801e+00  1.2067496081437584e-01  2.1838365951074339e+00  1.737500e-02  1.301561e+01  7.629940e+00  3.844146e+02  6.925080e+02  1.612178e+04  1.933212e+02  9.476645e+04  8.2404342789861880e+02
      1750  4.3749999999999840e+00  1.2060604170549390e-01  2.2272245779317599e+00  4.548087e-02  1.315887e+01  8.675687e+00  3.898439e+02  7.187824e+02  1.627559e+04  1.854345e+02  8.624441e+04  8.6648481170490277e+02
      1760  4.3999999999999879e+00  1.2053575949760860e-01  2.2710585552371652e+00  7.509691e-02  1.331203e+01  9.791624e+00  3.966307e+02  7.481414e+02  1.654484e+04  1.779105e+02  7.834489e+04  9.0872072280368241e+02
      1770  4.4249999999999918e+00  1.2046410127363984e-01  2.3152716785243470e+00  1.060398e-01  1.347484e+01  1.096018e+01  4.049544e+02  7.796649e+02  1.695796e+04  1.711035e+02  7.149779e+04  9.5064226692543730e+02
      1780  4.4499999999999957e+00  1.2039105629094743e-01  2.3597921787530263e+00  1.380450e-01  1.364433e+01  1.216530e+01  4.146650e+02  8.114275e+02  1.751105e+04  1.651362e+02  6.603595e+04  9.9210088009383117e+02
      1790  4.4749999999999996e+00  1.2031661610375156e-01  2.4045461774780552e+00  1.710562e-01  1.381645e+01  1.341335e+01  4.255790e+02  8.445322e+02  1.821158e+04  1.598520e+02  6.177196e+04  1.0328889073413272e+03
      1800  4.5000000000000036e+00  1.2024077452824622e-01  2.4494639331185200e+00  2.052862e-01  1.398787e+01  1.474616e+01  4.373930e+02  8.849541e+02  1.902392e+04  1.551974e+02  5.853336e+04  1.0728144117547777e+03
      1810  4.5250000000000075e+00  1.2016352745010400e-01  2.4944827850971878e+00  2.409130e-01  1.415596e+01  1.621191e+01  4.495137e+02  9.427595e+02  1.986732e+04  1.512233e+02  5.602274e+04  1.1117969638704749e+03
      1820  4.5500000000000114e+00  1.2008487262465486e-01  2.5395452295782359e+00  2.776576e-01  1.431871e+01  1.782375e+01  4.614816e+02  1.022942e+03  2.069639e+04  1.482564e+02  5.415069e+04  1.1498674484116805e+03
      1830  4.5750000000000153e+00  1.2000480954219386e-01  2.5845976670688096e+00  3.147044e-01  1.447317e+01  1.955844e+01  4.727768e+02  1.122331e+03  2.148385e+04  1.462497e+02  5.283745e+04  1.1870847586135317e+03
      1840  4.6000000000000192e+00  1.1992333928063768e-01  2.6295921386723684e+00  3.511529e-01  1.461623e+01  2.139608e+01  4.831222e+02  1.238755e+03  2.222732e+04  1.452477e+02  5.221621e+04  1.2234833036361479e+03
      1850  4.6250000000000231e+00  1.1984046431923095e-01  2.6744864158030248e+00  3.864988e-01  1.474645e+01  2.335797e+01  4.925344e+02  1.375381e+03  2.294655e+04  1.449749e+02  5.234380e+04  1.2590854002582146e+03
      1860  4.6500000000000270e+00  1.1975618840882660e-01  2.7192407625748625e+00  4.205549e-01  1.486694e+01  2.546420e+01  5.015821e+02  1.535966e+03  2.370938e+04  1.449848e+02  5.299724e+04  1.2939280584064873e+03
      1870  4.6750000000000309e+00  1.1967051654901234e-01  2.7638148485706862e+00  4.530106e-01  1.498631e+01  2.768045e+01  5.116159e+02  1.717438e+03  2.465926e+04  1.448660e+02  5.373849e+04  1.3280768971541261e+03
      1880  4.7000000000000348e+00  1.1958345503663084e-01  2.8081660692419197e+00  4.832514e-01  1.511593e+01  2.991397e+01  5.242210e+02  1.911308e+03  2.595692e+04  1.447728e+02  5.459754e+04  1.3616263197292310e+03
      1890  4.7250000000000387e+00  1.1949501155855907e-01  2.8522482349494496e+00  5.106725e-01  1.526217e+01  3.207175e+01  5.403133e+02  2.111301e+03  2.769441e+04  1.450947e+02  5.580307e+04  1.3946829985918937e+03
      1900  4.7500000000000426e+00  1.1940519531751081e-01  2.8960108756119993e+00  5.351595e-01  1.542094e+01  3.415198e+01  5.595802e+02  2.320551e+03  2.985443e+04  1.458920e+02  5.735830e+04  1.4273405552284780e+03
      1910  4.7750000000000465e+00  1.1931401715603235e-01  2.9394000411728993e+00  5.572526e-01  1.558090e+01  3.625092e+01  5.808122e+02  2.550652e+03  3.234680e+04  1.471036e+02  5.928036e+04  1.4596634391341138e+03
      1920  4.8000000000000504e+00  1.1922148963696688e-01  2.9823599396024556e+00  5.777792e-01  1.573146e+01  3.847394e+01  6.028541e+02  2.812706e+03  3.509583e+04  1.487520e+02  6.172449e+04  1.4916860112869497e+03
      1930  4.8250000000000544e+00  1.1912762708547536e-01  3.0248334788701090e+00  5.972422e-01  1.586910e+01  4.084547e+01  6.254395e+02  3.109001e+03  3.811083e+04  1.508495e+02  6.479737e+04  1.5234027369277235e+03
      1940  4.8500000000000583e+00  1.1903244563224917e-01  3.0667620776855902e+00  6.154778e-01  1.599855e+01  4.329548e+01  6.492732e+02  3.432788e+03  4.148031e+04  1.533086e+02  6.841449e+04  1.5547427594208957e+03
      1950  4.8750000000000622e+00  1.1893596323579018e-01  3.1080876400079744e+00  6.317465e-01  1.612851e+01  4.570870e+01  6.753398e+02  3.774231e+03  4.529812e+04  1.559843e+02  7.237703e+04  1.5855758916502832e+03
      1960  4.9000000000000661e+00  1.1883819960397468e-01  3.1487567082431172e+00  6.451271e-01  1.626501e+01  4.798463e+01  7.040835e+02  4.125649e+03  4.959763e+04  1.587757e+02  7.654096e+04  1.6157629845213921e+03
      1970  4.9250000000000700e+00  1.1873917599037015e-01  3.1887239458323569e+00  6.550096e-01  1.640692e+01  5.007344e+01  7.350887e+02  4.482761e+03  5.434022e+04  1.616680e+02  8.089291e+04  1.6452029849604587e+03
      1980  4.9500000000000739e+00  1.1863891491261935e-01  3.2279536746349944e+00  6.613977e-01  1.654684e+01  5.197306e+01  7.673412e+02  4.843013e+03  5.943973e+04  1.646704e+02  8.549477e+04  1.6738525157166059e+03
      1990  4.9750000000000778e+00  1.1853743984784570e-01  3.2664199244912253e+00  6.648265e-01  1.667593e+01  5.370049e+01  7.997609e+02  5.203481e+03  6.479542e+04  1.677852e+02  9.040030e+04  1.7017303641430976e+03
      2000  5.0000000000000817e+00  1.1843477494373469e-01  3.3041053898494228e+00  6.659941e-01  1.678860e+01  5.526163e+01  8.315595e+02  5.559265e+03  7.030999e+04  1.710092e+02  9.562012e+04  1.7289163209762760e+03
      2010  5.0250000000000856e+00  1.1833094477838531e-01  3.3409993441741204e+00  6.653716e-01  1.688393e+01  5.663545e+01  8.622578e+02  5.902397e+03  7.588931e+04  1.742841e+02  1.011072e+05  1.7555360727577033e+03
      2020  5.0500000000000895e+00  1.1822597419666370e-01  3.3770949661372907e+00  6.629706e-01  1.696395e+01  5.777310e+01  8.915424e+02  6.221247e+03  8.142962e+04  1.774776e+02  1.066767e+05  1.7817182935241485e+03
      2030  5.0750000000000934e+00  1.1811988822295957e-01  3.4123873786415775e+00  6.583707e-01  1.703061e+01  5.860082e+01  9.190189e+02  6.501208e+03  8.679414e+04  1.803941e+02  1.119984e+05  1.8075443749890571e+03
      2040  5.1000000000000973e+00  1.1801271200869154e-01  3.4468734639140735e+00  6.510093e-01  1.708350e+01  5.903859e+01  9.440119e+02  6.727250e+03  9.180869e+04  1.828300e+02  1.167488e+05  1.8330346642651098e+03
      2050  5.1250000000001013e+00  1.1790447076123889e-01  3.4805530336088384e+00  6.405599e-01  1.711948e+01  5.902922e+01  9.656242e+02  6.885966e+03  9.628263e+04  1.846460e+02  1.206906e+05  1.8581783029728192e+03
      2060  5.1500000000001052e+00  1.1779518963627290e-01  3.5134297069139624e+00  6.271570e-01  1.713402e+01  5.855194e+01  9.829703e+02  6.967218e+03  1.000381e+05  1.857777e+02  1.236912e+05  1.8829679746123988e+03
      2070  5.1750000000001091e+00  1.1768489362469098e-01  3.5455103217715793e+00  6.113357e-01  1.712319e+01  5.762026e+01  9.954101e+02  6.965646e+03  1.029403e+05  1.862245e+02  1.257204e+05  1.9074032982843105e+03
      2080  5.2000000000001130e+00  1.1757360747299661e-01  3.5768036233379430e+00  5.937792e-01  1.708517e+01  5.627133e+01  1.002678e+03  6.880806e+03  1.049182e+05  1.860031e+02  1.267725e+05  1.9314660682009157e+03
      2090  5.2250000000001169e+00  1.1746135563316408e-01  3.6073198559128379e+00  5.750860e-01  1.702053e+01  5.455651e+01  1.004882e+03  6.716885e+03  1.059696e+05  1.850973e+02  1.268183e+05  1.9550959262808883e+03
      2100  5.2500000000001208e+00  1.1734816220316166e-01  3.6370716867424213e+00  5.556697e-01  1.693189e+01  5.253739e+01  1.002438e+03  6.482588e+03  1.061547e+05  1.834738e+02  1.258395e+05  1.9781850933826913e+03
      2110  5.2750000000001247e+00  1.1723405082662526e-01  3.6660757615903443e+00  5.357703e-01  1.682332e+01  5.028036e+01  9.959647e+02  6.190032e+03  1.055812e+05  1.811221e+02  1.238812e+05  2.0005922079639492e+03
      2120  5.3000000000001286e+00  1.1711904454426635e-01  3.6943541520906873e+00  5.155296e-01  1.669968e+01  4.784935e+01  9.861867e+02  5.852787e+03  1.043809e+05  1.780770e+02  1.210789e+05  2.0221654799136279e+03
      2130  5.3250000000001325e+00  1.1700316560900674e-01  3.7219351995134931e+00  4.950969e-01  1.656608e+01  4.530419e+01  9.738646e+02  5.484943e+03  1.026963e+05  1.744297e+02  1.176453e+05  2.0427617420644192e+03
      2140  5.3500000000001364e+00  1.1688643528556390e-01  3.7488537507549937e+00  4.747169e-01  1.642754e+01  4.270597e+01  9.598115e+02  5.101818e+03  1.006877e+05  1.703282e+02  1.138254e+05  2.0622548668568725e+03
      2150  5.3750000000001403e+00  1.1676887364624397e-01  3.7751512742711730e+00  4.547531e-01  1.628873e+01  4.011871e+01  9.448103e+02  4.718553e+03  9.850356e+04  1.659418e+02  1.098320e+05  2.0805391998492923e+03
      2160  5.4000000000001442e+00  1.1665049936151725e-01  3.8008760756702804e+00  4.356470e-01  1.615330e+01  3.760126e+01  9.293809e+02  4.346165e+03  9.621334e+04  1.613798e+02  1.057838e+05  2.0975338244915174e+03
      2170  5.4250000000001481e+00  1.1653132948569636e-01  3.8260833057299193e+00  4.178621e-01  1.602350e+01  3.520416e+01  9.137711e+02  3.991955e+03  9.382847e+04  1.566745e+02  1.017017e+05  2.1131859904427383e+03
      2180  5.4500000000001521e+00  1.1641137924980927e-01  3.8508344298091757e+00  4.018522e-01  1.590072e+01  3.297828e+01  8.982318e+02  3.664102e+03  9.139106e+04  1.518634e+02  9.755506e+04  2.1274723017846318e+03
      2190  5.4750000000001560e+00  1.1629066188170845e-01  3.8751959849354383e+00  3.880460e-01  1.578616e+01  3.097739e+01  8.831325e+02  3.372267e+03  8.898787e+04  1.470076e+02  9.326595e+04  2.1403982365300794e+03
      2200  5.5000000000001599e+00  1.1616918847545758e-01  3.8992377342683637e+00  3.768183e-01  1.568097e+01  2.925019e+01  8.688428e+02  3.124970e+03  8.670505e+04  1.421439e+02  8.871818e+04  2.1519942952406727e+03
      2210  5.5250000000001638e+00  1.1604696791858432e-01  3.9230309589601893e+00  3.684665e-01  1.558609e+01  2.783473e+01  8.556373e+02  2.927416e+03  8.459796e+04  1.372858e+02  8.382888e+04  2.1623096968217974e+03
      2220  5.5500000000001677e+00  1.1592400685927512e-01  3.9466476626329605e+00  3.632166e-01  1.550216e+01  2.675776e+01  8.436637e+02  2.780309e+03  8.266366e+04  1.324457e+02  7.858472e+04  2.1714090566178893e+03
      2230  5.5750000000001716e+00  1.1580030968512708e-01  3.9701605309315315e+00  3.612474e-01  1.542931e+01  2.603624e+01  8.329414e+02  2.681374e+03  8.084876e+04  1.276441e+02  7.303796e+04  2.1793741252533591e+03
      2240  5.6000000000001755e+00  1.1567587850038799e-01  3.9936430066392328e+00  3.627012e-01  1.536699e+01  2.567781e+01  8.234444e+02  2.627300e+03  7.912766e+04  1.229233e+02  6.728773e+04  2.1863072739039685e+03
      2250  5.6250000000001794e+00  1.1555071310314413e-01  4.0171692138121093e+00  3.676663e-01  1.531389e+01  2.567935e+01  8.151768e+02  2.615119e+03  7.755702e+04  1.183432e+02  6.146678e+04  2.1923323901587842e+03
      2260  5.6500000000001833e+00  1.1542481096709388e-01  4.0408137453033968e+00  3.761535e-01  1.526820e+01  2.602806e+01  8.081624e+02  2.641938e+03  7.623240e+04  1.139588e+02  5.572665e+04  2.1975913468316949e+03
      2270  5.6750000000001872e+00  1.1529816723027764e-01  4.0646514662188213e+00  3.880926e-01  1.522812e+01  2.670618e+01  8.023837e+02  2.704484e+03  7.520096e+04  1.098225e+02  5.021820e+04  2.2022408837315666e+03
      2280  5.7000000000001911e+00  1.1517077468696238e-01  4.0887575353355530e+00  4.033463e-01  1.519237e+01  2.769484e+01  7.977853e+02  2.800414e+03  7.445410e+04  1.059830e+02  4.510103e+04  2.2064560980563019e+03
      2290  5.7250000000001950e+00  1.1504262377655342e-01  4.1132075192090829e+00  4.217262e-01  1.516066e+01  2.897879e+01  7.943456e+02  2.929540e+03  7.398977e+04  1.024902e+02  4.054297e+04  2.2104375055214591e+03
      2300  5.7500000000001990e+00  1.1491370257297778e-01  4.1380771893493460e+00  4.429970e-01  1.513360e+01  3.054523e+01  7.921315e+02  3.092138e+03  7.383862e+04  9.938276e+01  3.667419e+04  2.2144129466887771e+03
      2310  5.7750000000002029e+00  1.1478399678727416e-01  4.1634419430873413e+00  4.668632e-01  1.511237e+01  3.238114e+01  7.912124e+02  3.287243e+03  7.403022e+04  9.668709e+01  3.353238e+04  2.2186302114464961e+03
      2320  5.8000000000002068e+00  1.1465348978543166e-01  4.1893765554603934e+00  4.929504e-01  1.509825e+01  3.446520e+01  7.916051e+02  3.512538e+03  7.455616e+04  9.440230e+01  3.104124e+04  2.2233480556755731e+03
      2330  5.8250000000002107e+00  1.1452216260045017e-01  4.2159557678833020e+00  5.207879e-01  1.509242e+01  3.676344e+01  7.931349e+02  3.764442e+03  7.533536e+04  9.249461e+01  2.907517e+04  2.2288380969261743e+03
      2340  5.8500000000002146e+00  1.1438999392148588e-01  4.2432549473376913e+00  5.497863e-01  1.509615e+01  3.922120e+01  7.954864e+02  4.035466e+03  7.622106e+04  9.087687e+01  2.750918e+04  2.2354003850058511e+03
      2350  5.8750000000002185e+00  1.1425696007720915e-01  4.2713496529265615e+00  5.792329e-01  1.511126e+01  4.176255e+01  7.984807e+02  4.314482e+03  7.707865e+04  8.946221e+01  2.627890e+04  2.2433877897244324e+03
      2360  5.9000000000002224e+00  1.1412303505595703e-01  4.3003137332281920e+00  6.083471e-01  1.514078e+01  4.430147e+01  8.023465e+02  4.589623e+03  7.787608e+04  8.819102e+01  2.530122e+04  2.2532269530916797e+03
      2370  5.9250000000002263e+00  1.1398819060495469e-01  4.3302162091780403e+00  6.363944e-01  1.518882e+01  4.675808e+01  8.077335e+02  4.851011e+03  7.870409e+04  8.698394e+01  2.438452e+04  2.2654148207103831e+03
      2380  5.9500000000002302e+00  1.1385239644288778e-01  4.3611171327360623e+00  6.628089e-01  1.526036e+01  4.908956e+01  8.155458e+02  5.096486e+03  7.974543e+04  8.580157e+01  2.342780e+04  2.2804794068054862e+03
      2390  5.9750000000002341e+00  1.1371562061602064e-01  4.3930626921398277e+00  6.872725e-01  1.536099e+01  5.130218e+01  8.269778e+02  5.331927e+03  8.120459e+04  8.475845e+01  2.251544e+04  2.2989165082705695e+03
      2400  6.0000000000002380e+00  1.1357783000066962e-01  4.4260811767933603e+00  7.097139e-01  1.549561e+01  5.344458e+01  8.432664e+02  5.568890e+03  8.325702e+04  8.396308e+01  2.175000e+04  2.3211291718473849e+03
      2410  6.0250000000002419e+00  1.1343899088575451e-01  4.4601821942663396e+00  7.302278e-01  1.566693e+01  5.559102e+01  8.654844e+02  5.826324e+03  8.613506e+04  8.344154e+01  2.122314e+04  2.3473909906864856e+03
      2420  6.0500000000002458e+00  1.1329906951563332e-01  4.4953599128365536e+00  7.489669e-01  1.587523e+01  5.782073e+01  8.946186e+02  6.129032e+03  9.017646e+04  8.329672e+01  2.107105e+04  2.3778388689646526e+03
      2430  6.0750000000002498e+00  1.1315803248064946e-01  4.5315993268303920e+00  7.660608e-01  1.611920e+01  6.019898e+01  9.313321e+02  6.499035e+03  9.569167e+04  8.361678e+01  2.134431e+04  2.4124972033944005e+03
      2440  6.1000000000002537e+00  1.1301584688480039e-01  4.5688839442169060e+00  7.815856e-01  1.639736e+01  6.275984e+01  9.758743e+02  6.948863e+03  1.028777e+05  8.426795e+01  2.190642e+04  2.4513322103994296e+03
      2450  6.1250000000002576e+00  1.1287248027602784e-01  4.6072029205027549e+00  7.955725e-01  1.671027e+01  6.552075e+01  1.028799e+03  7.488228e+03  1.119718e+05  8.505937e+01  2.262499e+04  2.4943233014587718e+03
      2460  6.1500000000002615e+00  1.1272790038792115e-01  4.6465557175439978e+00  8.080191e-01  1.706178e+01  6.850750e+01  1.091648e+03  8.134373e+03  1.234434e+05  8.602766e+01  2.353998e+04  2.5415340852103573e+03
      2470  6.1750000000002654e+00  1.1258207479213916e-01  4.6869530296416748e+00  8.188831e-01  1.745794e+01  7.174928e+01  1.166801e+03  8.910917e+03  1.380016e+05  8.736964e+01  2.476451e+04  2.5931642576114846e+03
      2480  6.2000000000002693e+00  1.1243497058658403e-01  4.7284136393739846e+00  8.280823e-01  1.790506e+01  7.527805e+01  1.257157e+03  9.846395e+03  1.566047e+05  8.923841e+01  2.638016e+04  2.6495589250201529e+03
      2490  6.2250000000002732e+00  1.1228655423319986e-01  4.7709583388650074e+00  8.354933e-01  1.840804e+01  7.913703e+01  1.366143e+03  1.098092e+04  1.805869e+05  9.169049e+01  2.842429e+04  2.7111651230475600e+03
      2500  6.2500000000002771e+00  1.1213679160043510e-01  4.8146033433185762e+00  8.408941e-01  1.896828e+01  8.335982e+01  1.497294e+03  1.236413e+04  2.116173e+05  9.468572e+01  3.085809e+04  2.7784538134250824e+03
      2510  6.2750000000002810e+00  1.1198564818947820e-01  4.8593553639801756e+00  8.438384e-01  1.958147e+01  8.792174e+01  1.653125e+03  1.403637e+04  2.513776e+05  9.816778e+01  3.365019e+04  2.8518411389379389e+03
      2520  6.3000000000002849e+00  1.1183308947378168e-01  4.9052093382523152e+00  8.435266e-01  2.023576e+01  9.268509e+01  1.833810e+03  1.600255e+04  3.010390e+05  1.021241e+02  3.686317e+04  2.9316390262831328e+03
      2530  6.3250000000002888e+00  1.1167908126728826e-01  4.9521487467514618e+00  8.387701e-01  2.091118e+01  9.735527e+01  2.035983e+03  1.820494e+04  3.605557e+05  1.064955e+02  4.051537e+04  3.0180471227686535e+03
      2540  6.3500000000002927e+00  1.1152359005529036e-01  5.0001474195252609e+00  8.281005e-01  2.158101e+01  1.014748e+02  2.251964e+03  2.050125e+04  4.279465e+05  1.110985e+02  4.446876e+04  3.1111821049966165e+03
      2550  6.3750000000002967e+00  1.1136658326536603e-01  5.0491713243992349e+00  8.100013e-01  2.221522e+01  1.044775e+02  2.470133e+03  2.266246e+04  4.989953e+05  1.156969e+02  4.850889e+04  3.2111586774232883e+03
      2560  6.4000000000003006e+00  1.1120802950242611e-01  5.0991787212309614e+00  7.832005e-01  2.278543e+01  1.057977e+02  2.677166e+03  2.440944e+04  5.679583e+05  1.201623e+02  5.247815e+04  3.3182636316618818e+03
      2570  6.4250000000003045e+00  1.1104789884658292e-01  5.1501150620166261e+00  7.469680e-01  2.327169e+01  1.050093e+02  2.862069e+03  2.549584e+04  6.296711e+05  1.246701e+02  5.650523e+04  3.4332240931637270e+03
      2580  6.4500000000003084e+00  1.1088616347971650e-01  5.2018955720375537e+00  7.013191e-01  2.366935e+01  1.019512e+02  3.020548e+03  2.581095e+04  6.822804e+05  1.298841e+02  6.138750e+04  3.5574710925525651e+03
      2590  6.4750000000003123e+00  1.1072279915258734e-01  5.2543677261722221e+00  6.470454e-01  2.399084e+01  9.677410e+01  3.156246e+03  2.542736e+04  7.281434e+05  1.368638e+02  6.871503e+04  3.6932100311541026e+03
      2600  6.5000000000003162e+00  1.1055778816917164e-01  5.3072524928510072e+00  5.856821e-01  2.425608e+01  8.988334e+01  3.275947e+03  2.454070e+04  7.710448e+05  1.464558e+02  8.017051e+04  3.8430618787951084e+03
      2610  6.5250000000003201e+00  1.1039112437059041e-01  5.3600793494146908e+00  5.195766e-01  2.447530e+01  8.185257e+01  3.381273e+03  2.336475e+04  8.116223e+05  1.585304e+02  9.620488e+04  4.0091543695227856e+03
      2620  6.5500000000003240e+00  1.1022281984613082e-01  5.4121469756811518e+00  4.519141e-01  2.463782e+01  7.333958e+01  3.463588e+03  2.206535e+04  8.448799e+05  1.717957e+02  1.151831e+05  4.1919059206299935e+03
      2630  6.5750000000003279e+00  1.1005291206362929e-01  5.4625396041239291e+00  3.863122e-01  2.471573e+01  6.490266e+01  3.506046e+03  2.069943e+04  8.613996e+05  1.844152e+02  1.339181e+05  4.3889765395072573e+03
      2640  6.6000000000003318e+00  1.0988146949626362e-01  5.5102067883347798e+00  3.259883e-01  2.467519e+01  5.674110e+01  3.490984e+03  1.914148e+04  8.514687e+05  1.948761e+02  1.492625e+05  4.5946654466792033e+03
      2650  6.6250000000003357e+00  1.0970859389072814e-01  5.5540968743496029e+00  2.731076e-01  2.448273e+01  4.866892e+01  3.407560e+03  1.714087e+04  8.106639e+05  2.023872e+02  1.593025e+05  4.7998999457212121e+03
      2660  6.6500000000003396e+00  1.0953441772578948e-01  5.5933276275853183e+00  2.288390e-01  2.410321e+01  4.052833e+01  3.254827e+03  1.458674e+04  7.433843e+05  2.066039e+02  1.632529e+05  4.9931169276028368e+03
      2670  6.6750000000003435e+00  1.0935909615217766e-01  5.6273599054399099e+00  1.938535e-01  2.349979e+01  3.271202e+01  3.037599e+03  1.172902e+04  6.594729e+05  2.071394e+02  1.610111e+05  5.1621568844243329e+03
      2680  6.7000000000003475e+00  1.0918279414785159e-01  5.6561190621525421e+00  1.685314e-01  2.265042e+01  2.617314e+01  2.761479e+03  9.072058e+03  5.665542e+05  2.036122e+02  1.534683e+05  5.2966695635207871e+03
      2690  6.7250000000003514e+00  1.0900567131264563e-01  5.6800191604597057e+00  1.526262e-01  2.157761e+01  2.179098e+01  2.441824e+03  7.094294e+03  4.701045e+05  1.962828e+02  1.425144e+05  5.3902041433349432e+03
      2700  6.7500000000003553e+00  1.0882786755075079e-01  5.6998844743590720e+00  1.449015e-01  2.035543e+01  1.965741e+01  2.111352e+03  5.969585e+03  3.791399e+05  1.858797e+02  1.288615e+05  5.4413140652588463e+03
      2710  6.7750000000003592e+00  1.0864949249104947e-01  5.7167963985158092e+00  1.433477e-01  1.908377e+01  1.913588e+01  1.797914e+03  5.396394e+03  2.995816e+05  1.731774e+02  1.125017e+05  5.4532918719735353e+03
      2720  6.8000000000003631e+00  1.0847062023836603e-01  5.7319165452235197e+00  1.459483e-01  1.786031e+01  1.950598e+01  1.517102e+03  5.067884e+03  2.331208e+05  1.593769e+02  9.561246e+04  5.4326882032388776e+03
      2730  6.8250000000003670e+00  1.0829128923656162e-01  5.7463459182565204e+00  1.513922e-01  1.675144e+01  2.021542e+01  1.287834e+03  4.865550e+03  1.841296e+05  1.450460e+02  7.892578e+04  5.3874714558488322e+03
      2740  6.8500000000003709e+00  1.0811150553635171e-01  5.7610481051174514e+00  1.591394e-01  1.581209e+01  2.137654e+01  1.119266e+03  4.777678e+03  1.516705e+05  1.323222e+02  6.588063e+04  5.3256338641802085e+03
      2750  6.8750000000003748e+00  1.0793124766543431e-01  5.7768185216194032e+00  1.685663e-01  1.504195e+01  2.253142e+01  9.852050e+02  4.642112e+03  1.259387e+05  1.220490e+02  5.679560e+04  5.2543372785049469e+03
      2760  6.9000000000003787e+00  1.0775047200442393e-01  5.7942815719827161e+00  1.779185e-01  1.438227e+01  2.310686e+01  8.734154e+02  4.451099e+03  1.061601e+05  1.121991e+02  4.793280e+04  5.1795310528610125e+03
      2770  6.9250000000003826e+00  1.0756911778494364e-01  5.8139174580581807e+00  1.845458e-01  1.382512e+01  2.333183e+01  7.866741e+02  4.226695e+03  9.138514e+04  1.044203e+02  4.160701e+04  5.1062428643514004e+03
      2780  6.9500000000003865e+00  1.0738711095868012e-01  5.8361029789481433e+00  1.862578e-01  1.334650e+01  2.261614e+01  7.059924e+02  3.809753e+03  7.631234e+04  9.767065e+01  3.599409e+04  5.0392984515355383e+03
      2790  6.9750000000003904e+00  1.0720436705098101e-01  5.8611293120736452e+00  1.823329e-01  1.291808e+01  2.105305e+01  6.364025e+02  3.384648e+03  6.483120e+04  9.102227e+01  3.064614e+04  4.9835612432213002e+03
      2800  7.0000000000003944e+00  1.0702079416443286e-01  5.8891748284036343e+00  1.733270e-01  1.253949e+01  1.887790e+01  5.740922e+02  2.862091e+03  5.380818e+04  8.587375e+01  2.674442e+04  4.9429277852439373e+03
      2810  7.0250000000003983e+00  1.0683629696796999e-01  5.9202833969141206e+00  1.604089e-01  1.219509e+01  1.607063e+01  5.134873e+02  2.258482e+03  4.308416e+04  8.063642e+01  2.286035e+04  4.9190651701753632e+03
      2820  7.0500000000004022e+00  1.0665078031478746e-01  5.9544113391954658e+00  1.450267e-01  1.189217e+01  1.333933e+01  4.680701e+02  1.832459e+03  3.634815e+04  7.621955e+01  1.993924e+04  4.9115568754745536e+03
      2830  7.0750000000004061e+00  1.0646415091610217e-01  5.9914889050904812e+00  1.284888e-01  1.162115e+01  1.078166e+01  4.279789e+02  1.434820e+03  3.005278e+04  7.269930e+01  1.784453e+04  4.9188390624489766e+03
      2840  7.1000000000004100e+00  1.0627631775278035e-01  6.0314429482815983e+00  1.119918e-01  1.136023e+01  8.228126e+00  3.949188e+02  1.119947e+03  2.597105e+04  6.841648e+01  1.543090e+04  4.9388597547101281e+03
      2850  7.1250000000004139e+00  1.0608719168571314e-01  6.0742346335776229e+00  9.728436e-02  1.112326e+01  5.971274e+00  3.690546e+02  8.899643e+02  2.327272e+04  6.423151e+01  1.343774e+04  4.9700851206317893e+03
      2860  7.1500000000004178e+00  1.0589668378137607e-01  6.1198852050933521e+00  8.602553e-02  1.091430e+01  3.966422e+00  3.447228e+02  6.429662e+02  2.011133e+04  6.036182e+01  1.164855e+04  5.0121628448544416e+03
      2870  7.1750000000004217e+00  1.0570470434711396e-01  6.1684043962246298e+00  7.880792e-02  1.072784e+01  2.071747e+00  3.244148e+02  4.204118e+02  1.802603e+04  5.609947e+01  9.756697e+03  5.0648585446239158e+03
      2880  7.2000000000004256e+00  1.0551116433021690e-01  6.2197463188622590e+00  7.601341e-02  1.058653e+01  4.649885e-01  3.099212e+02  2.211737e+02  1.642882e+04  5.211070e+01  8.241785e+03  5.1275767563121481e+03
      2890  7.2250000000004295e+00  1.0531597633580847e-01  6.2738562083918294e+00  7.749797e-02  1.050298e+01 -9.435567e-01  2.990519e+02 -3.472765e+00  1.477792e+04  4.854112e+01  6.995835e+03  5.2001506996902899e+03
      2900  7.2500000000004334e+00  1.0511905520150161e-01  6.3306330094093504e+00  8.223381e-02  1.048736e+01 -2.110830e+00  2.970869e+02 -1.917596e+02  1.452233e+04  4.579432e+01  6.196868e+03  5.2820412163524406e+03
      2910  7.2750000000004373e+00  1.0492032004690746e-01  6.3899136286726410e+00  8.945127e-02  1.054587e+01 -3.154688e+00  3.036295e+02 -3.882700e+02  1.519005e+04  4.327075e+01  5.323062e+03  5.3725523477531478e+03
      2920  7.3000000000004412e+00  1.0471969546977976e-01  6.4515106923840921e+00  9.785557e-02  1.067669e+01 -4.096746e+00  3.204485e+02 -5.885696e+02  1.730792e+04  4.121319e+01  4.755651e+03  5.4719103097365150e+03
      2930  7.3250000000004452e+00  1.0451711304836897e-01  6.5151529716150431e+00  1.069197e-01  1.088125e+01 -4.962976e+00  3.476304e+02 -8.143454e+02  2.100017e+04  4.063468e+01  4.678039e+03  5.5803179476364130e+03
      2940  7.3500000000004491e+00  1.0431251423804724e-01  6.5804873098549681e+00  1.174694e-01  1.114889e+01 -5.687387e+00  3.843524e+02 -1.059830e+03  2.629301e+04  4.120940e+01  5.071075e+03  5.6984140692854407e+03
      2950  7.3750000000004530e+00  1.0410585250700870e-01  6.6470930941146236e+00  1.299155e-01  1.147507e+01 -6.009968e+00  4.292313e+02 -1.275501e+03  3.268686e+04  4.325915e+01  6.308749e+03  5.8271305694131061e+03
      2960  7.4000000000004569e+00  1.0389709616840259e-01  6.7144373134843862e+00  1.449214e-01  1.184588e+01 -5.729233e+00  4.787427e+02 -1.401983e+03  3.941604e+04  4.671634e+01  8.471944e+03  5.9655425053982281e+03
      2970  7.4250000000004608e+00  1.0368623138948312e-01  6.7819292015511135e+00  1.634980e-01  1.224904e+01 -4.487479e+00  5.318425e+02 -1.372875e+03  4.643146e+04  5.149567e+01  1.149871e+04  6.1108636341244619e+03
      2980  7.4500000000004647e+00  1.0347326226871166e-01  6.8490294404016918e+00  1.854929e-01  1.267111e+01 -2.135859e+00  5.882119e+02 -1.145751e+03  5.399816e+04  5.700968e+01  1.523681e+04  6.2596771604168498e+03
      2990  7.4750000000004686e+00  1.0325820818363912e-01  6.9153069786787285e+00  2.092376e-01  1.309823e+01  1.131983e+00  6.453557e+02 -7.131468e+02  6.196482e+04  6.256318e+01  1.942243e+04  6.4082096737484835e+03
      3000  7.5000000000004725e+00  1.0304109991652369e-01  6.9804660911498129e+00  2.327831e-01  1.351826e+01  5.040023e+00  7.017315e+02 -9.612295e+01  7.025917e+04  6.780902e+01  2.362640e+04  6.5526448312444791e+03
      3010  7.5250000000004764e+00  1.0282197532104369e-01  7.0443454825704261e+00  2.548285e-01  1.391911e+01  9.323846e+00  7.584114e+02  6.586075e+02  7.931569e+04  7.283198e+01  2.770087e+04  6.6894729841965291e+03
      3020  7.5500000000004803e+00  1.0260087549877914e-01  7.1068961649225315e+00  2.748774e-01  1.428157e+01  1.372797e+01  8.137271e+02  1.506576e+03  8.901323e+04  7.772563e+01  3.173476e+04  6.8153896912882337e+03
      3030  7.5750000000004842e+00  1.0237784106371285e-01  7.1682053819737588e+00  2.930215e-01  1.457373e+01  1.799730e+01  8.599029e+02  2.382665e+03  9.795327e+04  8.212759e+01  3.553029e+04  6.9279178334347262e+03
      3040  7.6000000000004881e+00  1.0215290728007659e-01  7.2285291195897035e+00  3.096395e-01  1.476264e+01  2.183057e+01  8.885601e+02  3.185223e+03  1.042503e+05  8.526078e+01  3.836483e+04  7.0265244908751447e+03
      3050  7.6250000000004921e+00  1.0192609918378903e-01  7.2882551864269942e+00  3.253685e-01  1.483989e+01  2.510210e+01  8.975698e+02  3.858815e+03  1.073015e+05  8.677191e+01  3.981145e+04  7.1127134511214535e+03
      3060  7.6500000000004960e+00  1.0169742878908340e-01  7.3478152700213997e+00  3.411962e-01  1.482855e+01  2.791677e+01  8.920387e+02  4.435059e+03  1.084187e+05  8.681362e+01  3.997037e+04  7.1890140874868230e+03
      3070  7.6750000000004999e+00  1.0146689490544830e-01  7.4076176448224595e+00  3.582340e-01  1.477184e+01  3.056886e+01  8.807302e+02  4.991926e+03  1.096016e+05  8.577915e+01  3.915194e+04  7.2580617294025533e+03
      3080  7.7000000000005038e+00  1.0123448416443720e-01  7.4680353686677954e+00  3.770667e-01  1.471292e+01  3.338954e+01  8.718848e+02  5.590917e+03  1.122253e+05  8.399223e+01  3.755081e+04  7.3223670417039320e+03
      3090  7.7250000000005077e+00  1.0100017195797283e-01  7.5294178388348119e+00  3.971090e-01  1.467591e+01  3.647837e+01  8.692032e+02  6.223872e+03  1.164331e+05  8.148229e+01  3.515817e+04  7.3844233942311776e+03
      3100  7.7500000000005116e+00  1.0076392294538014e-01  7.5921031786686193e+00  4.170049e-01  1.467281e+01  3.967486e+01  8.724472e+02  6.847807e+03  1.217760e+05  7.817375e+01  3.206623e+04  7.4469239500017775e+03
      3110  7.7750000000005155e+00  1.0052569136524472e-01  7.6564190186733736e+00  4.354932e-01  1.471983e+01  4.283277e+01  8.828260e+02  7.461356e+03  1.283286e+05  7.422083e+01  2.861677e+04  7.5127289380451984e+03
      3120  7.8000000000005194e+00  1.0028542131390684e-01  7.7226897568330486e+00  4.519155e-01  1.483944e+01  4.600616e+01  9.046601e+02  8.096472e+03  1.364493e+05  6.989447e+01  2.516666e+04  7.5849205632021785e+03
      3130  7.8250000000005233e+00  1.0004304664788871e-01  7.7912455163194672e+00  4.662181e-01  1.506032e+01  4.934967e+01  9.420836e+02  8.765529e+03  1.461979e+05  6.566976e+01  2.199908e+04  7.6672319650025402e+03
      3140  7.8500000000005272e+00  9.9798491237506753e-02  7.8623837716252281e+00  4.785364e-01  1.541332e+01  5.291704e+01  9.989751e+02  9.493249e+03  1.583887e+05  6.208461e+01  1.930658e+04  7.7642001473245964e+03
      3150  7.8750000000005311e+00  9.9551671294839494e-02  7.9362762736464836e+00  4.889763e-01  1.591980e+01  5.660366e+01  1.080776e+03  1.032283e+04  1.749851e+05  5.932992e+01  1.709542e+04  7.8805975637903321e+03
      3160  7.9000000000005350e+00  9.9302501140024133e-02  8.0128482033051700e+00  4.975478e-01  1.658362e+01  6.026671e+01  1.192661e+03  1.125882e+04  1.975111e+05  5.753438e+01  1.544604e+04  8.0200602878046575e+03
      3170  7.9250000000005389e+00  9.9050902633847998e-02  8.0916779338203213e+00  5.043672e-01  1.738519e+01  6.371546e+01  1.336322e+03  1.227028e+04  2.267281e+05  5.661574e+01  1.428982e+04  8.1834725918584763e+03
      3180  7.9500000000005429e+00  9.8796816502216431e-02  8.1719886738989800e+00  5.099624e-01  1.828298e+01  6.656147e+01  1.504223e+03  1.321275e+04  2.614676e+05  5.646908e+01  1.351876e+04  8.3678744048502704e+03
      3190  7.9750000000005468e+00  9.8540212003219538e-02  8.2527611451694654e+00  5.151240e-01  1.922094e+01  6.837414e+01  1.683514e+03  1.384313e+04  2.983936e+05  5.659625e+01  1.282666e+04  8.5663452735550400e+03
      3200  8.0000000000005507e+00  9.8281091274950202e-02  8.3329527714149556e+00  5.206775e-01  2.015119e+01  6.919194e+01  1.862910e+03  1.415741e+04  3.360286e+05  5.653785e+01  1.224452e+04  8.7699586925765470e+03
      3210  8.0250000000005457e+00  9.8019486510246195e-02  8.4117036032045469e+00  5.264594e-01  2.103788e+01  6.926638e+01  2.030749e+03  1.422095e+04  3.716218e+05  5.680169e+01  1.193372e+04  8.9708508886729578e+03
      3220  8.0500000000005407e+00  9.7755453101419337e-02  8.4883906619530194e+00  5.303829e-01  2.179745e+01  6.881067e+01  2.162847e+03  1.422894e+04  3.990191e+05  5.735446e+01  1.206423e+04  9.1636007618361218e+03
      3230  8.0750000000005357e+00  9.7489061737842025e-02  8.5626759205475427e+00  5.299656e-01  2.232403e+01  6.723357e+01  2.230063e+03  1.390875e+04  4.081485e+05  5.752398e+01  1.221648e+04  9.3461842474019541e+03
      3240  8.1000000000005308e+00  9.7220388741728392e-02  8.6345364114779262e+00  5.242908e-01  2.255271e+01  6.434281e+01  2.217961e+03  1.307924e+04  3.965614e+05  5.694967e+01  1.185029e+04  9.5202625686834435e+03
      3250  8.1250000000005258e+00  9.6949508101616136e-02  8.7041237624782344e+00  5.147385e-01  2.248412e+01  6.118954e+01  2.137996e+03  1.225524e+04  3.697080e+05  5.604417e+01  1.124360e+04  9.6890552352482428e+03
      3260  8.1500000000005208e+00  9.6676488485049783e-02  8.7716052556545741e+00  5.050740e-01  2.216321e+01  5.857367e+01  2.009882e+03  1.162682e+04  3.335809e+05  5.449147e+01  1.043097e+04  9.8547275048107877e+03
      3270  8.1750000000005159e+00  9.6401394572277616e-02  8.8370496581950810e+00  5.000049e-01  2.166349e+01  5.729189e+01  1.856484e+03  1.129922e+04  2.946268e+05  5.218244e+01  9.449121e+03  1.0016019865545344e+04
      3280  8.2000000000005109e+00  9.6124289900285376e-02  8.9004762452411583e+00  5.034815e-01  2.107419e+01  5.770564e+01  1.712220e+03  1.128224e+04  2.634255e+05  4.987767e+01  8.573760e+03  1.0168775291345704e+04
      3290  8.2250000000005059e+00  9.5845235648016294e-02  8.9620227632395881e+00  5.173165e-01  2.046037e+01  5.932856e+01  1.586047e+03  1.133589e+04  2.391802e+05  4.839622e+01  7.898094e+03  1.0309513927718195e+04
      3300  8.2500000000005009e+00  9.5564286337153789e-02  9.0219538026657986e+00  5.403309e-01  1.981766e+01  6.078072e+01  1.460698e+03  1.108390e+04  2.142051e+05  4.707663e+01  7.227097e+03  1.0437409405888699e+04
      3310  8.2750000000004960e+00  9.5281487782855473e-02  9.0805330613171780e+00  5.691958e-01  1.911282e+01  6.149327e+01  1.329288e+03  1.051595e+04  1.875041e+05  4.468265e+01  6.280781e+03  1.0552186627980685e+04
      3320  8.3000000000004910e+00  9.4996877573358382e-02  9.1380493029548582e+00  5.993532e-01  1.840391e+01  6.135101e+01  1.207224e+03  9.857623e+03  1.644749e+05  4.286152e+01  5.726794e+03  1.0652784427439010e+04
      3330  8.3250000000004860e+00  9.4710480818423287e-02  9.1950399605596473e+00  6.251174e-01  1.773330e+01  5.955274e+01  1.085901e+03  8.844235e+03  1.397808e+05  4.075256e+01  5.250455e+03  1.0741971150422403e+04
      3340  8.3500000000004810e+00  9.4422302306774619e-02  9.2522514352786800e+00  6.424947e-01  1.715859e+01  5.611372e+01  9.727888e+02  7.541292e+03  1.139113e+05  3.813375e+01  4.467026e+03  1.0826807727395528e+04
      3350  8.3750000000004761e+00  9.4132321515331546e-02  9.3105757830341620e+00  6.527122e-01  1.675433e+01  5.242909e+01  8.914713e+02  6.440391e+03  9.515745e+04  3.628921e+01  3.886170e+03  1.0916218531135335e+04
      3360  8.4000000000004711e+00  9.3840487852671517e-02  9.3710125326155875e+00  6.591708e-01  1.649771e+01  4.882737e+01  8.352615e+02  5.516485e+03  8.196657e+04  3.462419e+01  3.557988e+03  1.1021777173546914e+04
      3370  8.4250000000004661e+00  9.3546722164899926e-02  9.4343387414769282e+00  6.652806e-01  1.634779e+01  4.531912e+01  7.922732e+02  4.638218e+03  7.113182e+04  3.279867e+01  3.003175e+03  1.1154512460652004e+04
      3380  8.4500000000004611e+00  9.3250926322471478e-02  9.5009835052277758e+00  6.734864e-01  1.628316e+01  4.276665e+01  7.726161e+02  4.070491e+03  6.591965e+04  3.180809e+01  2.725287e+03  1.1322284532471120e+04
      3390  8.4750000000004562e+00  9.2952995237467084e-02  9.5709373662089554e+00  6.830336e-01  1.627185e+01  4.094982e+01  7.656889e+02  3.687718e+03  6.364691e+04  3.166780e+01  2.705214e+03  1.1528217459906620e+04
      3400  8.5000000000004512e+00  9.2652832164000540e-02  9.6436917233682387e+00  6.922330e-01  1.628480e+01  3.979431e+01  7.660645e+02  3.471793e+03  6.325562e+04  3.179589e+01  2.750467e+03  1.1769193535986142e+04
      3410  8.5250000000004462e+00  9.2350361061674976e-02  9.7184891391412300e+00  7.012473e-01  1.634559e+01  3.975006e+01  7.772102e+02  3.493590e+03  6.528767e+04  3.281594e+01  3.052340e+03  1.2040224899221404e+04
      3420  8.5500000000004412e+00  9.2045529842751050e-02  9.7945416915737784e+00  7.125752e-01  1.648740e+01  4.114610e+01  8.030000e+02  3.789105e+03  7.012873e+04  3.461136e+01  3.644856e+03  1.2341013182621249e+04
      3430  8.5750000000004363e+00  9.1738315689380179e-02  9.8706999470129428e+00  7.298657e-01  1.675226e+01  4.424590e+01  8.486379e+02  4.368645e+03  7.790179e+04  3.689096e+01  4.474613e+03  1.2671253263028277e+04
      3440  8.6000000000004313e+00  9.1428740057604471e-02  9.9453252853860885e+00  7.546913e-01  1.717401e+01  4.908909e+01  9.232192e+02  5.271075e+03  9.030510e+04  3.979296e+01  5.674489e+03  1.3026032292483700e+04
      3450  8.6250000000004263e+00  9.1116878687781760e-02  1.0016639087814674e+01  7.850971e-01  1.775679e+01  5.574334e+01  1.039403e+03  6.673839e+03  1.123189e+05  4.307938e+01  7.253193e+03  1.3398343255833535e+04
      3460  8.6500000000004214e+00  9.0802862092846798e-02  1.0082917250520655e+01  8.175026e-01  1.849507e+01  6.426970e+01  1.207827e+03  8.805838e+03  1.494443e+05  4.644842e+01  9.039061e+03  1.3779337877934082e+04
      3470  8.6750000000004164e+00  9.0486873339471585e-02  1.0142523563035432e+01  8.479545e-01  1.932655e+01  7.431845e+01  1.427977e+03  1.178952e+04  2.064664e+05  4.967887e+01  1.094344e+04  1.4158619038882473e+04
      3480  8.7000000000004114e+00  9.0169143459108508e-02  1.0194054714765906e+01  8.715426e-01  2.012355e+01  8.414063e+01  1.675032e+03  1.516920e+04  2.794800e+05  5.283500e+01  1.290994e+04  1.4524241019648920e+04
      3490  8.7250000000004064e+00  8.9849940878188206e-02  1.0236556102795689e+01  8.822980e-01  2.071482e+01  9.101597e+01  1.890173e+03  1.808231e+04  3.523192e+05  5.555276e+01  1.487612e+04  1.4861605151558239e+04
      3500  8.7500000000004015e+00  8.9529554416289861e-02  1.0269723057610827e+01  8.769421e-01  2.090720e+01  9.256813e+01  1.989769e+03  1.937393e+04  3.917974e+05  5.641625e+01  1.565285e+04  1.5157139999964251e+04
      3510  8.7750000000003965e+00  8.9208270226804928e-02  1.0294082767996574e+01  8.597304e-01  2.064589e+01  8.846515e+01  1.932179e+03  1.822082e+04  3.708016e+05  5.476220e+01  1.445672e+04  1.5405078165790732e+04
      3520  8.8000000000003915e+00  8.8886343990280878e-02  1.0311065235293826e+01  8.442267e-01  2.009608e+01  8.152145e+01  1.767221e+03  1.541076e+04  3.110036e+05  5.189887e+01  1.208871e+04  1.5613557902975710e+04
      3530  8.8250000000003865e+00  8.8563977729488930e-02  1.0322528247606403e+01  8.416865e-01  1.946593e+01  7.586789e+01  1.591167e+03  1.319960e+04  2.602274e+05  4.928013e+01  1.005390e+04  1.5803170257142383e+04
      3540  8.8500000000003816e+00  8.8241321891359803e-02  1.0329764347414416e+01  8.519803e-01  1.890784e+01  7.309158e+01  1.440418e+03  1.170005e+04  2.177937e+05  4.859951e+01  9.444618e+03  1.5990528731968217e+04
      3550  8.8750000000003766e+00  8.7918500983969125e-02  1.0333176676892970e+01  8.668546e-01  1.844094e+01  7.221743e+01  1.309729e+03  1.049631e+04  1.782188e+05  4.938301e+01  9.639243e+03  1.6177890575084459e+04
      3560  8.9000000000003716e+00  8.7595636015634165e-02  1.0332630266809300e+01  8.769314e-01  1.806122e+01  7.104862e+01  1.215279e+03  9.673186e+03  1.567761e+05  5.043859e+01  1.003458e+04  1.6360167767118508e+04
      3570  8.9250000000003666e+00  8.7272858522355459e-02  1.0327554513624827e+01  8.766659e-01  1.770974e+01  6.848108e+01  1.140795e+03  8.856390e+03  1.420599e+05  5.065398e+01  9.784131e+03  1.6530067286443562e+04
      3580  8.9500000000003617e+00  8.6950324793970940e-02  1.0316925959979605e+01  8.668945e-01  1.734610e+01  6.452511e+01  1.065494e+03  7.835331e+03  1.246510e+05  4.989055e+01  8.950833e+03  1.6678998011824096e+04
      3590  8.9750000000003567e+00  8.6628227950524730e-02  1.0299451713677005e+01  8.511226e-01  1.696837e+01  5.992190e+01  9.880921e+02  6.740718e+03  1.066111e+05  4.826675e+01  7.858453e+03  1.6796289983243809e+04
      3600  9.0000000000003517e+00  8.6306800373783216e-02  1.0274000255735901e+01  8.321406e-01  1.657887e+01  5.514290e+01  9.220003e+02  5.823789e+03  9.422772e+04  4.643262e+01  7.066814e+03  1.6870664765228295e+04
      3610  9.0250000000003467e+00  8.5986301140421856e-02  1.0240054914261439e+01  8.158094e-01  1.621181e+01  5.144695e+01  8.777212e+02  5.210379e+03  8.825253e+04  4.572439e+01  7.080959e+03  1.6896034994922196e+04
      3620  9.0500000000003418e+00  8.5666993370822356e-02  1.0197853517956936e+01  8.051603e-01  1.580027e+01  4.800520e+01  8.232662e+02  4.539653e+03  8.035070e+04  4.440580e+01  6.937103e+03  1.6872841460194948e+04
      3630  9.0750000000003368e+00  8.5349123296335649e-02  1.0148157762383605e+01  7.985636e-01  1.533726e+01  4.446119e+01  7.497781e+02  3.836885e+03  6.802628e+04  4.208353e+01  6.207400e+03  1.6802571231771879e+04
      3640  9.1000000000003318e+00  8.5032909830203479e-02  1.0091913536982130e+01  7.980752e-01  1.486878e+01  4.123192e+01  6.655813e+02  3.189505e+03  5.316601e+04  3.957052e+01  5.179919e+03  1.6681788648788654e+04
      3650  9.1250000000003268e+00  8.4718540231241951e-02  1.0030241539597608e+01  8.080274e-01  1.441624e+01  3.924514e+01  5.972919e+02  2.760165e+03  4.262261e+04  3.740157e+01  4.394427e+03  1.6506097917713560e+04
      3660  9.1500000000003219e+00  8.4406162647446312e-02  9.9645279026300955e+00  8.277507e-01  1.400199e+01  3.866136e+01  5.490203e+02  2.540069e+03  3.644784e+04  3.539149e+01  3.742926e+03  1.6279297725326029e+04
      3670  9.1750000000003169e+00  8.4095880318444213e-02  9.8962285802158103e+00  8.526298e-01  1.369100e+01  3.901872e+01  5.175826e+02  2.458915e+03  3.291767e+04  3.355096e+01  3.233229e+03  1.6012496691431503e+04
      3680  9.2000000000003119e+00  8.3787751140849742e-02  9.8268120718645520e+00  8.791536e-01  1.348579e+01  4.026185e+01  5.006293e+02  2.532673e+03  3.141134e+04  3.192255e+01  2.862756e+03  1.5718141741891992e+04
      3690  9.2250000000003070e+00  8.3481786012891274e-02  9.7578301286669173e+00  9.059097e-01  1.336598e+01  4.187919e+01  4.933120e+02  2.662428e+03  3.087828e+04  3.075166e+01  2.638028e+03  1.5407091298115944e+04
      3700  9.2500000000003020e+00  8.3177947751625098e-02  9.6908024440118297e+00  9.316428e-01  1.329220e+01  4.346311e+01  4.910480e+02  2.775374e+03  3.070986e+04  3.006240e+01  2.549324e+03  1.5088778227542172e+04
      3710  9.2750000000002970e+00  8.2876153798145877e-02  9.6271102933995092e+00  9.540756e-01  1.322915e+01  4.494489e+01  4.886545e+02  2.867000e+03  3.039058e+04  2.944907e+01  2.470734e+03  1.4772865552335401e+04
      3720  9.3000000000002920e+00  8.2576281502275695e-02  9.5679144295553495e+00  9.717007e-01  1.315079e+01  4.604586e+01  4.844606e+02  2.935982e+03  3.008897e+04  2.847654e+01  2.305966e+03  1.4468431358644033e+04
      3730  9.3250000000002871e+00  8.2278176880303047e-02  9.5140285773275153e+00  9.846285e-01  1.307000e+01  4.682872e+01  4.808129e+02  2.997840e+03  3.004301e+04  2.754608e+01  2.148760e+03  1.4182445368014285e+04
      3740  9.3500000000002821e+00  8.1981667415501197e-02  9.4658058336939739e+00  9.932211e-01  1.298592e+01  4.730549e+01  4.778312e+02  3.041560e+03  3.014607e+04  2.689586e+01  2.078034e+03  1.3918944039520466e+04
      3750  9.3750000000002771e+00  8.1686576267476690e-02  9.4231948454847334e+00  9.968757e-01  1.287692e+01  4.719327e+01  4.704565e+02  3.014964e+03  2.953575e+04  2.650460e+01  2.093026e+03  1.3678935007700818e+04
      3760  9.4000000000002721e+00  8.1392730940726327e-02  9.3860009766563230e+00  9.939256e-01  1.271614e+01  4.624848e+01  4.554139e+02  2.887765e+03  2.787666e+04  2.616759e+01  2.115477e+03  1.3462946871341424e+04
      3770  9.4250000000002672e+00  8.1099965677477320e-02  9.3539667745302602e+00  9.834687e-01  1.249551e+01  4.442300e+01  4.325202e+02  2.650796e+03  2.511774e+04  2.571151e+01  2.069683e+03  1.3271282846329337e+04
      3780  9.4500000000002622e+00  8.0808125212171594e-02  9.3266702382510456e+00  9.659006e-01  1.222222e+01  4.197651e+01  4.049386e+02  2.359797e+03  2.193149e+04  2.504413e+01  1.924090e+03  1.3102363168375177e+04
      3790  9.4750000000002572e+00  8.0517069432015129e-02  9.3035944670672031e+00  9.429094e-01  1.192367e+01  3.931307e+01  3.781339e+02  2.095849e+03  1.931630e+04  2.440728e+01  1.786696e+03  1.2955421108329265e+04
      3800  9.5000000000002522e+00  8.0226674533132480e-02  9.2842240208956888e+00  9.174275e-01  1.163024e+01  3.685393e+01  3.555476e+02  1.897219e+03  1.752715e+04  2.385780e+01  1.704662e+03  1.2832076953761145e+04
      3810  9.5250000000002473e+00  7.9936833148159914e-02  9.2680149722573884e+00  8.923971e-01  1.136009e+01  3.473760e+01  3.367960e+02  1.749389e+03  1.624184e+04  2.309884e+01  1.576217e+03  1.2733294769336295e+04
      3820  9.5500000000002423e+00  7.9647456368791225e-02  9.2543210536805773e+00  8.692883e-01  1.113470e+01  3.304370e+01  3.233265e+02  1.651956e+03  1.553582e+04  2.239693e+01  1.466033e+03  1.2657837227077966e+04
      3830  9.5750000000002373e+00  7.9358477934143010e-02  9.2423474146184432e+00  8.477348e-01  1.094787e+01  3.164115e+01  3.128348e+02  1.574194e+03  1.501774e+04  2.171172e+01  1.355749e+03  1.2601651092834758e+04
      3840  9.6000000000002323e+00  7.9069857304824326e-02  9.2312791627008437e+00  8.274414e-01  1.079778e+01  3.051832e+01  3.060203e+02  1.531032e+03  1.491314e+04  2.126419e+01  1.281722e+03  1.2558274461939232e+04
      3850  9.6250000000002274e+00  7.8781576634736894e-02  9.2205020507426667e+00  8.091824e-01  1.068259e+01  2.961825e+01  3.027427e+02  1.520527e+03  1.523445e+04  2.099454e+01  1.244737e+03  1.2521803942624994e+04
      3860  9.6500000000002224e+00  7.8493632823229478e-02  9.2096821227305803e+00  7.933520e-01  1.059387e+01  2.878615e+01  2.993944e+02  1.498909e+03  1.534334e+04  2.069884e+01  1.197911e+03  1.2487727911849761e+04
      3870  9.6750000000002174e+00  7.8206028730347210e-02  9.1987598457316704e+00  7.795133e-01  1.053403e+01  2.797890e+01  2.970072e+02  1.469768e+03  1.542024e+04  2.057370e+01  1.192536e+03  1.2452436192710367e+04
      3880  9.7000000000002125e+00  7.7918765429816503e-02  9.1878901580439507e+00  7.673462e-01  1.050019e+01  2.713707e+01  2.948410e+02  1.422753e+03  1.529784e+04  2.050728e+01  1.194833e+03  1.2414135602022066e+04
      3890  9.7250000000002075e+00  7.7631837179837682e-02  9.1773420121928257e+00  7.571022e-01  1.048753e+01  2.630093e+01  2.920646e+02  1.351638e+03  1.488305e+04  2.036912e+01  1.168793e+03  1.2372929526233989e+04
      3900  9.7500000000002025e+00  7.7345229156350448e-02  9.1674184970766319e+00  7.494112e-01  1.049708e+01  2.565542e+01  2.903209e+02  1.289194e+03  1.443685e+04  2.026891e+01  1.145843e+03  1.2329157184466665e+04
      3910  9.7750000000001975e+00  7.7058917174208805e-02  9.1584171155802370e+00  7.443792e-01  1.052142e+01  2.522724e+01  2.887465e+02  1.232446e+03  1.391565e+04  2.013470e+01  1.111376e+03  1.2282264682312289e+04
      3920  9.8000000000001926e+00  7.6772867272120709e-02  9.1506791122371087e+00  7.414991e-01  1.055659e+01  2.503770e+01  2.881923e+02  1.195257e+03  1.351364e+04  2.003179e+01  1.068874e+03  1.2232178891536745e+04
      3930  9.8250000000001876e+00  7.6487033620933162e-02  9.1446228621063490e+00  7.404681e-01  1.060678e+01  2.524024e+01  2.899418e+02  1.203900e+03  1.344926e+04  2.010566e+01  1.062749e+03  1.2179752346683472e+04
      3940  9.8500000000001826e+00  7.6201356538063703e-02  9.1407190219730250e+00  7.404377e-01  1.066987e+01  2.575401e+01  2.944103e+02  1.253257e+03  1.380054e+04  2.019414e+01  1.073679e+03  1.2126592273597938e+04
      3950  9.8750000000001776e+00  7.5915760937723259e-02  9.1394859932215393e+00  7.397178e-01  1.074597e+01  2.641051e+01  3.013958e+02  1.328919e+03  1.452232e+04  2.026511e+01  1.089018e+03  1.2077526260523578e+04
      3960  9.9000000000001727e+00  7.5630156124408043e-02  9.1413716510537473e+00  7.370096e-01  1.083933e+01  2.710435e+01  3.120117e+02  1.431986e+03  1.577076e+04  2.040295e+01  1.113397e+03  1.2040722653169911e+04
      3970  9.9250000000001677e+00  7.5344441990627647e-02  9.1464812967783011e+00  7.317217e-01  1.095006e+01  2.772311e+01  3.271430e+02  1.544177e+03  1.770976e+04  2.058911e+01  1.145179e+03  1.2023109883595389e+04
      3980  9.9500000000001627e+00  7.5058522725071991e-02  9.1544245038216143e+00  7.238764e-01  1.107486e+01  2.817991e+01  3.462209e+02  1.636898e+03  2.038504e+04  2.083384e+01  1.199623e+03  1.2026760216501167e+04
      3990  9.9750000000001577e+00  7.4772321185291701e-02  9.1644148669226748e+00  7.142809e-01  1.121179e+01  2.847525e+01  3.672036e+02  1.709718e+03  2.340647e+04  2.124267e+01  1.308244e+03  1.2050834160567872e+04
      4000  1.0000000000000153e+01  7.4485789421514459e-02  9.1753662420467084e+00  7.038414e-01  1.135689e+01  2.859699e+01  3.893279e+02  1.768734e+03  2.655589e+04  2.190228e+01  1.497095e+03  1.2093860366887860e+04
