         0  0.0000000000000000e+00  1.2500000000000000e-01  3.7500000000000000e-01 -0.000000e+00  3.375000e+00 -0.000000e+00  1.562500e+01 -0.000000e+00  8.374023e+01  3.375000e+00  1.562500e+01  1.1250000000000000e+00
        10  2.4999999999999998e-02  1.2499375003257537e-01  3.7500566256708001e-01  1.325812e-02  3.375301e+00  1.325908e-01  1.563092e+01  1.087845e+00  8.381024e+01  3.373816e+00  1.561447e+01  1.1252123105844198e+00
        20  5.0000000000000010e-02  1.2498749959641636e-01  3.7506015113603874e-01  2.651704e-02  3.376204e+00  2.652476e-01  1.564870e+01  2.177351e+00  8.402039e+01  3.370276e+00  1.558301e+01  1.1259620422823897e+00
        30  7.5000000000000025e-02  1.2498124787740433e-01  3.7516348773047953e-01  3.977839e-02  3.377709e+00  3.980448e-01  1.567835e+01  3.270250e+00  8.437116e+01  3.364416e+00  1.553102e+01  1.1272502902571002e+00
        40  1.0000000000000005e-01  1.2497499406069368e-01  3.7531572199298008e-01  5.304380e-02  3.379818e+00  5.310567e-01  1.571989e+01  4.368276e+00  8.486335e+01  3.356296e+00  1.545918e+01  1.1290790114716764e+00
        50  1.2500000000000006e-01  1.2496873733025528e-01  3.7551693108700152e-01  6.631481e-02  3.382531e+00  6.643573e-01  1.577336e+01  5.473168e+00  8.549809e+01  3.345997e+00  1.536839e+01  1.1314510276524465e+00
        60  1.5000000000000008e-01  1.2496247686842356e-01  3.7576721957519815e-01  7.959287e-02  3.385850e+00  7.980199e-01  1.583881e+01  6.586665e+00  8.627686e+01  3.333623e+00  1.525981e+01  1.1343700298549508e+00
        70  1.7500000000000010e-01  1.2495621185544710e-01  3.7606671927474078e-01  9.287937e-02  3.389776e+00  9.321173e-01  1.591630e+01  7.710511e+00  8.720143e+01  3.319297e+00  1.513480e+01  1.1378405846656023e+00
        80  2.0000000000000012e-01  1.2494994146904254e-01  3.7641558909045247e-01  1.061755e-01  3.394312e+00  1.066721e+00  1.600589e+01  8.846456e+00  8.827391e+01  3.303162e+00  1.499494e+01  1.1418681420827737e+00
        90  2.2500000000000014e-01  1.2494366488395252e-01  3.7681401482670762e-01  1.194825e-01  3.399459e+00  1.201903e+00  1.610767e+01  9.996252e+00  8.949673e+01  3.285378e+00  1.484196e+01  1.1464590451318681e+00
       100  2.5000000000000017e-01  1.2493738127150719e-01  3.7726220897919233e-01  1.328011e-01  3.405220e+00  1.337732e+00  1.622173e+01  1.116166e+01  9.087265e+01  3.266119e+00  1.467776e+01  1.1516205412799845e+00
       110  2.7500000000000019e-01  1.2493108979919131e-01  3.7776041050778841e-01  1.461323e-01  3.411596e+00  1.474278e+00  1.634815e+01  1.234444e+01  9.240471e+01  3.245574e+00  1.450437e+01  1.1573607957266066e+00
       120  3.0000000000000021e-01  1.2492478963021449e-01  3.7830888459196305e-01  1.594764e-01  3.418592e+00  1.611606e+00  1.648703e+01  1.354635e+01  9.409626e+01  3.223942e+00  1.432390e+01  1.1636889066580274e+00
       130  3.2500000000000023e-01  1.2491847992308602e-01  3.7890792237015614e-01  1.728340e-01  3.426207e+00  1.749782e+00  1.663850e+01  1.476917e+01  9.595097e+01  3.201431e+00  1.413855e+01  1.1706149225643330e+00
       140  3.5000000000000026e-01  1.2491215983119573e-01  3.7955784066478954e-01  1.862051e-01  3.434446e+00  1.888869e+00  1.680265e+01  1.601467e+01  9.797275e+01  3.178258e+00  1.395058e+01  1.1781498617292279e+00
       150  3.7500000000000028e-01  1.2490582850239776e-01  3.8025898169458189e-01  1.995895e-01  3.443308e+00  2.028929e+00  1.697960e+01  1.728460e+01  1.001658e+02  3.154642e+00  1.376225e+01  1.1863057340145895e+00
       160  4.0000000000000030e-01  1.2489948507860035e-01  3.8101171277595153e-01  2.129870e-01  3.452797e+00  2.170020e+00  1.716948e+01  1.858074e+01  1.025346e+02  3.130806e+00  1.357585e+01  1.1950955650736022e+00
       170  4.2500000000000032e-01  1.2489312869536015e-01  3.8181642601534066e-01  2.263968e-01  3.462912e+00  2.312198e+00  1.737240e+01  1.990483e+01  1.050839e+02  3.106975e+00  1.339363e+01  1.2045334231382974e+00
       180  4.5000000000000034e-01  1.2488675848148122e-01  3.8267353799433246e-01  2.398179e-01  3.473655e+00  2.455514e+00  1.758848e+01  2.125861e+01  1.078185e+02  3.083369e+00  1.321781e+01  1.2146344485401628e+00
       190  4.7500000000000037e-01  1.2488037355861864e-01  3.8358348944948151e-01  2.532491e-01  3.485025e+00  2.600019e+00  1.781784e+01  2.264382e+01  1.107437e+02  3.060208e+00  1.305057e+01  1.2254148861352234e+00
       200  5.0000000000000033e-01  1.2487397304088760e-01  3.8454674494873275e-01  2.666887e-01  3.497022e+00  2.745757e+00  1.806059e+01  2.406214e+01  1.138646e+02  3.037706e+00  1.289401e+01  1.2368921208185610e+00
       210  5.2499999999999980e-01  1.2486755603447755e-01  3.8556379256640244e-01  2.801350e-01  3.509644e+00  2.892769e+00  1.831683e+01  2.551526e+01  1.171868e+02  3.016069e+00  1.275015e+01  1.2490847163272940e+00
       220  5.4999999999999927e-01  1.2486112163726799e-01  3.8663514355853185e-01  2.935854e-01  3.522888e+00  3.041091e+00  1.858666e+01  2.700481e+01  1.207159e+02  2.995496e+00  1.262093e+01  1.2620124575457263e+00
       230  5.7499999999999873e-01  1.2485466893845509e-01  3.8776133204052154e-01  3.070376e-01  3.536752e+00  3.190754e+00  1.887018e+01  2.853236e+01  1.244574e+02  2.976177e+00  1.250819e+01  1.2756963965418497e+00
       240  5.9999999999999820e-01  1.2484819701817627e-01  3.8894291466880238e-01  3.204884e-01  3.551230e+00  3.341785e+00  1.916744e+01  3.009947e+01  1.284171e+02  2.958290e+00  1.241366e+01  1.2901589025806439e+00
       250  6.2499999999999767e-01  1.2484170494714415e-01  3.9018047032829128e-01  3.339344e-01  3.566318e+00  3.494203e+00  1.947852e+01  3.170760e+01  1.326006e+02  2.942002e+00  1.233898e+01  1.3054237163770979e+00
       260  6.4999999999999714e-01  1.2483519178628090e-01  3.9147459982725347e-01  3.473721e-01  3.582007e+00  3.648020e+00  1.980345e+01  3.335815e+01  1.370136e+02  2.927467e+00  1.228567e+01  1.3215160088699460e+00
       270  6.7499999999999660e-01  1.2482865658636180e-01  3.9282592560115742e-01  3.607971e-01  3.598289e+00  3.803243e+00  2.014224e+01  3.505242e+01  1.416615e+02  2.914828e+00  1.225516e+01  1.3384624448171030e+00
       280  6.9999999999999607e-01  1.2482209838765806e-01  3.9423509142690766e-01  3.742051e-01  3.615155e+00  3.959870e+00  2.049490e+01  3.679162e+01  1.465498e+02  2.904211e+00  1.224876e+01  1.3562912515344794e+00
       290  7.2499999999999554e-01  1.2481551621958673e-01  3.9570276214883582e-01  3.875911e-01  3.632593e+00  4.117892e+00  2.086138e+01  3.857684e+01  1.516834e+02  2.895730e+00  1.226768e+01  1.3750322931225065e+00
       300  7.4999999999999500e-01  1.2480890910036221e-01  3.9722962341761803e-01  4.009499e-01  3.650589e+00  4.277291e+00  2.124163e+01  4.040904e+01  1.570671e+02  2.889484e+00  1.231301e+01  1.3947171505488261e+00
       310  7.7499999999999447e-01  1.2480227603665539e-01  3.9881638144318593e-01  4.142757e-01  3.669129e+00  4.438040e+00  2.163554e+01  4.228904e+01  1.627054e+02  2.885556e+00  1.238576e+01  1.4153792079817265e+00
       320  7.9999999999999394e-01  1.2479561602325055e-01  4.0046376276255768e-01  4.275625e-01  3.688196e+00  4.600102e+00  2.204298e+01  4.421748e+01  1.686021e+02  2.884018e+00  1.248682e+01  1.4370537457968664e+00
       330  8.2499999999999341e-01  1.2478892804271013e-01  4.0217251402334914e-01  4.408038e-01  3.707772e+00  4.763431e+00  2.246378e+01  4.619484e+01  1.747604e+02  2.884923e+00  1.261698e+01  1.4597780407102621e+00
       340  8.4999999999999287e-01  1.2478221106504210e-01  4.0394340178362598e-01  4.539929e-01  3.727835e+00  4.927968e+00  2.289772e+01  4.822138e+01  1.811831e+02  2.888312e+00  1.277694e+01  1.4835914735231073e+00
       350  8.7499999999999234e-01  1.2477546404736702e-01  4.0577721232851027e-01  4.671224e-01  3.748363e+00  5.093645e+00  2.334452e+01  5.029716e+01  1.878721e+02  2.894211e+00  1.296727e+01  1.5085356449995646e+00
       360  8.9999999999999181e-01  1.2476868593359093e-01  4.0767475150389210e-01  4.801848e-01  3.769331e+00  5.260382e+00  2.380387e+01  5.242199e+01  1.948282e+02  2.902632e+00  1.318847e+01  1.5346545004365708e+00
       370  9.2499999999999127e-01  1.2476187565408035e-01  4.0963684456742017e-01  4.931721e-01  3.790713e+00  5.428087e+00  2.427540e+01  5.459542e+01  2.020514e+02  2.913572e+00  1.344089e+01  1.5619944635264644e+00
       380  9.4999999999999074e-01  1.2475503212533709e-01  4.1166433605672925e-01  5.060761e-01  3.812480e+00  5.596655e+00  2.475867e+01  5.681673e+01  2.095408e+02  2.927017e+00  1.372479e+01  1.5906045801572848e+00
       390  9.7499999999999021e-01  1.2474815424967839e-01  4.1375808967482108e-01  5.188880e-01  3.834600e+00  5.765969e+00  2.525320e+01  5.908488e+01  2.172939e+02  2.942936e+00  1.404031e+01  1.6205366728442876e+00
       400  9.9999999999998967e-01  1.2474124091491605e-01  4.1591898819226536e-01  5.315990e-01  3.857041e+00  5.935898e+00  2.575843e+01  6.139856e+01  2.253071e+02  2.961287e+00  1.438746e+01  1.6518455065377173e+00
       410  1.0249999999999893e+00  1.2473429099403735e-01  4.1814793336583361e-01  5.441997e-01  3.879766e+00  6.106298e+00  2.627374e+01  6.375606e+01  2.335752e+02  2.982017e+00  1.476611e+01  1.6845889666081073e+00
       420  1.0499999999999887e+00  1.2472730334488931e-01  4.2044584587298056e-01  5.566805e-01  3.902740e+00  6.277012e+00  2.679844e+01  6.615538e+01  2.420916e+02  3.005057e+00  1.517599e+01  1.7188282498703129e+00
       430  1.0749999999999882e+00  1.2472027680986103e-01  4.2281366526152353e-01  5.690315e-01  3.925921e+00  6.447870e+00  2.733177e+01  6.859409e+01  2.508478e+02  3.030330e+00  1.561666e+01  1.7546280695723251e+00
       440  1.0999999999999877e+00  1.2471321021556950e-01  4.2525234991370986e-01  5.812427e-01  3.949269e+00  6.618686e+00  2.787290e+01  7.106943e+01  2.598338e+02  3.057746e+00  1.608754e+01  1.7920568753440322e+00
       450  1.1249999999999871e+00  1.2470610237254388e-01  4.2776287702377402e-01  5.933036e-01  3.972739e+00  6.789263e+00  2.842092e+01  7.357821e+01  2.690375e+02  3.087204e+00  1.658786e+01  1.8311870891754658e+00
       460  1.1499999999999866e+00  1.2469895207490997e-01  4.3034624258802906e-01  6.052035e-01  3.996288e+00  6.959390e+00  2.897486e+01  7.611685e+01  2.784450e+02  3.118593e+00  1.711665e+01  1.8720953585730857e+00
       470  1.1749999999999861e+00  1.2469175810007735e-01  4.3300346140639179e-01  6.169318e-01  4.019867e+00  7.128843e+00  2.953366e+01  7.868134e+01  2.880401e+02  3.151792e+00  1.767278e+01  1.9148628281271218e+00
       480  1.1999999999999855e+00  1.2468451920842410e-01  4.3573556709425154e-01  6.284774e-01  4.043427e+00  7.297384e+00  3.009620e+01  8.126728e+01  2.978049e+02  3.186671e+00  1.825488e+01  1.9595754308124831e+00
       490  1.2249999999999850e+00  1.2467723414298230e-01  4.3854361210345982e-01  6.398291e-01  4.066919e+00  7.464766e+00  3.066128e+01  8.386983e+01  3.077191e+02  3.223091e+00  1.886138e+01  2.0063242004406967e+00
       500  1.2499999999999845e+00  1.2466990162912248e-01  4.4142866775127332e-01  6.509758e-01  4.090291e+00  7.630728e+00  3.122764e+01  8.648377e+01  3.177603e+02  3.260907e+00  1.949047e+01  2.0552056067804134e+00
       510  1.2749999999999839e+00  1.2466252037423776e-01  4.4439182425597118e-01  6.619059e-01  4.113491e+00  7.795000e+00  3.179396e+01  8.910345e+01  3.279041e+02  3.299963e+00  2.014015e+01  2.1063219149688508e+00
       520  1.2999999999999834e+00  1.2465508906742889e-01  4.4743419077793894e-01  6.726082e-01  4.136464e+00  7.957301e+00  3.235884e+01  9.172285e+01  3.381240e+02  3.340100e+00  2.080816e+01  2.1597815709469455e+00
       530  1.3249999999999829e+00  1.2464760637918532e-01  4.5055689546493971e-01  6.830711e-01  4.159156e+00  8.117343e+00  3.292083e+01  9.433560e+01  3.483913e+02  3.381151e+00  2.149203e+01  2.2156996147647856e+00
       540  1.3499999999999823e+00  1.2464007096107194e-01  4.5376108550042943e-01  6.932832e-01  4.181513e+00  8.274830e+00  3.347845e+01  9.693496e+01  3.586755e+02  3.422946e+00  2.218906e+01  2.2741981237226230e+00
       550  1.3749999999999818e+00  1.2463248144540315e-01  4.5704792715367198e-01  7.032330e-01  4.203480e+00  8.429461e+00  3.403015e+01  9.951391e+01  3.689445e+02  3.465309e+00  2.289634e+01  2.3354066874334620e+00
       560  1.3999999999999813e+00  1.2462483644493187e-01  4.6041860583060934e-01  7.129091e-01  4.225002e+00  8.580929e+00  3.457436e+01  1.020651e+02  3.791641e+02  3.508062e+00  2.361076e+01  2.3994629170172050e+00
       570  1.4249999999999807e+00  1.2461713455252324e-01  4.6387432612442003e-01  7.223002e-01  4.246024e+00  8.728925e+00  3.510949e+01  1.045811e+02  3.892990e+02  3.551027e+00  2.432903e+01  2.4665129907600045e+00
       580  1.4499999999999802e+00  1.2460937434083644e-01  4.6741631186479882e-01  7.313952e-01  4.266492e+00  8.873139e+00  3.563391e+01  1.070542e+02  3.993128e+02  3.594024e+00  2.504770e+01  2.5367122386963024e+00
       590  1.4749999999999797e+00  1.2460155436200254e-01  4.7104580616516101e-01  7.401830e-01  4.286354e+00  9.013262e+00  3.614600e+01  1.094765e+02  4.091677e+02  3.636872e+00  2.576316e+01  2.6102257686914272e+00
       600  1.4999999999999791e+00  1.2459367314729909e-01  4.7476407146698130e-01  7.486528e-01  4.305558e+00  9.148987e+00  3.664414e+01  1.118400e+02  4.188256e+02  3.679395e+00  2.647172e+01  2.6872291367182264e+00
       610  1.5249999999999786e+00  1.2458572920683336e-01  4.7857238958070708e-01  7.567939e-01  4.324055e+00  9.280011e+00  3.712673e+01  1.141370e+02  4.282479e+02  3.721418e+00  2.716961e+01  2.7679090641289887e+00
       620  1.5499999999999781e+00  1.2457772102920892e-01  4.8247206172278889e-01  7.645960e-01  4.341796e+00  9.406039e+00  3.759220e+01  1.163595e+02  4.373960e+02  3.762772e+00  2.785301e+01  2.8524642048186912e+00
       630  1.5749999999999775e+00  1.2456964708120774e-01  4.8646440854852263e-01  7.720491e-01  4.358736e+00  9.526783e+00  3.803902e+01  1.184998e+02  4.462317e+02  3.803293e+00  2.851813e+01  2.9411059652570617e+00
       640  1.5999999999999770e+00  1.2456150580746184e-01  4.9055077018055282e-01  7.791434e-01  4.374833e+00  9.641966e+00  3.846569e+01  1.205504e+02  4.547175e+02  3.842825e+00  2.916122e+01  3.0340593804249609e+00
       650  1.6249999999999765e+00  1.2455329563012794e-01  4.9473250623317067e-01  7.858694e-01  4.390046e+00  9.751324e+00  3.887082e+01  1.225040e+02  4.628169e+02  3.881219e+00  2.977862e+01  3.1315640487243694e+00
       660  1.6499999999999759e+00  1.2454501494856003e-01  4.9901099583253095e-01  7.922181e-01  4.404340e+00  9.854608e+00  3.925307e+01  1.243536e+02  4.704950e+02  3.918340e+00  3.036683e+01  3.2338751289308085e+00
       670  1.6749999999999754e+00  1.2453666213898400e-01  5.0338763763336003e-01  7.981808e-01  4.417682e+00  9.951582e+00  3.961118e+01  1.260928e+02  4.777187e+02  3.954060e+00  3.092253e+01  3.3412644022162210e+00
       680  1.6999999999999749e+00  1.2452823555416928e-01  5.0786384983272992e-01  8.037493e-01  4.430042e+00  1.004203e+01  3.994403e+01  1.277155e+02  4.844573e+02  3.988267e+00  3.144264e+01  3.4540214021801381e+00
       690  1.7249999999999743e+00  1.2451973352310138e-01  5.1244107018186924e-01  8.089158e-01  4.441398e+00  1.012576e+01  4.025058e+01  1.292162e+02  4.906824e+02  4.020862e+00  3.192440e+01  3.5724546156772181e+00
       700  1.7499999999999738e+00  1.2451115435065295e-01  5.1712075599704677e-01  8.136728e-01  4.451729e+00  1.020260e+01  4.052993e+01  1.305899e+02  4.963688e+02  4.051762e+00  3.236535e+01  3.6968927570094872e+00
       710  1.7749999999999733e+00  1.2450249631725818e-01  5.2190438417100404e-01  8.180135e-01  4.461020e+00  1.027238e+01  4.078131e+01  1.318324e+02  5.014945e+02  4.080898e+00  3.276341e+01  3.8276861177477328e+00
       720  1.7999999999999727e+00  1.2449375767858341e-01  5.2679345118649445e-01  8.219314e-01  4.469262e+00  1.033499e+01  4.100410e+01  1.329400e+02  5.060407e+02  4.108220e+00  3.311694e+01  3.9652079940486300e+00
       730  1.8249999999999722e+00  1.2448493666519513e-01  5.3178947313393976e-01  8.254205e-01  4.476450e+00  1.039031e+01  4.119781e+01  1.339099e+02  5.099928e+02  4.133698e+00  3.342472e+01  4.1098561928207600e+00
       740  1.8499999999999717e+00  1.2447603148223807e-01  5.3689398573535629e-01  8.284753e-01  4.482585e+00  1.043827e+01  4.136211e+01  1.347400e+02  5.133396e+02  4.157317e+00  3.368605e+01  4.2620546174552238e+00
       750  1.8749999999999711e+00  1.2446704030909633e-01  5.4210854437708789e-01  8.310909e-01  4.487674e+00  1.047880e+01  4.149684e+01  1.354289e+02  5.160743e+02  4.179084e+00  3.390071e+01  4.4222549330510024e+00
       760  1.8999999999999706e+00  1.2445796129907100e-01  5.4743472415436378e-01  8.332626e-01  4.491728e+00  1.051189e+01  4.160200e+01  1.359761e+02  5.181938e+02  4.199025e+00  3.406901e+01  4.5909383101144057e+00
       770  1.9249999999999701e+00  1.2444879257904445e-01  5.5287411993079072e-01  8.349863e-01  4.494766e+00  1.053751e+01  4.167773e+01  1.363818e+02  5.196995e+02  4.217187e+00  3.419182e+01  4.7686172445791186e+00
       780  1.9499999999999695e+00  1.2443953224914875e-01  5.5842834641656924e-01  8.362584e-01  4.496812e+00  1.055570e+01  4.172435e+01  1.366470e+02  5.205967e+02  4.233638e+00  3.427057e+01  4.9558374506522114e+00
       790  1.9749999999999690e+00  1.2443017838243325e-01  5.6409903826958641e-01  8.370757e-01  4.497896e+00  1.056648e+01  4.174233e+01  1.367734e+02  5.208946e+02  4.248465e+00  3.430725e+01  5.1531798214234392e+00
       800  1.9999999999999685e+00  1.2442072902452710e-01  5.6988785022403143e-01  8.374355e-01  4.498054e+00  1.056992e+01  4.173232e+01  1.367635e+02  5.206062e+02  4.261778e+00  3.430443e+01  5.3612624503610471e+00
       810  2.0249999999999679e+00  1.2441118219329914e-01  5.7579645725182393e-01  8.373353e-01  4.497327e+00  1.056611e+01  4.169508e+01  1.366205e+02  5.197485e+02  4.273707e+00  3.426526e+01  5.5807427047293672e+00
       820  2.0499999999999674e+00  1.2440153587852326e-01  5.8182655476277989e-01  8.367731e-01  4.495762e+00  1.055515e+01  4.163156e+01  1.363481e+02  5.183416e+02  4.284401e+00  3.419347e+01  5.8123193395929622e+00
       830  2.0749999999999669e+00  1.2439178804152545e-01  5.8797985885015946e-01  8.357472e-01  4.493414e+00  1.053715e+01  4.154282e+01  1.359508e+02  5.164090e+02  4.294033e+00  3.409339e+01  6.0567346383985283e+00
       840  2.0999999999999663e+00  1.2438193661484002e-01  5.9425810658917289e-01  8.342564e-01  4.490341e+00  1.051226e+01  4.143005e+01  1.354334e+02  5.139768e+02  4.302792e+00  3.396992e+01  6.3147765631421340e+00
       850  2.1249999999999658e+00  1.2437197950185239e-01  6.0066305639693085e-01  8.322997e-01  4.486608e+00  1.048062e+01  4.129460e+01  1.348012e+02  5.110741e+02  4.310891e+00  3.382858e+01  6.5872808938472556e+00
       860  2.1499999999999653e+00  1.2436191457643636e-01  6.0719648846350571e-01  8.298762e-01  4.482285e+00  1.044239e+01  4.113789e+01  1.340601e+02  5.077318e+02  4.318560e+00  3.367549e+01  6.8751333335015232e+00
       870  2.1749999999999647e+00  1.2435173968259046e-01  6.1386020526492691e-01  8.269854e-01  4.477448e+00  1.039773e+01  4.096148e+01  1.332159e+02  5.039832e+02  4.326051e+00  3.351742e+01  7.1792715507797222e+00
       880  2.1999999999999642e+00  1.2434145263405162e-01  6.2065603217060938e-01  8.236271e-01  4.472177e+00  1.034682e+01  4.076702e+01  1.322750e+02  4.998627e+02  4.333633e+00  3.336179e+01  7.5006871288612285e+00
       890  2.2249999999999637e+00  1.2433105121391286e-01  6.2758581815914649e-01  8.198012e-01  4.466559e+00  1.028982e+01  4.055625e+01  1.312437e+02  4.954063e+02  4.341596e+00  3.321673e+01  7.8404273845320667e+00
       900  2.2499999999999631e+00  1.2432053317421644e-01  6.3465143665847412e-01  8.155077e-01  4.460683e+00  1.022690e+01  4.033098e+01  1.301284e+02  4.906508e+02  4.350249e+00  3.309111e+01  8.1995970176554849e+00
       910  2.2749999999999626e+00  1.2430989623553892e-01  6.4185478652850769e-01  8.107467e-01  4.454647e+00  1.015824e+01  4.009313e+01  1.289355e+02  4.856337e+02  4.359919e+00  3.299461e+01  8.5793595471675292e+00
       920  2.2999999999999621e+00  1.2429913808655638e-01  6.4919779320674365e-01  8.055186e-01  4.448550e+00  1.008398e+01  3.984465e+01  1.276713e+02  4.803928e+02  4.370954e+00  3.293779e+01  8.9809384861926702e+00
       930  2.3249999999999615e+00  1.2428825638358700e-01  6.5668241004032546e-01  7.998237e-01  4.442498e+00  1.000426e+01  3.958759e+01  1.263418e+02  4.749663e+02  4.383718e+00  3.293221e+01  9.4056182059300077e+00
       940  2.3499999999999610e+00  1.2427724875011412e-01  6.6431061983086592e-01  7.936625e-01  4.436599e+00  9.919234e+00  3.932405e+01  1.249528e+02  4.693921e+02  4.398598e+00  3.299046e+01  9.8547444359043173e+00
       950  2.3749999999999605e+00  1.2426611277627853e-01  6.7208443662220407e-01  7.870354e-01  4.430968e+00  9.828993e+00  3.905619e+01  1.235094e+02  4.637083e+02  4.415997e+00  3.312637e+01  1.0329724347344733e+01
       960  2.3999999999999599e+00  1.2425484601834182e-01  6.8000590776485337e-01  7.799430e-01  4.425723e+00  9.733628e+00  3.878624e+01  1.220166e+02  4.579526e+02  4.436338e+00  3.335511e+01  1.0832026167196178e+01
       970  2.4249999999999594e+00  1.2424344599810500e-01  6.8807711629577550e-01  7.723858e-01  4.420984e+00  9.633204e+00  3.851649e+01  1.204786e+02  4.521626e+02  4.460065e+00  3.369336e+01  1.1363178272997953e+01
       980  2.4499999999999589e+00  1.2423191020229915e-01  6.9630018367640856e-01  7.643644e-01  4.416879e+00  9.527750e+00  3.824930e+01  1.188990e+02  4.463757e+02  4.487639e+00  3.415946e+01  1.1924767724002441e+01
       990  2.4749999999999583e+00  1.2422023608191035e-01  7.0467727293803062e-01  7.558792e-01  4.413537e+00  9.417267e+00  3.798712e+01  1.172804e+02  4.406296e+02  4.519541e+00  3.477367e+01  1.2518438191906959e+01
      1000  2.4999999999999578e+00  1.2420842105146500e-01  7.1321059228874972e-01  7.469309e-01  4.411091e+00  9.301716e+00  3.773247e+01  1.156247e+02  4.349621e+02  4.556269e+00  3.555834e+01  1.3145887265905925e+01
      1010  2.5249999999999573e+00  1.2419646248823582e-01  7.2190239924388822e-01  7.375201e-01  4.409678e+00  9.181020e+00  3.748801e+01  1.139327e+02  4.294117e+02  4.598343e+00  3.653817e+01  1.3808863121918566e+01
      1020  2.5499999999999567e+00  1.2418435773138606e-01  7.3075500534788151e-01  7.276474e-01  4.409439e+00  9.055057e+00  3.725647e+01  1.122042e+02  4.240183e+02  4.646296e+00  3.774046e+01  1.4509160565267155e+01
      1030  2.5749999999999562e+00  1.2417210408102558e-01  7.3977078156456555e-01  7.173134e-01  4.410516e+00  8.923659e+00  3.704076e+01  1.104374e+02  4.188233e+02  4.700680e+00  3.919532e+01  1.5248616480261710e+01
      1040  2.5999999999999557e+00  1.2415969879716769e-01  7.4895216442072376e-01  7.065188e-01  4.413057e+00  8.786608e+00  3.684394e+01  1.086294e+02  4.138709e+02  4.762058e+00  4.093601e+01  1.6029104749490493e+01
      1050  2.6249999999999551e+00  1.2414713909858523e-01  7.5830166299749757e-01  6.952644e-01  4.417210e+00  8.643634e+00  3.666925e+01  1.067755e+02  4.092088e+02  4.831009e+00  4.299915e+01  1.6852530740561367e+01
      1060  2.6499999999999546e+00  1.2413442216152945e-01  7.6782186687461373e-01  6.835510e-01  4.423128e+00  8.494413e+00  3.652017e+01  1.048694e+02  4.048891e+02  4.908118e+00  4.542495e+01  1.7720825498917705e+01
      1070  2.6749999999999541e+00  1.2412154511832191e-01  7.7751545514304210e-01  6.713798e-01  4.430965e+00  8.338563e+00  3.640040e+01  1.029026e+02  4.009704e+02  4.993979e+00  4.825748e+01  1.8635939832494437e+01
      1080  2.6999999999999535e+00  1.2410850505578781e-01  7.8738520661409228e-01  6.587518e-01  4.440876e+00  8.175646e+00  3.631396e+01  1.008645e+02  3.975186e+02  5.089186e+00  5.154480e+01  1.9599838527628123e+01
      1090  2.7249999999999530e+00  1.2409529901348501e-01  7.9743401136587488e-01  6.456685e-01  4.453021e+00  8.005165e+00  3.626517e+01  9.874233e+01  3.946093e+02  5.194331e+00  5.533910e+01  2.0614494996020113e+01
      1100  2.7499999999999525e+00  1.2408192398175334e-01  8.0766488378207946e-01  6.321316e-01  4.467557e+00  7.826567e+00  3.625873e+01  9.652030e+01  3.923300e+02  5.309998e+00  5.969673e+01  2.1681886719822337e+01
      1110  2.7749999999999519e+00  1.2406837689953283e-01  8.1808097725354889e-01  6.181431e-01  4.484644e+00  7.639240e+00  3.629974e+01  9.417983e+01  3.907822e+02  5.436757e+00  6.467814e+01  2.2803991936278031e+01
      1120  2.7999999999999514e+00  1.2405465465190224e-01  8.2868560072945718e-01  6.037055e-01  4.504443e+00  7.442522e+00  3.639375e+01  9.169911e+01  3.900851e+02  5.575156e+00  7.034768e+01  2.3982788084989664e+01
      1130  2.8249999999999509e+00  1.2404075406733929e-01  8.3948223732330718e-01  5.888216e-01  4.527112e+00  7.235697e+00  3.654678e+01  8.905279e+01  3.903779e+02  5.725719e+00  7.677327e+01  2.5220252630167206e+01
      1140  2.8499999999999504e+00  1.2402667191466168e-01  8.5047456519833387e-01  5.734950e-01  4.552812e+00  7.018011e+00  3.676540e+01  8.621173e+01  3.918243e+02  5.888931e+00  8.402588e+01  2.6518366967613893e+01
      1150  2.8749999999999498e+00  1.2401240489956709e-01  8.6166648097864418e-01  5.577297e-01  4.581698e+00  6.788670e+00  3.705671e+01  8.314270e+01  3.946159e+02  6.065240e+00  9.217879e+01  2.7879124232714613e+01
      1160  2.8999999999999493e+00  1.2399794966080303e-01  8.7306212595544219e-01  5.415308e-01  4.613925e+00  6.546855e+00  3.742842e+01  7.980816e+01  3.989772e+02  6.255047e+00  1.013067e+02  2.9304541942584407e+01
      1170  2.9249999999999488e+00  1.2398330276583915e-01  8.8466591538327333e-01  5.249040e-01  4.649646e+00  6.291734e+00  3.788883e+01  7.616603e+01  4.051694e+02  6.458702e+00  1.114845e+02  3.0796680535038803e+01
      1180  2.9499999999999482e+00  1.2396846070603693e-01  8.9648257118884211e-01  5.078562e-01  4.689007e+00  6.022477e+00  3.844684e+01  7.216966e+01  4.134958e+02  6.676504e+00  1.227862e+02  3.2357669012198926e+01
      1190  2.9749999999999477e+00  1.2395341989125214e-01  9.0851715844428971e-01  4.903954e-01  4.732152e+00  5.738268e+00  3.911196e+01  6.776772e+01  4.243063e+02  6.908705e+00  1.352831e+02  3.3989739061731441e+01
      1200  2.9999999999999472e+00  1.2393817664378602e-01  9.2077512598907774e-01  4.725310e-01  4.779219e+00  5.438335e+00  3.989428e+01  6.290447e+01  4.380019e+02  7.155515e+00  1.490424e+02  3.5695269220009081e+01
      1210  3.0249999999999466e+00  1.2392272719161154e-01  9.3326235161720206e-01  4.542740e-01  4.830340e+00  5.121965e+00  4.080443e+01  5.752000e+01  4.550390e+02  7.417118e+00  1.641261e+02  3.7476840867018637e+01
      1220  3.0499999999999461e+00  1.2390706766083201e-01  9.4598519228206968e-01  4.356369e-01  4.885639e+00  4.788535e+00  4.185348e+01  5.155090e+01  4.759326e+02  7.693700e+00  1.805895e+02  3.9337308113712211e+01
      1230  3.0749999999999456e+00  1.2389119406723501e-01  9.5895053980474432e-01  4.166343e-01  4.945235e+00  4.437537e+00  4.305295e+01  4.493111e+01  5.012584e+02  7.985486e+00  1.984809e+02  4.1279883973091728e+01
      1240  3.0999999999999450e+00  1.2387510230687299e-01  9.7216588260481274e-01  3.972828e-01  5.009239e+00  4.068615e+00  4.441460e+01  3.759317e+01  5.316536e+02  8.292800e+00  2.178428e+02  4.3308245614589055e+01
      1250  3.1249999999999445e+00  1.2385878814558121e-01  9.8563937400173096e-01  3.776014e-01  5.077753e+00  3.681597e+00  4.595036e+01  2.946984e+01  5.678150e+02  8.616142e+00  2.387144e+02  4.5426662007004417e+01
      1260  3.1499999999999440e+00  1.2384224720726147e-01  9.9937990765486640e-01  3.576116e-01  5.150872e+00  3.276530e+00  4.767221e+01  2.049629e+01  6.104957e+02  8.956312e+00  2.611375e+02  4.7640147875143313e+01
      1270  3.1749999999999434e+00  1.2382547496089213e-01  1.0133972007168568e+00  3.373377e-01  5.228687e+00  2.853722e+00  4.959196e+01  1.061264e+01  6.604976e+02  9.314561e+00  2.851669e+02  4.9954648633432583e+01
      1280  3.1999999999999429e+00  1.2380846670603105e-01  1.0277018852598663e+00  3.168069e-01  5.311280e+00  2.413779e+00  5.172118e+01 -2.328304e-01  7.186619e+02  9.692814e+00  3.108873e+02  5.2377261792994886e+01
      1290  3.2249999999999424e+00  1.2379121755678185e-01  1.0423056084864144e+00  2.960498e-01  5.398730e+00  1.957647e+00  5.407098e+01 -1.207992e+01  7.858556e+02  1.009397e+01  3.384396e+02  5.4916501198695357e+01
      1300  3.2499999999999418e+00  1.2377372242396473e-01  1.0572211421450217e+00  2.751000e-01  5.491114e+00  1.486651e+00  5.665194e+01 -2.495217e+01  8.629548e+02  1.052229e+01  3.680626e+02  5.7582611211601638e+01
      1310  3.2749999999999413e+00  1.2375597599541335e-01  1.0724625014176519e+00  2.539951e-01  5.588510e+00  1.002534e+00  5.947400e+01 -3.885195e+01  9.508258e+02  1.098398e+01  4.001552e+02  6.0387938430286482e+01
      1320  3.2999999999999408e+00  1.2373797271420611e-01  1.0880450733127238e+00  2.327760e-01  5.691002e+00  5.074968e-01  6.254644e+01 -5.375487e+01  1.050303e+03  1.148789e+01  4.353735e+02  6.3347368568709861e+01
      1330  3.3249999999999402e+00  1.2371970675468491e-01  1.1039857542682521e+00  2.114875e-01  5.798680e+00  4.234242e-03  6.587794e+01 -6.960371e+01  1.162168e+03  1.204652e+01  4.747836e+02  6.6478835651705865e+01
      1340  3.3499999999999397e+00  1.2370117199611193e-01  1.1203030962385521e+00  1.901785e-01  5.911653e+00 -5.040343e-01  6.947674e+01 -8.630186e+01  1.287127e+03  1.267732e+01  5.201040e+02  6.9803910050923662e+01
      1350  3.3749999999999392e+00  1.2368236199381283e-01  1.1370174600253575e+00  1.689015e-01  6.030051e+00 -1.013535e+00  7.335098e+01 -1.037063e+02  1.425798e+03  1.340438e+01  5.740914e+02  7.3348471771644753e+01
      1360  3.3999999999999386e+00  1.2366326994775456e-01  1.1541511740479242e+00  1.477129e-01  6.154035e+00 -1.519917e+00  7.750918e+01 -1.216207e+02  1.578704e+03  1.426054e+01  6.411497e+02  7.7143476697906237e+01
      1370  3.4249999999999381e+00  1.2364388866841547e-01  1.1717286961362625e+00  1.266731e-01  6.283809e+00 -2.018242e+00  8.196102e+01 -1.397878e+02  1.746284e+03  1.529011e+01  7.282917e+02  8.1225826633788785e+01
      1380  3.4499999999999376e+00  1.2362421053998515e-01  1.1897767752181672e+00  1.058460e-01  6.419629e+00 -2.502977e+00  8.671834e+01 -1.578828e+02  1.928925e+03  1.655181e+01  8.466378e+02  8.5639358109008882e+01
      1390  3.4749999999999370e+00  1.2360422748088437e-01  1.2083246088283275e+00  8.529883e-02  6.561820e+00 -2.968013e+00  9.179658e+01 -1.755068e+02  2.127024e+03  1.812219e+01  1.013692e+03  9.0435967558902774e+01
      1400  3.4999999999999365e+00  1.2358393090174853e-01  1.2274039910526515e+00  6.510221e-02  6.710789e+00 -3.406692e+00  9.721657e+01 -1.921811e+02  2.341093e+03  2.009874e+01  1.256626e+03  9.5676888064153104e+01
      1410  3.5249999999999360e+00  1.2356331166105507e-01  1.2470494438041422e+00  4.532927e-02  6.867045e+00 -3.811869e+00  1.030068e+02 -2.073438e+02  2.571925e+03  2.260237e+01  1.616720e+03  1.0143412226339370e+02
      1420  3.5499999999999354e+00  1.2354236001880289e-01  1.2672983223937466e+00  2.605546e-02  7.031216e+00 -4.175995e+00  1.092063e+02 -2.203480e+02  2.820826e+03  2.577813e+01  2.154905e+03  1.0779201666516222e+02
      1430  3.5749999999999349e+00  1.2352106558868664e-01  1.2881908846285994e+00  7.357808e-03  7.204069e+00 -4.491249e+00  1.158678e+02 -2.304642e+02  3.089944e+03  2.979313e+01  2.958007e+03  1.1484893710686943e+02
      1440  3.5999999999999344e+00  1.2349941728953460e-01  1.3097703116457189e+00 -1.068575e-02  7.386527e+00 -4.749705e+00  1.230617e+02 -2.368862e+02  3.382679e+03  3.483039e+01  4.144747e+03  1.2271897868970972e+02
      1450  3.6249999999999338e+00  1.2347740329688209e-01  1.3320826687257239e+00 -2.799724e-02  7.579678e+00 -4.943556e+00  1.308794e+02 -2.387418e+02  3.704176e+03  4.107751e+01  5.869850e+03  1.3153362136391655e+02
      1460  3.6499999999999333e+00  1.2345501099577451e-01  1.3551767955288034e+00 -4.449972e-02  7.784783e+00 -5.065400e+00  1.394374e+02 -2.351098e+02  4.061862e+03  4.870958e+01  8.323838e+03  1.4144322784537894e+02
      1470  3.6749999999999328e+00  1.2343222693605507e-01  1.3791041173868130e+00 -6.011855e-02  8.003266e+00 -5.108612e+00  1.488792e+02 -2.250451e+02  4.465996e+03  5.786713e+01  1.172583e+04  1.5261827459782160e+02
      1480  3.6999999999999322e+00  1.2340903679152374e-01  1.4039183719956472e+00 -7.478319e-02  8.236681e+00 -5.067808e+00  1.593766e+02 -2.076181e+02  4.930155e+03  6.863137e+01  1.630731e+04  1.6525020560466064e+02
      1490  3.7249999999999317e+00  1.2338542532434826e-01  1.4296752480822843e+00 -8.842937e-02  8.486659e+00 -4.939442e+00  1.711279e+02 -1.819715e+02  5.471558e+03  8.100108e+01  2.228681e+04  1.7955179101214469e+02
      1500  3.7499999999999312e+00  1.2336137635630989e-01  1.4564319332330693e+00 -1.010019e-01  8.754828e+00 -4.722514e+00  1.843523e+02 -1.474037e+02  6.111109e+03  9.487681e+01  2.983888e+04  1.9575684258531149e+02
      1510  3.7749999999999306e+00  1.2333687274832625e-01  1.4842465671653216e+00 -1.124580e-01  9.042693e+00 -4.419390e+00  1.992805e+02 -1.034828e+02  6.872992e+03  1.100578e+02  3.906457e+04  2.1411908284659023e+02
      1520  3.7999999999999301e+00  1.2331189638994551e-01  1.5131775963907663e+00 -1.227700e-01  9.351491e+00 -4.036645e+00  2.161389e+02 -5.019024e+01  7.783670e+03  1.262550e+02  4.997412e+04  2.3490990956344712e+02
      1530  3.8249999999999296e+00  1.2328642820042129e-01  1.5432830287008814e+00 -1.319269e-01  9.682018e+00 -3.585753e+00  2.351292e+02  1.191667e+01  8.870119e+03  1.431180e+02  6.249129e+04  2.5841477548479656e+02
      1540  3.8499999999999290e+00  1.2326044814301310e-01  1.5746195916577919e+00 -1.399333e-01  1.003443e+01 -3.083304e+00  2.564015e+02  8.155768e+01  1.015719e+04  1.602683e+02  7.646613e+04  2.8492793256407299e+02
      1550  3.8749999999999285e+00  1.2323393525403041e-01  1.6072418093559306e+00 -1.468024e-01  1.040803e+01 -2.550322e+00  2.800215e+02  1.566478e+02  1.166411e+04  1.773174e+02  9.162462e+04  3.1474540328755347e+02
      1560  3.8999999999999280e+00  1.2320686768770607e-01  1.6412010281760101e+00 -1.525415e-01  1.080102e+01 -2.010260e+00  3.059361e+02  2.343030e+02  1.340071e+04  1.938657e+02  1.073696e+05  3.4815629756631813e+02
      1570  3.9249999999999274e+00  1.2317922277739671e-01  1.6765444349147223e+00 -1.571293e-01  1.121032e+01 -1.485958e+00  3.339513e+02  3.108659e+02  1.536528e+04  2.095338e+02  1.226606e+05  3.8543288624601246e+02
      1580  3.9499999999999269e+00  1.2315097711292727e-01  1.7133140911086464e+00 -1.604857e-01  1.163132e+01 -9.966097e-01  3.637260e+02  3.820909e+02  1.754263e+04  2.240910e+02  1.367452e+05  4.2681977455846550e+02
      1590  3.9749999999999264e+00  1.2312210663392402e-01  1.7515459589879563e+00 -1.624379e-01  1.205785e+01 -5.522339e-01  3.946971e+02  4.446258e+02  1.988911e+04  2.374828e+02  1.505492e+05  4.7252205251521542e+02
      1600  3.9999999999999258e+00  1.2309258673945123e-01  1.7912689123198100e+00 -1.626891e-01  1.248205e+01 -1.383797e-01  4.258691e+02  4.991959e+02  2.230105e+04  2.493903e+02  1.656236e+05  5.2269265651112642e+02
      1610  4.0249999999999293e+00  1.2306239241300823e-01  1.8325038850065469e+00 -1.608024e-01  1.289441e+01  2.970250e-01  4.558405e+02  5.506879e+02  2.462555e+04  2.587669e+02  1.801639e+05  5.7742151514818033e+02
      1620  4.0499999999999332e+00  1.2303149835839096e-01  1.8752634192329933e+00 -1.562240e-01  1.328449e+01  8.251798e-01  4.832884e+02  6.040440e+02  2.672170e+04  2.643723e+02  1.895569e+05  6.3673105758464283e+02
      1630  4.0749999999999371e+00  1.2299987913900678e-01  1.9195515941429810e+00 -1.483761e-01  1.364282e+01  1.509260e+00  5.071604e+02  6.642223e+02  2.847234e+04  2.656157e+02  1.915287e+05  7.0057965661214484e+02
      1640  4.0999999999999410e+00  1.2296750931805459e-01  1.9653638114588410e+00 -1.368109e-01  1.396297e+01  2.389980e+00  5.268252e+02  7.338983e+02  2.981929e+04  2.625594e+02  1.866927e+05  7.6886787997549709e+02
      1650  4.1249999999999449e+00  1.2293436360671231e-01  2.0126859324225048e+00 -1.213486e-01  1.424284e+01  3.465396e+00  5.423580e+02  8.109492e+02  3.077777e+04  2.558241e+02  1.768795e+05  8.4144118038087754e+02
      1660  4.1499999999999488e+00  1.2290041703085350e-01  2.0614929381710332e+00 -1.021142e-01  1.448421e+01  4.700628e+00  5.542599e+02  8.910674e+02  3.140400e+04  2.465035e+02  1.642779e+05  9.1808957698199504e+02
      1670  4.1749999999999527e+00  1.2286564511965950e-01  2.1117477056760752e+00 -7.952229e-02  1.469123e+01  6.048186e+00  5.631635e+02  9.696641e+02  3.176299e+04  2.357581e+02  1.505743e+05  9.9855033943674334e+02
      1680  4.1999999999999567e+00  1.2283002411146256e-01  2.1634002445656830e+00 -5.431994e-02  1.487060e+01  7.439956e+00  5.697818e+02  1.041326e+03  3.192409e+04  2.244678e+02  1.367093e+05  1.0825186325542365e+03
      1690  4.2249999999999606e+00  1.2279353117182507e-01  2.2163870898940314e+00 -2.756755e-02  1.503202e+01  8.783740e+00  5.749112e+02  1.099637e+03  3.195233e+04  2.131243e+02  1.231867e+05  1.1696595416953855e+03
      1700  4.2499999999999645e+00  1.2275614463361145e-01  2.2706294453523075e+00 -3.053026e-04  1.518506e+01  1.001105e+01  5.792222e+02  1.140938e+03  3.189077e+04  2.019208e+02  1.102809e+05  1.2595874850044318e+03
      1710  4.2749999999999684e+00  1.2271784428609749e-01  2.3260301933318646e+00  2.688878e-02  1.533522e+01  1.113208e+01  5.831055e+02  1.167184e+03  3.178968e+04  1.909763e+02  9.816224e+04  1.3518033844005527e+03
      1720  4.2999999999999723e+00  1.2267861168395243e-01  2.3824764123762172e+00  5.406659e-02  1.548675e+01  1.221248e+01  5.869806e+02  1.187185e+03  3.167440e+04  1.804787e+02  8.709689e+04  1.4457013552144174e+03
      1730  4.3249999999999762e+00  1.2263843032416413e-01  2.4398523284772597e+00  8.195067e-02  1.564799e+01  1.330026e+01  5.923526e+02  1.204471e+03  3.169334e+04  1.705111e+02  7.724409e+04  1.5407248915981600e+03
      1740  4.3499999999999801e+00  1.2259728559239211e-01  2.4980502394351349e+00  1.115723e-01  1.582938e+01  1.443248e+01  6.012846e+02  1.216824e+03  3.209836e+04  1.611007e+02  6.855103e+04  1.6364974191702199e+03
      1750  4.3749999999999840e+00  1.2255516465966049e-01  2.5569641160018519e+00  1.431342e-01  1.603471e+01  1.561704e+01  6.144349e+02  1.226785e+03  3.299299e+04  1.526043e+02  6.110068e+04  1.7327817678040490e+03
      1760  4.3999999999999879e+00  1.2251205657513067e-01  2.6164758001549395e+00  1.756758e-01  1.625450e+01  1.675831e+01  6.311333e+02  1.224152e+03  3.439132e+04  1.455753e+02  5.517495e+04  1.8293282896356448e+03
      1770  4.4249999999999918e+00  1.2246795246969797e-01  2.6764573469486010e+00  2.085985e-01  1.646929e+01  1.778902e+01  6.499422e+02  1.197111e+03  3.628269e+04  1.401715e+02  5.093956e+04  1.9256669883586278e+03
      1780  4.4499999999999957e+00  1.2242284555324583e-01  2.7367900119454434e+00  2.430593e-01  1.665593e+01  1.892499e+01  6.670868e+02  1.178150e+03  3.807851e+04  1.353195e+02  4.778842e+04  2.0211223402753758e+03
      1790  4.4749999999999996e+00  1.2237673085420657e-01  2.7973727588632160e+00  2.809111e-01  1.680629e+01  2.051047e+01  6.791757e+02  1.234593e+03  3.906175e+04  1.306936e+02  4.514988e+04  2.1151894299882360e+03
      1800  4.5000000000000036e+00  1.2232960499494983e-01  2.8581129035977844e+00  3.219428e-01  1.693982e+01  2.260893e+01  6.885237e+02  1.378772e+03  3.961191e+04  1.270540e+02  4.303546e+04  2.2077108469663158e+03
      1810  4.5250000000000075e+00  1.2228146605619655e-01  2.9189289523793578e+00  3.632653e-01  1.707939e+01  2.488919e+01  6.987225e+02  1.560480e+03  4.025707e+04  1.250201e+02  4.163791e+04  2.2986751105445819e+03
      1820  4.5500000000000114e+00  1.2223231324593639e-01  2.9797666278156134e+00  4.022620e-01  1.722390e+01  2.715175e+01  7.103969e+02  1.749490e+03  4.121803e+04  1.243719e+02  4.121824e+04  2.3881032144625856e+03
      1830  4.5750000000000153e+00  1.2218214643520736e-01  3.0405971132839351e+00  4.389701e-01  1.735406e+01  2.956365e+01  7.212801e+02  1.974147e+03  4.218976e+04  1.242946e+02  4.159615e+04  2.4760549719900737e+03
      1840  4.6000000000000192e+00  1.2213096587366716e-01  3.1014013939843359e+00  4.749134e-01  1.745227e+01  3.248996e+01  7.287013e+02  2.277441e+03  4.285686e+04  1.235412e+02  4.193919e+04  2.5625871384940579e+03
      1850  4.6250000000000231e+00  1.2207877215402332e-01  3.1621571553043881e+00  5.103913e-01  1.753355e+01  3.589751e+01  7.349661e+02  2.647785e+03  4.360176e+04  1.225028e+02  4.244925e+04  2.6477351858466532e+03
      1860  4.6500000000000270e+00  1.2202556631668884e-01  3.2228356545182568e+00  5.436129e-01  1.764111e+01  3.923496e+01  7.472976e+02  3.020011e+03  4.525683e+04  1.223912e+02  4.344248e+04  2.7315756189149188e+03
      1870  4.6750000000000309e+00  1.2197134987678669e-01  3.2834125162658356e+00  5.722668e-01  1.780380e+01  4.208936e+01  7.699264e+02  3.353769e+03  4.823586e+04  1.228651e+02  4.453323e+04  2.8144127122508989e+03
      1880  4.7000000000000348e+00  1.2191612471174088e-01  3.3438689035202325e+00  5.955180e-01  1.801827e+01  4.451330e+01  8.017212e+02  3.665097e+03  5.240213e+04  1.234600e+02  4.561421e+04  2.8968060593678188e+03
      1890  4.7250000000000387e+00  1.2185989310547407e-01  3.4041741209914749e+00  6.149792e-01  1.825958e+01  4.685093e+01  8.389234e+02  4.000155e+03  5.740875e+04  1.245246e+02  4.707487e+04  2.9792480182537206e+03
      1900  4.7500000000000426e+00  1.2180265800725448e-01  3.4642803386514966e+00  6.335301e-01  1.849879e+01  4.945393e+01  8.780105e+02  4.402161e+03  6.296110e+04  1.261507e+02  4.905448e+04  3.0620329579930990e+03
      1910  4.7750000000000465e+00  1.2174442326640361e-01  3.5241264316532979e+00  6.532198e-01  1.871912e+01  5.250250e+01  9.176490e+02  4.885963e+03  6.905091e+04  1.280784e+02  5.142209e+04  3.1453475470875724e+03
      1920  4.8000000000000504e+00  1.2168519388447890e-01  3.5836335862995394e+00  6.741557e-01  1.892577e+01  5.592453e+01  9.594245e+02  5.438862e+03  7.594595e+04  1.300379e+02  5.400233e+04  3.2291267701467650e+03
      1930  4.8250000000000544e+00  1.2162497627657930e-01  3.6427126269424894e+00  6.943698e-01  1.914365e+01  5.943188e+01  1.006950e+03  6.034558e+03  8.404730e+04  1.319591e+02  5.669366e+04  3.3130271964532067e+03
      1940  4.8500000000000583e+00  1.2156377827387031e-01  3.7012837760053072e+00  7.107517e-01  1.939591e+01  6.270235e+01  1.062535e+03  6.648714e+03  9.356468e+04  1.340102e+02  5.956082e+04  3.3967046991477673e+03
      1950  4.8750000000000622e+00  1.2150160889298758e-01  3.7592831808845695e+00  7.208158e-01  1.968422e+01  6.556353e+01  1.125460e+03  7.270695e+03  1.044132e+05  1.364437e+02  6.281389e+04  3.4798945539988881e+03
      1960  4.9000000000000661e+00  1.2143847807636277e-01  3.8166636405024006e+00  7.241887e-01  1.999020e+01  6.801364e+01  1.193203e+03  7.900294e+03  1.163925e+05  1.392902e+02  6.663328e+04  3.5624109801579953e+03
      1970  4.9250000000000700e+00  1.2137439639394132e-01  3.8733974847942516e+00  7.225528e-01  2.029277e+01  7.017546e+01  1.263699e+03  8.542880e+03  1.294023e+05  1.424198e+02  7.107599e+04  3.6442531587909034e+03
      1980  4.9500000000000739e+00  1.2130937474214631e-01  3.9294731038855395e+00  7.183754e-01  2.058344e+01  7.218570e+01  1.336633e+03  9.198492e+03  1.434971e+05  1.457434e+02  7.593821e+04  3.7257133522704371e+03
      1990  4.9750000000000778e+00  1.2124342412564131e-01  3.9848894256811449e+00  7.137954e-01  2.086832e+01  7.407197e+01  1.412351e+03  9.860783e+03  1.587442e+05  1.491645e+02  8.106892e+04  3.8074709840976334e+03
      2000  5.0000000000000817e+00  1.2117655551046422e-01  4.0396511366844896e+00  7.094158e-01  2.115727e+01  7.586744e+01  1.491432e+03  1.052502e+04  1.752171e+05  1.526626e+02  8.625602e+04  3.8903889645732661e+03
      2010  5.0250000000000856e+00  1.2110877980565171e-01  4.0937576548693633e+00  7.035262e-01  2.145098e+01  7.737209e+01  1.573033e+03  1.115208e+04  1.926994e+05  1.559334e+02  9.112164e+04  3.9750739255269518e+03
      2020  5.0500000000000895e+00  1.2104010804008752e-01  4.1471945948277051e+00  6.931880e-01  2.174116e+01  7.823290e+01  1.655447e+03  1.169485e+04  2.109490e+05  1.587498e+02  9.543585e+04  4.0617238781118808e+03
      2030  5.0750000000000934e+00  1.2097055153435468e-01  4.1999437709032721e+00  6.764013e-01  2.201335e+01  7.819524e+01  1.736881e+03  1.211001e+04  2.297366e+05  1.610453e+02  9.906601e+04  4.1503538689661600e+03
      2040  5.1000000000000973e+00  1.2090012182176965e-01  4.2519982129331533e+00  6.533084e-01  2.225252e+01  7.719063e+01  1.815035e+03  1.236268e+04  2.487612e+05  1.627711e+02  1.020835e+05  4.2410172040833822e+03
      2050  5.1250000000001013e+00  1.2082883049966099e-01  4.3033541754834248e+00  6.256300e-01  2.245101e+01  7.527058e+01  1.887793e+03  1.243033e+04  2.675878e+05  1.639806e+02  1.046261e+05  4.3336878378197907e+03
      2060  5.1500000000001052e+00  1.2075668934963624e-01  4.3539923205761220e+00  5.955638e-01  2.260657e+01  7.251725e+01  1.953363e+03  1.228773e+04  2.855203e+05  1.646880e+02  1.066555e+05  4.4279938937661736e+03
      2070  5.1750000000001091e+00  1.2068371063569361e-01  4.4038770989347604e+00  5.649720e-01  2.271671e+01  6.902932e+01  2.009852e+03  1.191257e+04  3.017626e+05  1.647741e+02  1.080360e+05  4.5231801812864987e+03
      2080  5.2000000000001130e+00  1.2060990723501708e-01  4.4529750562874941e+00  5.346893e-01  2.278207e+01  6.495459e+01  2.056515e+03  1.131254e+04  3.159721e+05  1.642523e+02  1.087662e+05  4.6184028447725814e+03
      2090  5.2250000000001169e+00  1.2053529241569538e-01  4.5012750760327185e+00  5.043515e-01  2.280936e+01  6.046557e+01  2.095258e+03  1.053802e+04  3.287704e+05  1.633246e+02  1.090526e+05  4.7132149193109171e+03
      2100  5.2500000000001208e+00  1.2045987942825445e-01  4.5487868697692493e+00  4.729638e-01  2.280736e+01  5.565451e+01  2.128810e+03  9.639167e+03  3.409890e+05  1.621443e+02  1.092189e+05  4.8077182512470317e+03
      2110  5.2750000000001247e+00  1.2038368136337341e-01  4.5955139100972975e+00  4.399442e-01  2.278292e+01  5.046263e+01  2.156855e+03  8.603206e+03  3.521039e+05  1.606760e+02  1.095182e+05  4.9020626326046695e+03
      2120  5.3000000000001286e+00  1.2030671143448307e-01  4.6414380176830541e+00  4.058529e-01  2.274565e+01  4.494445e+01  2.180238e+03  7.454000e+03  3.619648e+05  1.589999e+02  1.101948e+05  4.9959657592455751e+03
      2130  5.3250000000001325e+00  1.2022898321024558e-01  4.6865404409068852e+00  3.720440e-01  2.270968e+01  3.936063e+01  2.202518e+03  6.274709e+03  3.715363e+05  1.574769e+02  1.115472e+05  5.0889664873846878e+03
      2140  5.3500000000001364e+00  1.2015051039266711e-01  4.7308267392730787e+00  3.397281e-01  2.268007e+01  3.377440e+01  2.221237e+03  5.043828e+03  3.796572e+05  1.561061e+02  1.133519e+05  5.1808773413341751e+03
      2150  5.3750000000001403e+00  1.2007130637273147e-01  4.7743272043491380e+00  3.096711e-01  2.264975e+01  2.819281e+01  2.230665e+03  3.745069e+03  3.841921e+05  1.545948e+02  1.150665e+05  5.2717465874472637e+03
      2160  5.4000000000001442e+00  1.1999138388448422e-01  4.8170891409518459e+00  2.826750e-01  2.261308e+01  2.294682e+01  2.229380e+03  2.525227e+03  3.845642e+05  1.530773e+02  1.166655e+05  5.3616521038370502e+03
      2170  5.4250000000001481e+00  1.1991075474547719e-01  4.8591750997473149e+00  2.600102e-01  2.256522e+01  1.837326e+01  2.216352e+03  1.479113e+03  3.800180e+05  1.516252e+02  1.180671e+05  5.4507616844841741e+03
      2180  5.4500000000001521e+00  1.1982942964416837e-01  4.9006561296327389e+00  2.430788e-01  2.249771e+01  1.467143e+01  2.192983e+03  6.091190e+02  3.714744e+05  1.500321e+02  1.182535e+05  5.5393177948835419e+03
      2190  5.4750000000001560e+00  1.1974741812450430e-01  4.9415953248637301e+00  2.329011e-01  2.239671e+01  1.205118e+01  2.159288e+03 -5.713299e+01  3.602623e+05  1.476448e+02  1.153771e+05  5.6271814133701018e+03
      2200  5.5000000000001599e+00  1.1966472879526849e-01  4.9820409346221854e+00  2.300896e-01  2.224436e+01  1.082978e+01  2.108950e+03 -4.250370e+02  3.449839e+05  1.435408e+02  1.079939e+05  5.7134264284706715e+03
      2210  5.5250000000001638e+00  1.1958136950508536e-01  5.0220377688926723e+00  2.350054e-01  2.202791e+01  1.136620e+01  2.039981e+03 -3.366526e+02  3.252208e+05  1.376062e+02  9.647620e+04  5.7964419540323024e+03
      2220  5.5500000000001677e+00  1.1949734725338917e-01  5.0616455902649342e+00  2.475110e-01  2.173864e+01  1.366925e+01  1.955538e+03  2.360572e+02  3.022820e+05  1.303083e+02  8.264330e+04  5.8743236949889297e+03
      2230  5.5750000000001716e+00  1.1941266781304465e-01  5.1009543032689644e+00  2.666240e-01  2.137379e+01  1.732780e+01  1.859940e+03  1.153123e+03  2.777416e+05  1.222392e+02  6.857282e+04  5.9451935320912635e+03
      2240  5.6000000000001755e+00  1.1932733513194513e-01  5.1400958367131420e+00  2.910519e-01  2.094285e+01  2.176725e+01  1.757271e+03  2.231556e+03  2.531179e+05  1.142176e+02  5.588151e+04  6.0074698709770628e+03
      2250  5.6250000000001794e+00  1.1924135053887318e-01  5.1792551368328814e+00  3.195920e-01  2.046163e+01  2.638745e+01  1.650772e+03  3.270392e+03  2.292223e+05  1.067559e+02  4.553471e+04  6.0602358881098071e+03
      2260  5.6500000000001833e+00  1.1915471182884814e-01  5.2186706864400545e+00  3.510106e-01  1.995532e+01  3.107034e+01  1.549554e+03  4.234733e+03  2.083527e+05  1.001314e+02  3.820351e+04  6.1035026614910039e+03
      2270  5.6750000000001872e+00  1.1906741253792999e-01  5.2586124714143114e+00  3.841908e-01  1.945926e+01  3.593901e+01  1.465392e+03  5.286068e+03  1.944244e+05  9.434504e+01  3.335908e+04  6.1380999766587884e+03
      2280  5.7000000000001911e+00  1.1897944163202234e-01  5.2993593821396310e+00  4.187642e-01  1.901061e+01  4.067406e+01  1.393704e+03  6.324296e+03  1.848964e+05  8.862671e+01  2.883348e+04  6.1653773969462236e+03
      2290  5.7250000000001950e+00  1.1889078338262934e-01  5.3411980902597733e+00  4.555475e-01  1.865087e+01  4.500201e+01  1.330985e+03  7.141511e+03  1.761404e+05  8.298625e+01  2.436896e+04  6.1871430227656310e+03
      2300  5.7500000000001990e+00  1.1880141717671475e-01  5.3844302299688440e+00  4.959292e-01  1.841174e+01  4.924416e+01  1.286619e+03  7.792186e+03  1.704825e+05  7.872003e+01  2.150856e+04  6.2058022799756327e+03
      2310  5.7750000000002029e+00  1.1871131724961453e-01  5.4293707836108354e+00  5.407741e-01  1.829281e+01  5.369029e+01  1.264539e+03  8.410625e+03  1.688910e+05  7.626498e+01  2.041466e+04  6.2242576066854035e+03
      2320  5.8000000000002068e+00  1.1862045261303800e-01  5.4763242174438371e+00  5.895280e-01  1.826524e+01  5.839391e+01  1.253370e+03  8.978983e+03  1.671264e+05  7.403419e+01  1.942217e+04  6.2455015267350373e+03
      2330  5.8250000000002107e+00  1.1852878750799772e-01  5.5255540397413689e+00  6.401882e-01  1.831963e+01  6.333241e+01  1.252718e+03  9.513371e+03  1.651527e+05  7.149029e+01  1.799454e+04  6.2722999856165115e+03
      2340  5.8500000000002146e+00  1.1843628218728383e-01  5.5772732144686366e+00  6.901900e-01  1.846713e+01  6.861420e+01  1.275318e+03  1.024841e+04  1.699561e+05  6.932792e+01  1.701927e+04  6.3070541973836825e+03
      2350  5.8750000000002185e+00  1.1834289384431372e-01  5.6316288482642758e+00  7.369591e-01  1.870821e+01  7.401117e+01  1.318757e+03  1.110280e+04  1.796390e+05  6.779836e+01  1.641016e+04  6.3514248685909506e+03
      2360  5.9000000000002224e+00  1.1824857793929155e-01  5.6886783152121509e+00  7.782974e-01  1.901959e+01  7.900758e+01  1.368475e+03  1.177159e+04  1.868611e+05  6.573570e+01  1.519319e+04  6.4059504831841423e+03
      2370  5.9250000000002263e+00  1.1815328969048960e-01  5.7483999061489364e+00  8.128773e-01  1.939230e+01  8.371873e+01  1.428398e+03  1.237814e+04  1.943219e+05  6.388077e+01  1.410482e+04  6.4703348124983322e+03
      2380  5.9500000000002302e+00  1.1805698499453759e-01  5.8107466311255092e+00  8.396878e-01  1.980102e+01  8.813531e+01  1.501529e+03  1.307190e+04  2.055700e+05  6.306364e+01  1.384163e+04  6.5444905133535030e+03
      2390  5.9750000000002341e+00  1.1795962041087252e-01  5.8756905646758710e+00  8.569673e-01  2.018644e+01  9.162766e+01  1.576662e+03  1.374081e+04  2.192479e+05  6.322036e+01  1.417892e+04  6.6293221321180863e+03
      2400  6.0000000000002380e+00  1.1786115291465746e-01  5.9432019476513194e+00  8.629262e-01  2.049119e+01  9.376984e+01  1.643326e+03  1.427859e+04  2.333383e+05  6.439794e+01  1.514481e+04  6.7259543744343027e+03
      2410  6.0250000000002419e+00  1.1776154031297509e-01  6.0132066458200075e+00  8.568427e-01  2.068144e+01  9.410665e+01  1.686647e+03  1.447915e+04  2.429006e+05  6.509277e+01  1.602407e+04  6.8339214854054926e+03
      2420  6.0500000000002458e+00  1.1766074178360592e-01  6.0856294781241278e+00  8.407981e-01  2.080471e+01  9.336978e+01  1.718373e+03  1.454346e+04  2.502375e+05  6.508493e+01  1.670188e+04  6.9509469661459088e+03
      2430  6.0750000000002498e+00  1.1755871681777143e-01  6.1605322310705048e+00  8.205782e-01  2.095295e+01  9.261614e+01  1.757446e+03  1.473521e+04  2.602352e+05  6.444780e+01  1.703855e+04  7.0750953578731524e+03
      2440  6.1000000000002537e+00  1.1745542190137026e-01  6.2382254561352291e+00  8.029558e-01  2.121250e+01  9.256659e+01  1.814288e+03  1.510366e+04  2.738175e+05  6.276660e+01  1.663405e+04  7.2071760543969067e+03
      2450  6.1250000000002576e+00  1.1735080617379173e-01  6.3192799053162823e+00  7.928436e-01  2.166506e+01  9.488083e+01  1.922544e+03  1.615535e+04  2.999222e+05  6.111306e+01  1.594545e+04  7.3521796273672790e+03
      2460  6.1500000000002615e+00  1.1724480759142776e-01  6.4044532467612889e+00  7.932011e-01  2.238005e+01  1.009492e+02  2.118184e+03  1.843527e+04  3.511274e+05  6.046928e+01  1.534951e+04  7.5185924197042341e+03
      2470  6.1750000000002654e+00  1.1713735106567832e-01  6.4945238599236594e+00  8.034370e-01  2.342147e+01  1.116215e+02  2.444257e+03  2.251959e+04  4.469002e+05  6.136159e+01  1.533377e+04  7.7154396740053689e+03
      2480  6.2000000000002693e+00  1.1702834997125175e-01  6.5900803842081714e+00  8.168874e-01  2.484167e+01  1.274280e+02  2.969442e+03  2.943114e+04  6.265475e+05  6.583585e+01  1.770534e+04  7.9486113533734970e+03
      2490  6.2250000000002732e+00  1.1691770989453691e-01  6.6915036654309867e+00  8.240532e-01  2.659593e+01  1.465692e+02  3.725499e+03  3.977432e+04  9.305419e+05  7.408537e+01  2.414407e+04  8.2191987804508935e+03
      2500  6.2500000000002771e+00  1.1680532985685742e-01  6.7992656844044186e+00  8.168031e-01  2.853756e+01  1.650247e+02  4.657521e+03  5.260912e+04  1.360314e+06  8.440097e+01  3.410598e+04  8.5275338148878454e+03
      2510  6.2750000000002810e+00  1.1669109765824481e-01  6.9142949656666541e+00  7.894798e-01  3.049768e+01  1.775433e+02  5.638613e+03  6.421118e+04  1.845112e+06  9.493836e+01  4.487247e+04  8.8819367109842788e+03
      2520  6.3000000000002849e+00  1.1657488013415326e-01  7.0381596870783234e+00  7.392401e-01  3.250587e+01  1.783341e+02  6.627441e+03  6.997204e+04  2.345392e+06  1.069740e+02  5.821046e+04  9.3082302492971612e+03
      2530  6.3250000000002888e+00  1.1645651510115476e-01  7.1725665297817667e+00  6.659042e-01  3.482594e+01  1.651277e+02  7.853767e+03  7.105357e+04  3.045398e+06  1.257378e+02  8.344795e+04  9.8518021266351316e+03
      2540  6.3500000000002927e+00  1.1633581972563418e-01  7.3179309039699589e+00  5.747798e-01  3.748381e+01  1.395853e+02  9.471354e+03  6.792279e+04  4.117076e+06  1.536604e+02  1.284055e+05  1.0564367713071942e+04
      2550  6.3750000000002967e+00  1.1621262610929541e-01  7.4717257881367996e+00  4.771695e-01  3.973802e+01  9.945914e+01  1.065289e+04  4.738407e+04  4.848928e+06  1.801877e+02  1.734684e+05  1.1470928760973527e+04
      2560  6.4000000000003006e+00  1.1608683807590436e-01  7.6279141202913889e+00  3.866890e-01  4.067070e+01  5.368664e+01  1.047951e+04  1.442101e+04  4.463603e+06  1.889112e+02  1.785089e+05  1.2528483194378416e+04
      2570  6.4250000000003045e+00  1.1595848006210197e-01  7.7786771262997423e+00  3.147050e-01  4.048742e+01  1.809268e+01  9.658135e+03 -8.185377e+03  3.780658e+06  1.809382e+02  1.526220e+05  1.3622354976565046e+04
      2580  6.4500000000003084e+00  1.1582770048783519e-01  7.9177393830448413e+00  2.608625e-01  4.014406e+01 -3.815893e+00  9.192604e+03 -1.777789e+04  3.481035e+06  1.703073e+02  1.255292e+05  1.4624131623488871e+04
      2590  6.4750000000003123e+00  1.1569472374908160e-01  8.0425454960832514e+00  2.190654e-01  3.979702e+01 -1.591626e+01  8.921039e+03 -1.992356e+04  3.290609e+06  1.631242e+02  1.063531e+05  1.5460069872895956e+04
      2600  6.5000000000003162e+00  1.1555978798772104e-01  8.1537043461766192e+00  1.937943e-01  3.897470e+01 -2.249247e+01  8.544023e+03 -2.119049e+04  3.123016e+06  1.590320e+02  9.978033e+04  1.6123259944898080e+04
      2610  6.5250000000003201e+00  1.1542310546236088e-01  8.2532352670965441e+00  1.910201e-01  3.736334e+01 -1.941000e+01  7.801953e+03 -1.872789e+04  2.763803e+06  1.538305e+02  9.673141e+04  1.6640478182229199e+04
      2620  6.5500000000003240e+00  1.1528485026938662e-01  8.3433878970966671e+00  2.085355e-01  3.501902e+01 -2.593687e+00  6.638624e+03 -1.016764e+04  2.156361e+06  1.448075e+02  8.759221e+04  1.7039182547472574e+04
      2630  6.5750000000003279e+00  1.1514515702296255e-01  8.4265738814144893e+00  2.484103e-01  3.246631e+01  2.204073e+01  5.415167e+03  6.767275e+02  1.544913e+06  1.312444e+02  7.334513e+04  1.7341196088942586e+04
      2640  6.6000000000003318e+00  1.1500411887544477e-01  8.5053370919510325e+00  3.138601e-01  3.046655e+01  5.289354e+01  4.493918e+03  1.214713e+04  1.107497e+06  1.168133e+02  5.582054e+04  1.7578404533590608e+04
      2650  6.6250000000003357e+00  1.1486179019261461e-01  8.5817754863309723e+00  3.870934e-01  2.925726e+01  8.404094e+01  4.030757e+03  2.318870e+04  9.244729e+05  1.078082e+02  4.441328e+04  1.7793013668029449e+04
      2660  6.6500000000003396e+00  1.1471819938260844e-01  8.6569135576855487e+00  4.337848e-01  2.839704e+01  1.007412e+02  3.773500e+03  2.830170e+04  8.408644e+05  1.033921e+02  3.896608e+04  1.8015330701281946e+04
      2670  6.6750000000003435e+00  1.1457336517491754e-01  8.7310959833989568e+00  4.420311e-01  2.730728e+01  9.839819e+01  3.411582e+03  2.578691e+04  7.214841e+05  9.734707e+01  3.345440e+04  1.8252865100666200e+04
      2680  6.7000000000003475e+00  1.1442729954490621e-01  8.8049124502165395e+00  4.227431e-01  2.606127e+01  8.876140e+01  3.022830e+03  2.141945e+04  5.945783e+05  9.032268e+01  2.850913e+04  1.8497709814851572e+04
      2690  6.7250000000003514e+00  1.1428000145132414e-01  8.8793363654593183e+00  3.922145e-01  2.511673e+01  8.183559e+01  2.812889e+03  1.975370e+04  5.475885e+05  8.401370e+01  2.523100e+04  1.8741109817822246e+04
      2700  6.7500000000003553e+00  1.1413145210956036e-01  8.9554457140410459e+00  3.662072e-01  2.460776e+01  8.518609e+01  2.829000e+03  2.252126e+04  5.949370e+05  7.913508e+01  2.191782e+04  1.8987287115795873e+04
      2710  6.7750000000003592e+00  1.1398161738613619e-01  9.0337455990159228e+00  3.466066e-01  2.410296e+01  9.167401e+01  2.873608e+03  2.753206e+04  6.659714e+05  7.415525e+01  1.977340e+04  1.9246214885272278e+04
      2720  6.8000000000003631e+00  1.1383046637321431e-01  9.1132426044063148e+00  3.228602e-01  2.353889e+01  9.208702e+01  2.794893e+03  2.881946e+04  6.679649e+05  7.125525e+01  1.932638e+04  1.9502676283399673e+04
      2730  6.8250000000003670e+00  1.1367799044999924e-01  9.1924898024523074e+00  2.915031e-01  2.268427e+01  8.567679e+01  2.604691e+03  2.666040e+04  6.183890e+05  6.775990e+01  1.878121e+04  1.9732495847602138e+04
      2740  6.8500000000003709e+00  1.1352420133833488e-01  9.2704985324326117e+00  2.550509e-01  2.178067e+01  7.605122e+01  2.375383e+03  2.347472e+04  5.494619e+05  6.525021e+01  1.837687e+04  1.9925891580770898e+04
      2750  6.8750000000003748e+00  1.1336912278254740e-01  9.3471344483311576e+00  2.094227e-01  2.075240e+01  6.150956e+01  2.010738e+03  1.750143e+04  4.099323e+05  6.182585e+01  1.671552e+04  2.0084449190340914e+04
      2760  6.9000000000003787e+00  1.1321277049931039e-01  9.4235972070294984e+00  1.556126e-01  1.948990e+01  4.521830e+01  1.599483e+03  1.127039e+04  2.675377e+05  5.591330e+01  1.295688e+04  2.0203451728552616e+04
      2770  6.9250000000003826e+00  1.1305513172711938e-01  9.5021988544787206e+00  1.019736e-01  1.829442e+01  3.085765e+01  1.290469e+03  7.061439e+03  1.808599e+05  4.956368e+01  9.754621e+03  2.0274521474875553e+04
      2780  6.9500000000003865e+00  1.1289614424279358e-01  9.5862127505972214e+00  6.385250e-02  1.728995e+01  2.158754e+01  1.070191e+03  4.608760e+03  1.292652e+05  4.248190e+01  6.001627e+03  2.0316604337390807e+04
      2790  6.9750000000003904e+00  1.1273569443101175e-01  9.6783256263216835e+00  3.907550e-02  1.683696e+01  1.904018e+01  1.013504e+03  4.441179e+03  1.240826e+05  4.001174e+01  5.477301e+03  2.0375437874636780e+04
      2800  7.0000000000003944e+00  1.1257362984221916e-01  9.7803194614917768e+00  2.584852e-02  1.658833e+01  1.593106e+01  9.523683e+02  3.562788e+03  1.047587e+05  3.830132e+01  4.798923e+03  2.0514260444485888e+04
      2810  7.0250000000003983e+00  1.1240978121068665e-01  9.8921761415373819e+00  2.556945e-02  1.670856e+01  1.677646e+01  9.920387e+02  4.074784e+03  1.165565e+05  3.992113e+01  5.811376e+03  2.0776485419033554e+04
      2820  7.0500000000004022e+00  1.1224399934176621e-01  1.0011710806341707e+01  3.735190e-02  1.688699e+01  1.583384e+01  1.000443e+03  3.466454e+03  1.103846e+05  4.133146e+01  6.109310e+03  2.1156831867009645e+04
      2830  7.0750000000004061e+00  1.1207618149123588e-01  1.0135962438101316e+01  5.659181e-02  1.711429e+01  1.546885e+01  1.024942e+03  3.084913e+03  1.107244e+05  4.268426e+01  6.496851e+03  2.1616609835766703e+04
      2840  7.1000000000004100e+00  1.1190627213181607e-01  1.0262318432557711e+01  7.352848e-02  1.737489e+01  1.593246e+01  1.080753e+03  3.075934e+03  1.210487e+05  4.514804e+01  7.453983e+03  2.2112859848960419e+04
      2850  7.1250000000004139e+00  1.1173425408831358e-01  1.0388753774571361e+01  8.594178e-02  1.755881e+01  1.515887e+01  1.165083e+03  3.202107e+03  1.481095e+05  4.715245e+01  8.887972e+03  2.2602140346204193e+04
      2860  7.1500000000004178e+00  1.1156013762846143e-01  1.0513899592296784e+01  1.008190e-01  1.766338e+01  1.393520e+01  1.241497e+03  3.130651e+03  1.824575e+05  4.953637e+01  1.093650e+04  2.3056042998711717e+04
      2870  7.1750000000004217e+00  1.1138394929921849e-01  1.0637268484606034e+01  1.110737e-01  1.747586e+01  1.268950e+01  1.256480e+03  3.019035e+03  2.051198e+05  4.983749e+01  1.176758e+04  2.3472854310589217e+04
      2880  7.2000000000004256e+00  1.1120571600339382e-01  1.0759245814789072e+01  1.127286e-01  1.714451e+01  1.064751e+01  1.213430e+03  2.668392e+03  2.045562e+05  4.983633e+01  1.212808e+04  2.3864504994339368e+04
      2890  7.2250000000004295e+00  1.1102545861090855e-01  1.0880186652968160e+01  1.192804e-01  1.680614e+01  8.975188e+00  1.165482e+03  2.370535e+03  2.030260e+05  4.787908e+01  1.220768e+04  2.4242781020919170e+04
      2900  7.2500000000004334e+00  1.1084319661276974e-01  1.0999761604076403e+01  1.287236e-01  1.666676e+01  9.216937e+00  1.129998e+03  2.198074e+03  1.881552e+05  4.604672e+01  1.170590e+04  2.4607341654494347e+04
      2910  7.2750000000004373e+00  1.1065895708045215e-01  1.1117581579549432e+01  1.486548e-01  1.662578e+01  1.087725e+01  1.080456e+03  1.911457e+03  1.552492e+05  4.424185e+01  1.018597e+04  2.4954913739514170e+04
      2920  7.3000000000004412e+00  1.1047277150901257e-01  1.1233343414045869e+01  1.777355e-01  1.665242e+01  1.309109e+01  1.025508e+03  1.734991e+03  1.221644e+05  4.205492e+01  8.079157e+03  2.5278371584215100e+04
      2930  7.3250000000004452e+00  1.1028467746435276e-01  1.1347019675260341e+01  2.114037e-01  1.680912e+01  1.648989e+01  1.013240e+03  2.059237e+03  1.093352e+05  4.016042e+01  6.420862e+03  2.5573149221536314e+04
      2940  7.3500000000004491e+00  1.1009469487319974e-01  1.1460539840876127e+01  2.547745e-01  1.717053e+01  2.142815e+01  1.071423e+03  2.785027e+03  1.186225e+05  3.925545e+01  5.799619e+03  2.5859514908019213e+04
      2950  7.3750000000004530e+00  1.0990281382650263e-01  1.1575135040621269e+01  3.087899e-01  1.775537e+01  2.786910e+01  1.219693e+03  4.046599e+03  1.538285e+05  3.993793e+01  6.319028e+03  2.6149980446082012e+04
      2960  7.4000000000004569e+00  1.0970901582007370e-01  1.1690872675472050e+01  3.651227e-01  1.827848e+01  3.364248e+01  1.358682e+03  4.824351e+03  1.877562e+05  4.115349e+01  7.267539e+03  2.6445904468325549e+04
      2970  7.4250000000004608e+00  1.0951328522421938e-01  1.1807383904265640e+01  4.125625e-01  1.852434e+01  3.885209e+01  1.455137e+03  6.051359e+03  2.195135e+05  4.254465e+01  8.597092e+03  2.6742758520982730e+04
      2980  7.4500000000004647e+00  1.0931561133721486e-01  1.1924396107742075e+01  4.526875e-01  1.834528e+01  4.199576e+01  1.400973e+03  6.275959e+03  2.022176e+05  4.197688e+01  8.591209e+03  2.7030586591023653e+04
      2990  7.4750000000004686e+00  1.0911598985946844e-01  1.2041409905052070e+01  4.838780e-01  1.796896e+01  4.538980e+01  1.323430e+03  6.925316e+03  1.867243e+05  4.058336e+01  8.106356e+03  2.7294872580578874e+04
      3000  7.5000000000004725e+00  1.0891441878067579e-01  1.2158921978488209e+01  5.090492e-01  1.748932e+01  4.628295e+01  1.205191e+03  6.682140e+03  1.593649e+05  3.815296e+01  7.360060e+03  2.7540008886426018e+04
      3010  7.5250000000004764e+00  1.0871087757746822e-01  1.2278504270221855e+01  5.388388e-01  1.723638e+01  4.926339e+01  1.144619e+03  7.060937e+03  1.470874e+05  3.640049e+01  6.598572e+03  2.7790175369638455e+04
      3020  7.5500000000004803e+00  1.0850531478426806e-01  1.2402294469014510e+01  5.722017e-01  1.720606e+01  5.303285e+01  1.122907e+03  7.611824e+03  1.437328e+05  3.511966e+01  5.929010e+03  2.8074313248091141e+04
      3030  7.5750000000004842e+00  1.0829764455148508e-01  1.2532165501708651e+01  6.049631e-01  1.736937e+01  5.805126e+01  1.160643e+03  8.766738e+03  1.574275e+05  3.459021e+01  5.809376e+03  2.8421886149908554e+04
      3040  7.6000000000004881e+00  1.0808775558770212e-01  1.2669367158632756e+01  6.345126e-01  1.771858e+01  6.500227e+01  1.259330e+03  1.065934e+04  1.885951e+05  3.550521e+01  6.459193e+03  2.8851289585465020e+04
      3050  7.6250000000004921e+00  1.0787552227973408e-01  1.2814155396839503e+01  6.612546e-01  1.806917e+01  7.177758e+01  1.355655e+03  1.246109e+04  2.184670e+05  3.604644e+01  6.922433e+03  2.9362876847174961e+04
      3060  7.6500000000004960e+00  1.0766082503431830e-01  1.2965646119126127e+01  6.774495e-01  1.830812e+01  7.568679e+01  1.402001e+03  1.310414e+04  2.256375e+05  3.569783e+01  6.654658e+03  2.9954123085880918e+04
      3070  7.6750000000004999e+00  1.0744356328004320e-01  1.3122517603148925e+01  6.834378e-01  1.835867e+01  7.596835e+01  1.378971e+03  1.257985e+04  2.099035e+05  3.484788e+01  6.005278e+03  3.0619364815012494e+04
      3080  7.7000000000005038e+00  1.0722365614214865e-01  1.3283386088761331e+01  6.801878e-01  1.815716e+01  7.341730e+01  1.314097e+03  1.167762e+04  1.923716e+05  3.312179e+01  5.271081e+03  3.1335993672841352e+04
      3090  7.7250000000005077e+00  1.0700105627898004e-01  1.3445454407062869e+01  6.661194e-01  1.783494e+01  6.966202e+01  1.241760e+03  1.082839e+04  1.772281e+05  3.071080e+01  4.372564e+03  3.2040648139074969e+04
      3100  7.7500000000005116e+00  1.0677575617727461e-01  1.3607361550719020e+01  6.528280e-01  1.760077e+01  6.646494e+01  1.192932e+03  1.015937e+04  1.674945e+05  2.853555e+01  3.511620e+03  3.2698053418535928e+04
      3110  7.7750000000005155e+00  1.0654774177815537e-01  1.3771225164126548e+01  6.473506e-01  1.756548e+01  6.379982e+01  1.171268e+03  9.492745e+03  1.614806e+05  2.754297e+01  2.964579e+03  3.3349533249797125e+04
      3120  7.8000000000005194e+00  1.0631695787266823e-01  1.3939152088479819e+01  6.403531e-01  1.763093e+01  6.202771e+01  1.178227e+03  9.506127e+03  1.693218e+05  2.725189e+01  2.982609e+03  3.4042946155574828e+04
      3130  7.8250000000005233e+00  1.0608334183147432e-01  1.4110022203514777e+01  6.299231e-01  1.781320e+01  6.268026e+01  1.213320e+03  1.040233e+04  1.910110e+05  2.771634e+01  3.412016e+03  3.4764248367969085e+04
      3140  7.8500000000005272e+00  1.0584686415336353e-01  1.4281860976299434e+01  6.265532e-01  1.799800e+01  6.357357e+01  1.207439e+03  1.045679e+04  1.854473e+05  2.764807e+01  3.278252e+03  3.5480329913874702e+04
      3150  7.8750000000005311e+00  1.0560751576747598e-01  1.4454459642764249e+01  6.277452e-01  1.813653e+01  6.531845e+01  1.196282e+03  1.029193e+04  1.699104e+05  2.716657e+01  2.761984e+03  3.6185280252817764e+04
      3160  7.9000000000005350e+00  1.0536528159904075e-01  1.4628562383678746e+01  6.207252e-01  1.816663e+01  6.556333e+01  1.181805e+03  1.011231e+04  1.625197e+05  2.587975e+01  2.283883e+03  3.6881101595882486e+04
      3170  7.9250000000005389e+00  1.0512012799069635e-01  1.4805680156323735e+01  6.059237e-01  1.823270e+01  6.515916e+01  1.184757e+03  1.008495e+04  1.608464e+05  2.522871e+01  2.045583e+03  3.7578808795038371e+04
      3180  7.9500000000005429e+00  1.0487199767083920e-01  1.4986761564768493e+01  5.865750e-01  1.834025e+01  6.486904e+01  1.224308e+03  1.079715e+04  1.802129e+05  2.553702e+01  2.168539e+03  3.8303773563342125e+04
      3190  7.9750000000005468e+00  1.0462083292975138e-01  1.5170583406783956e+01  5.781833e-01  1.841115e+01  6.798664e+01  1.308496e+03  1.306120e+04  2.293824e+05  2.630468e+01  2.707675e+03  3.9075327509329087e+04
      3200  8.0000000000005507e+00  1.0436661127341752e-01  1.5354541889769475e+01  5.827238e-01  1.861814e+01  7.338012e+01  1.417079e+03  1.551531e+04  2.776212e+05  2.747468e+01  3.372447e+03  3.9880301342782506e+04
      3210  8.0250000000005457e+00  1.0410933606122044e-01  1.5538543641434890e+01  5.898338e-01  1.882689e+01  7.544264e+01  1.457715e+03  1.591560e+04  2.849207e+05  2.725898e+01  3.228869e+03  4.0723252094269017e+04
      3220  8.0500000000005407e+00  1.0384899498044829e-01  1.5723811496190619e+01  5.952426e-01  1.900110e+01  7.601247e+01  1.482329e+03  1.583181e+04  2.835476e+05  2.716724e+01  2.944874e+03  4.1598409522342510e+04
      3230  8.0750000000005357e+00  1.0358557059838799e-01  1.5909584109693096e+01  5.905046e-01  1.892040e+01  7.058562e+01  1.375124e+03  1.297107e+04  2.245627e+05  2.617260e+01  2.343169e+03  4.2444802884749530e+04
      3240  8.1000000000005308e+00  1.0331906071376891e-01  1.6095516567860329e+01  5.758778e-01  1.873128e+01  6.457122e+01  1.303081e+03  1.124192e+04  1.976127e+05  2.556496e+01  2.240235e+03  4.3230407268192641e+04
      3250  8.1250000000005258e+00  1.0304944220790480e-01  1.6284331547623843e+01  5.666139e-01  1.854458e+01  6.007806e+01  1.210095e+03  9.454363e+03  1.609170e+05  2.445881e+01  1.854360e+03  4.3987883076819307e+04
      3260  8.1500000000005208e+00  1.0277663567998901e-01  1.6479747618241245e+01  5.670151e-01  1.855116e+01  5.981391e+01  1.207313e+03  9.312127e+03  1.573787e+05  2.454726e+01  2.160192e+03  4.4765217670903490e+04
      3270  8.1750000000005159e+00  1.0250050356268409e-01  1.6685152794427459e+01  5.810331e-01  1.857202e+01  5.886100e+01  1.169500e+03  8.542782e+03  1.414325e+05  2.418870e+01  1.980024e+03  4.5604465388293320e+04
      3280  8.2000000000005109e+00  1.0222085096817933e-01  1.6904339689760892e+01  6.085045e-01  1.852169e+01  5.839091e+01  1.121019e+03  7.890945e+03  1.274344e+05  2.426524e+01  1.970638e+03  4.6538605647452547e+04
      3290  8.2250000000005059e+00  1.0193742054693981e-01  1.7140265216372498e+01  6.343388e-01  1.840485e+01  5.661887e+01  1.048470e+03  6.809395e+03  1.063461e+05  2.452093e+01  2.043001e+03  4.7588081575605349e+04
      3300  8.2500000000005009e+00  1.0164992616337151e-01  1.7392770729167793e+01  6.532391e-01  1.827638e+01  5.405362e+01  9.758098e+02  5.721230e+03  8.702260e+04  2.496632e+01  2.143831e+03  4.8748388646549647e+04
      3310  8.2750000000004960e+00  1.0135811408189865e-01  1.7657996285539006e+01  6.706351e-01  1.821967e+01  5.285676e+01  9.399754e+02  5.207530e+03  7.973894e+04  2.495122e+01  2.120645e+03  5.0000808131850928e+04
      3320  8.3000000000004910e+00  1.0106182176838636e-01  1.7929401352722287e+01  6.964789e-01  1.835283e+01  5.454170e+01  9.586138e+02  5.356370e+03  8.231858e+04  2.494896e+01  2.038815e+03  5.1326311759590106e+04
      3330  8.3250000000004860e+00  1.0076099548222470e-01  1.8201567103490593e+01  7.218314e-01  1.842482e+01  5.636110e+01  9.762163e+02  5.596746e+03  8.640855e+04  2.445030e+01  1.890541e+03  5.2683692466567089e+04
      3340  8.3500000000004810e+00  1.0045562174763743e-01  1.8475956411390065e+01  7.445190e-01  1.858369e+01  5.879513e+01  9.982227e+02  6.014064e+03  8.931661e+04  2.398873e+01  1.764545e+03  5.4082309914049816e+04
      3350  8.3750000000004761e+00  1.0014561455565796e-01  1.8758994730062415e+01  7.755531e-01  1.901005e+01  6.348742e+01  1.067885e+03  6.983398e+03  1.019241e+05  2.391724e+01  1.710680e+03  5.5578987359323342e+04
      3360  8.4000000000004711e+00  9.9830791788338563e-02  1.9054636469728944e+01  8.169868e-01  1.972226e+01  6.997874e+01  1.178532e+03  8.096729e+03  1.196752e+05  2.395793e+01  1.681302e+03  5.7193872292886277e+04
      3370  8.4250000000004661e+00  9.9510958514184927e-02  1.9360493320669974e+01  8.603643e-01  2.061958e+01  7.750766e+01  1.321779e+03  9.432769e+03  1.434315e+05  2.464787e+01  1.862036e+03  5.8914895458836778e+04
      3380  8.4500000000004611e+00  9.9185993708551204e-02  1.9670187634191009e+01  8.871536e-01  2.127460e+01  8.234276e+01  1.422877e+03  1.034949e+04  1.612301e+05  2.562924e+01  2.041714e+03  6.0744969797674814e+04
      3390  8.4750000000004562e+00  9.8855881929716102e-02  1.9977187435123522e+01  8.934871e-01  2.159567e+01  8.236171e+01  1.452821e+03  1.026739e+04  1.659760e+05  2.575077e+01  1.979057e+03  6.2721231004919733e+04
      3400  8.5000000000004512e+00  9.8520724780984475e-02  2.0274056858432800e+01  8.925654e-01  2.204353e+01  8.652183e+01  1.581055e+03  1.209360e+04  2.055134e+05  2.636289e+01  2.183503e+03  6.4757926093299830e+04
      3410  8.5250000000004462e+00  9.8180730200298785e-02  2.0557045740453670e+01  9.022057e-01  2.249370e+01  9.181757e+01  1.686644e+03  1.360336e+04  2.277097e+05  2.656043e+01  2.165905e+03  6.6708883448943583e+04
      3420  8.5500000000004412e+00  9.7836129006071998e-02  2.0826458845555425e+01  9.257459e-01  2.307757e+01  1.018084e+02  1.869260e+03  1.694203e+04  2.836092e+05  2.708424e+01  2.365786e+03  6.8531838678069049e+04
      3430  8.5750000000004363e+00  9.7487151992113996e-02  2.1082006616109577e+01  9.461348e-01  2.377151e+01  1.151186e+02  2.179056e+03  2.320140e+04  4.217191e+05  2.829918e+01  2.964253e+03  7.0266247663645248e+04
      3440  8.6000000000004313e+00  9.7134026285348479e-02  2.1324254338882806e+01  9.474325e-01  2.411578e+01  1.201748e+02  2.298199e+03  2.477073e+04  4.469631e+05  2.941346e+01  3.487027e+03  7.1942027092657343e+04
      3450  8.6250000000004263e+00  9.6776964531730389e-02  2.1553722355050155e+01  9.338950e-01  2.416738e+01  1.207709e+02  2.383400e+03  2.700294e+04  5.175228e+05  3.048929e+01  4.076743e+03  7.3544265089682653e+04
      3460  8.6500000000004214e+00  9.6416180599074364e-02  2.1770189422311667e+01  9.151553e-01  2.374680e+01  1.147287e+02  2.246379e+03  2.387154e+04  4.377230e+05  3.045704e+01  3.917526e+03  7.5042872721774329e+04
      3470  8.6750000000004164e+00  9.6051880281843416e-02  2.1975710557352148e+01  9.047206e-01  2.315093e+01  1.081950e+02  2.133394e+03  2.263638e+04  4.290768e+05  2.992506e+01  3.929606e+03  7.6500788956806340e+04
      3480  8.7000000000004114e+00  9.5684242224946578e-02  2.2170366021837026e+01  9.031379e-01  2.268048e+01  1.030974e+02  2.024602e+03  2.063281e+04  3.873685e+05  2.950267e+01  3.860136e+03  7.8000861650028601e+04
      3490  8.7250000000004064e+00  9.5313491709104747e-02  2.2348116332219952e+01  8.942605e-01  2.222764e+01  9.713168e+01  1.878470e+03  1.786128e+04  3.254884e+05  2.932074e+01  3.646558e+03  7.9495042763608566e+04
      3500  8.7500000000004015e+00  9.4939965257386086e-02  2.2503509513913219e+01  8.719331e-01  2.178778e+01  9.258863e+01  1.766476e+03  1.615217e+04  2.882969e+05  2.896467e+01  3.442680e+03  8.0869525573135019e+04
      3510  8.7750000000003965e+00  9.4564021746486385e-02  2.2639225111328518e+01  8.493846e-01  2.137529e+01  8.741584e+01  1.655476e+03  1.445835e+04  2.571388e+05  2.856889e+01  3.234958e+03  8.2160472017804816e+04
      3520  8.8000000000003915e+00  9.4185961673370996e-02  2.2757515418697313e+01  8.363844e-01  2.116404e+01  8.418392e+01  1.577059e+03  1.301730e+04  2.263239e+05  2.873569e+01  3.028684e+03  8.3463230503639206e+04
      3530  8.8250000000003865e+00  9.3806113202396832e-02  2.2852628880505740e+01  8.239739e-01  2.095787e+01  8.351722e+01  1.545973e+03  1.301176e+04  2.182566e+05  2.915414e+01  3.002741e+03  8.4745691524116613e+04
      3540  8.8500000000003816e+00  9.3424928469816967e-02  2.2916469159556023e+01  8.010099e-01  2.064724e+01  7.835451e+01  1.517250e+03  1.275537e+04  2.285529e+05  2.961081e+01  3.262666e+03  8.5871378421763584e+04
      3550  8.8750000000003766e+00  9.3042944875213876e-02  2.2947937084344016e+01  7.726501e-01  2.028952e+01  7.376034e+01  1.501721e+03  1.302535e+04  2.529460e+05  3.006929e+01  3.766678e+03  8.6796979711712062e+04
      3560  8.9000000000003716e+00  9.2660669564583159e-02  2.2950640030248401e+01  7.453428e-01  1.975928e+01  6.870064e+01  1.415924e+03  1.208526e+04  2.376018e+05  2.949946e+01  3.793266e+03  8.7556782347690969e+04
      3570  8.9250000000003666e+00  9.2278573157329208e-02  2.2925772460451082e+01  7.171363e-01  1.904283e+01  6.136119e+01  1.237139e+03  9.400320e+03  1.764973e+05  2.780287e+01  3.142039e+03  8.8131981608992501e+04
      3580  8.9500000000003617e+00  9.1897111346883373e-02  2.2874493463499906e+01  6.906947e-01  1.825917e+01  5.422292e+01  1.070886e+03  7.008830e+03  1.254834e+05  2.572628e+01  2.328694e+03  8.8506407723427954e+04
      3590  8.9750000000003567e+00  9.1516716790277119e-02  2.2797984929117803e+01  6.680144e-01  1.757976e+01  4.916154e+01  9.652305e+02  5.784900e+03  1.023126e+05  2.424172e+01  1.883792e+03  8.8685180670079368e+04
      3600  9.0000000000003517e+00  9.1137799597310415e-02  2.2697451447872858e+01  6.505987e-01  1.712584e+01  4.644459e+01  9.090800e+02  5.297079e+03  9.343706e+04  2.352989e+01  1.791336e+03  8.8659547533686607e+04
      3610  9.0250000000003467e+00  9.0760747887873056e-02  2.2573925030571935e+01  6.402541e-01  1.672015e+01  4.534623e+01  8.704545e+02  5.200441e+03  8.940921e+04  2.259752e+01  1.685151e+03  8.8402763538678497e+04
      3620  9.0500000000003418e+00  9.0385925468154438e-02  2.2429915027079065e+01  6.363983e-01  1.630413e+01  4.471857e+01  8.215562e+02  4.994112e+03  8.169096e+04  2.171675e+01  1.514982e+03  8.7915348083847741e+04
      3630  9.0750000000003368e+00  9.0013637350966375e-02  2.2269729687067237e+01  6.286157e-01  1.587800e+01  4.299285e+01  7.680250e+02  4.619769e+03  7.338421e+04  2.105663e+01  1.391494e+03  8.7245435022794016e+04
      3640  9.1000000000003318e+00  8.9644128991866440e-02  2.2095761752701513e+01  6.126659e-01  1.541754e+01  3.959953e+01  7.184574e+02  4.092320e+03  6.766727e+04  2.042163e+01  1.324192e+03  8.6415450406203119e+04
      3650  9.1250000000003268e+00  8.9277610776408514e-02  2.1910493588408279e+01  5.913938e-01  1.499056e+01  3.640525e+01  6.676553e+02  3.475911e+03  5.889579e+04  1.996072e+01  1.262896e+03  8.5421341925014436e+04
      3660  9.1500000000003219e+00  8.8914215625467793e-02  2.1721560631847897e+01  5.694454e-01  1.468027e+01  3.434982e+01  6.301416e+02  2.999827e+03  5.192448e+04  1.955297e+01  1.170335e+03  8.4355306043522476e+04
      3670  9.1750000000003169e+00  8.8553922002781449e-02  2.1538433504439094e+01  5.519432e-01  1.444420e+01  3.309062e+01  6.114142e+02  2.909903e+03  4.995327e+04  1.910129e+01  1.116014e+03  8.3359110424210638e+04
      3680  9.2000000000003119e+00  8.8196609573972282e-02  2.1362567735850863e+01  5.441953e-01  1.429931e+01  3.315340e+01  6.048852e+02  3.075355e+03  5.001327e+04  1.881894e+01  1.123063e+03  8.2463723320690697e+04
      3690  9.2250000000003070e+00  8.7842194772266638e-02  2.1189104376846519e+01  5.452314e-01  1.415751e+01  3.361864e+01  5.950571e+02  3.217398e+03  4.951096e+04  1.868035e+01  1.125516e+03  8.1618386090026208e+04
      3700  9.2500000000003020e+00  8.7490696354445091e-02  2.1011207204017996e+01  5.492030e-01  1.404677e+01  3.435459e+01  5.909163e+02  3.237082e+03  4.879732e+04  1.887696e+01  1.177787e+03  8.0711519649526439e+04
      3710  9.2750000000002970e+00  8.7142226624065816e-02  2.0825469688813687e+01  5.555631e-01  1.388083e+01  3.422034e+01  5.787722e+02  3.120249e+03  4.669341e+04  1.881710e+01  1.216169e+03  7.9668541393867737e+04
      3720  9.3000000000002920e+00  8.6796902636470774e-02  2.0634076267415182e+01  5.633534e-01  1.363605e+01  3.376988e+01  5.504277e+02  2.945453e+03  4.263462e+04  1.815413e+01  1.100889e+03  7.8505495686301234e+04
      3730  9.3250000000002871e+00  8.6454794359021814e-02  2.0439808701096091e+01  5.713604e-01  1.346759e+01  3.361819e+01  5.325662e+02  2.839051e+03  4.008773e+04  1.761813e+01  9.837991e+02  7.7239004749819069e+04
      3740  9.3500000000002821e+00  8.6115926268968038e-02  2.0245884604563884e+01  5.814191e-01  1.328804e+01  3.387005e+01  5.145755e+02  2.770755e+03  3.755432e+04  1.692061e+01  8.445497e+02  7.5886363325598213e+04
      3750  9.3750000000002771e+00  8.5780250011103801e-02  2.0057349286901914e+01  5.908468e-01  1.316764e+01  3.458627e+01  5.119299e+02  2.851702e+03  3.830240e+04  1.645736e+01  7.851890e+02  7.4525194721396707e+04
      3760  9.4000000000002721e+00  8.5447650140438106e-02  1.9876430439539639e+01  5.959368e-01  1.312458e+01  3.555932e+01  5.221803e+02  3.021892e+03  4.114750e+04  1.636929e+01  7.917745e+02  7.3202365603188897e+04
      3770  9.4250000000002672e+00  8.5118008515682686e-02  1.9701995749069560e+01  6.002391e-01  1.305042e+01  3.574145e+01  5.228792e+02  3.076322e+03  4.283834e+04  1.620032e+01  7.832159e+02  7.1905048270533167e+04
      3780  9.4500000000002622e+00  8.4791217164668711e-02  1.9534544190276428e+01  6.064582e-01  1.296456e+01  3.544162e+01  5.194657e+02  3.046174e+03  4.318323e+04  1.590176e+01  7.438447e+02  7.0649436041767563e+04
      3790  9.4750000000002572e+00  8.4467138477072018e-02  1.9376454626112221e+01  6.115385e-01  1.292087e+01  3.567734e+01  5.238253e+02  3.114003e+03  4.397788e+04  1.574249e+01  7.303774e+02  6.9483512175579293e+04
      3800  9.5000000000002522e+00  8.4145606559262509e-02  1.9228596576449256e+01  6.100301e-01  1.283757e+01  3.557803e+01  5.283237e+02  3.203850e+03  4.541651e+04  1.556583e+01  7.376081e+02  6.8429286881284555e+04
      3810  9.5250000000002473e+00  8.3826458167412451e-02  1.9090520785940136e+01  6.046466e-01  1.267608e+01  3.488475e+01  5.157088e+02  3.128495e+03  4.429434e+04  1.533510e+01  7.116508e+02  6.7469643829761437e+04
      3820  9.5500000000002423e+00  8.3509532418439475e-02  1.8961971928168253e+01  6.015566e-01  1.240817e+01  3.349846e+01  4.837955e+02  2.869153e+03  3.972806e+04  1.491468e+01  6.456423e+02  6.6577325202236359e+04
      3830  9.5750000000002373e+00  8.3194671607687218e-02  1.8842515172809026e+01  6.034276e-01  1.212271e+01  3.218449e+01  4.452818e+02  2.605119e+03  3.384141e+04  1.462125e+01  5.957612e+02  6.5739195031399082e+04
      3840  9.6000000000002323e+00  8.2881725820072777e-02  1.8731880094472437e+01  6.088965e-01  1.185030e+01  3.093860e+01  4.090196e+02  2.315285e+03  2.812365e+04  1.433420e+01  5.502871e+02  6.4969547390660227e+04
      3850  9.6250000000002274e+00  8.2570557519484639e-02  1.8628707337619637e+01  6.120264e-01  1.162294e+01  2.988894e+01  3.828562e+02  2.112891e+03  2.460859e+04  1.413867e+01  5.240088e+02  6.4266979102164471e+04
      3860  9.6500000000002224e+00  8.2261058562959427e-02  1.8531272145735421e+01  6.123251e-01  1.138143e+01  2.878259e+01  3.591858e+02  1.937022e+03  2.189323e+04  1.378052e+01  4.887615e+02  6.3613742354097936e+04
      3870  9.6750000000002174e+00  8.1953135543663236e-02  1.8439797227569422e+01  6.119285e-01  1.117167e+01  2.784484e+01  3.389592e+02  1.784202e+03  1.961110e+04  1.358493e+01  4.719895e+02  6.3025976454467076e+04
      3880  9.7000000000002125e+00  8.1646697721960704e-02  1.8353205242849196e+01  6.074183e-01  1.097377e+01  2.686204e+01  3.218379e+02  1.665052e+03  1.797716e+04  1.337556e+01  4.587278e+02  6.2489446625327953e+04
      3890  9.7250000000002075e+00  8.1341690221196944e-02  1.8268562497065925e+01  5.989708e-01  1.081953e+01  2.584788e+01  3.077089e+02  1.526702e+03  1.608188e+04  1.321764e+01  4.413191e+02  6.1935195136164417e+04
      3900  9.7500000000002025e+00  8.1038086121787770e-02  1.8185423748274150e+01  5.918752e-01  1.074229e+01  2.503791e+01  3.004131e+02  1.434763e+03  1.509785e+04  1.316698e+01  4.379886e+02  6.1329938162337727e+04
      3910  9.7750000000001975e+00  8.0735837196971000e-02  1.8106090788236450e+01  5.864614e-01  1.066789e+01  2.420797e+01  2.941584e+02  1.353218e+03  1.447196e+04  1.289024e+01  4.028716e+02  6.0716837915487980e+04
      3920  9.8000000000001926e+00  8.0434860824600968e-02  1.8031916075949532e+01  5.806158e-01  1.061697e+01  2.357048e+01  2.916282e+02  1.309451e+03  1.436536e+04  1.274176e+01  3.965598e+02  6.0153583202786918e+04
      3930  9.8250000000001876e+00  8.0135080612052836e-02  1.7961554290842646e+01  5.755504e-01  1.056756e+01  2.275112e+01  2.865458e+02  1.218579e+03  1.365978e+04  1.266873e+01  3.932965e+02  5.9642899258377707e+04
      3940  9.8500000000001826e+00  7.9836443539475554e-02  1.7894209649387111e+01  5.780097e-01  1.055336e+01  2.251715e+01  2.858020e+02  1.185563e+03  1.347786e+04  1.267541e+01  3.959659e+02  5.9175514548816645e+04
      3950  9.8750000000001776e+00  7.9538899176806621e-02  1.7829934127689022e+01  5.885153e-01  1.052854e+01  2.292009e+01  2.873345e+02  1.253489e+03  1.435915e+04  1.257034e+01  3.869024e+02  5.8757617034298353e+04
      3960  9.9000000000001727e+00  7.9242403826500329e-02  1.7767625718816561e+01  5.998459e-01  1.049381e+01  2.289200e+01  2.864972e+02  1.254078e+03  1.481301e+04  1.261809e+01  3.967265e+02  5.8390845020080116e+04
      3970  9.9250000000001677e+00  7.8946942608275145e-02  1.7704898072423127e+01  6.095136e-01  1.046919e+01  2.293879e+01  2.831970e+02  1.213718e+03  1.407522e+04  1.284101e+01  4.141109e+02  5.8046498079021825e+04
      3980  9.9500000000001627e+00  7.8652540187939157e-02  1.7639935714105626e+01  6.224693e-01  1.046059e+01  2.341181e+01  2.823281e+02  1.203032e+03  1.348637e+04  1.284068e+01  4.034341e+02  5.7685872552496119e+04
      3990  9.9750000000001577e+00  7.8359237683195720e-02  1.7572606952412851e+01  6.401368e-01  1.050421e+01  2.455430e+01  2.896400e+02  1.295657e+03  1.437666e+04  1.285721e+01  4.031094e+02  5.7303187025714302e+04
      4000  1.0000000000000153e+01  7.8067073130958037e-02  1.7502990438022632e+01  6.577801e-01  1.052267e+01  2.600810e+01  2.987719e+02  1.454296e+03  1.587981e+04  1.279807e+01  3.996807e+02  5.6897904025168056e+04
