         0  0.0000000000000000e+00  1.2500000000000000e-01  3.7500000000000000e-01
        10  2.4999999999999998e-02  1.2481263649777707e-01  3.7446223940340577e-01
        20  5.0000000000000010e-02  1.2462552957690578e-01  3.7397358198807678e-01
        30  7.5000000000000025e-02  1.2443865482214316e-01  3.7353348744562106e-01
        40  1.0000000000000005e-01  1.2425198808087324e-01  3.7314144538392568e-01
        50  1.2500000000000006e-01  1.2406550544843776e-01  3.7279697417206218e-01
        60  1.5000000000000008e-01  1.2387918325404434e-01  3.7249961978422697e-01
        70  1.7500000000000010e-01  1.2369299804725322e-01  3.7224895464257023e-01
        80  2.0000000000000012e-01  1.2350692658504299e-01  3.7204457645895502e-01
        90  2.2500000000000014e-01  1.2332094581945527e-01  3.7188610707585302e-01
       100  2.5000000000000017e-01  1.2313503288581945e-01  3.7177319130673251e-01
       110  2.7500000000000019e-01  1.2294916509155694e-01  3.7170549577640606e-01
       120  3.0000000000000021e-01  1.2276331990556540e-01  3.7168270776191153e-01
       130  3.2500000000000023e-01  1.2257747494818236e-01  3.7170453403457137e-01
       140  3.5000000000000026e-01  1.2239160798172691e-01  3.7177069970393146e-01
       150  3.7500000000000028e-01  1.2220569690161908e-01  3.7188094706432112e-01
       160  4.0000000000000030e-01  1.2201971972807541e-01  3.7203503444479280e-01
       170  4.2500000000000032e-01  1.2183365459837782e-01  3.7223273506319851e-01
       180  4.5000000000000034e-01  1.2164747975971506e-01  3.7247383588515386e-01
       190  4.7500000000000037e-01  1.2146117356259296e-01  3.7275813648860594e-01
       200  5.0000000000000033e-01  1.2127471445481039e-01  3.7308544793468316e-01
       210  5.2499999999999980e-01  1.2108808097599888e-01  3.7345559164545968e-01
       220  5.4999999999999927e-01  1.2090125175272132e-01  3.7386839828920118e-01
       230  5.7499999999999873e-01  1.2071420549412541e-01  3.7432370667359197e-01
       240  5.9999999999999820e-01  1.2052692098814929e-01  3.7482136264737949e-01
       250  6.2499999999999767e-01  1.2033937709827348e-01  3.7536121801078690e-01
       260  6.4999999999999714e-01  1.2015155276081617e-01  3.7594312943497594e-01
       270  6.7499999999999660e-01  1.1996342698276515e-01  3.7656695739075683e-01
       280  6.9999999999999607e-01  1.1977497884014466e-01  3.7723256508668214e-01
       290  7.2499999999999554e-01  1.1958618747690968e-01  3.7793981741657471e-01
       300  7.4999999999999500e-01  1.1939703210436428e-01  3.7868857991649018e-01
       310  7.7499999999999447e-01  1.1920749200109958e-01  3.7947871773105403e-01
       320  7.9999999999999394e-01  1.1901754651344591e-01  3.8031009458906718e-01
       330  8.2499999999999341e-01  1.1882717505643466e-01  3.8118257178824223e-01
       340  8.4999999999999287e-01  1.1863635711526620e-01  3.8209600718891405e-01
       350  8.7499999999999234e-01  1.1844507224727780e-01  3.8305025421655844e-01
       360  8.9999999999999181e-01  1.1825330008440920e-01  3.8404516087297248e-01
       370  9.2499999999999127e-01  1.1806102033615944e-01  3.8508056875599082e-01
       380  9.4999999999999074e-01  1.1786821279303214e-01  3.8615631208766867e-01
       390  9.7499999999999021e-01  1.1767485733046486e-01  3.8727221675092954e-01
       400  9.9999999999998967e-01  1.1748093391323757e-01  3.8842809933476373e-01
       410  1.0249999999999893e+00  1.1728642260035650e-01  3.8962376618818048e-01
       420  1.0499999999999887e+00  1.1709130355040870e-01  3.9085901248324846e-01
       430  1.0749999999999882e+00  1.1689555702738283e-01  3.9213362128771890e-01
       440  1.0999999999999877e+00  1.1669916340695111e-01  3.9344736264790339e-01
       450  1.1249999999999871e+00  1.1650210318320689e-01  3.9479999268267997e-01
       460  1.1499999999999866e+00  1.1630435697585252e-01  3.9619125268972314e-01
       470  1.1749999999999861e+00  1.1610590553783027e-01  3.9762086826529367e-01
       480  1.1999999999999855e+00  1.1590672976339068e-01  3.9908854843918392e-01
       490  1.2249999999999850e+00  1.1570681069658748e-01  4.0059398482668010e-01
       500  1.2499999999999845e+00  1.1550612954019391e-01  4.0213685079970157e-01
       510  1.2749999999999839e+00  1.1530466766502646e-01  4.0371680067955171e-01
       520  1.2999999999999834e+00  1.1510240661966749e-01  4.0533346895403021e-01
       530  1.3249999999999829e+00  1.1489932814057171e-01  4.0698646952193778e-01
       540  1.3499999999999823e+00  1.1469541416254343e-01  4.0867539496830816e-01
       550  1.3749999999999818e+00  1.1449064682956758e-01  4.1039981587397461e-01
       560  1.3999999999999813e+00  1.1428500850597632e-01  4.1215928016334294e-01
       570  1.4249999999999807e+00  1.1407848178793163e-01  4.1395331249448734e-01
       580  1.4499999999999802e+00  1.1387104951520151e-01  4.1578141369588961e-01
       590  1.4749999999999797e+00  1.1366269478320520e-01  4.1764306025431786e-01
       600  1.4999999999999791e+00  1.1345340095529971e-01  4.1953770385846688e-01
       610  1.5249999999999786e+00  1.1324315167528146e-01  4.2146477100307502e-01
       620  1.5499999999999781e+00  1.1303193088006827e-01  4.2342366265823452e-01
       630  1.5749999999999775e+00  1.1281972281252976e-01  4.2541375400859539e-01
       640  1.5999999999999770e+00  1.1260651203443016e-01  4.2743439426704679e-01
       650  1.6249999999999765e+00  1.1239228343944400e-01  4.2948490656729024e-01
       660  1.6499999999999759e+00  1.1217702226620609e-01  4.3156458793947253e-01
       670  1.6749999999999754e+00  1.1196071411135050e-01  4.3367270937271935e-01
       680  1.6999999999999749e+00  1.1174334494249720e-01  4.3580851596802475e-01
       690  1.7249999999999743e+00  1.1152490111113843e-01  4.3797122718447479e-01
       700  1.7499999999999738e+00  1.1130536936537791e-01  4.4016003718124958e-01
       710  1.7749999999999733e+00  1.1108473686247560e-01  4.4237411525724580e-01
       720  1.7999999999999727e+00  1.1086299118114650e-01  4.4461260638949358e-01
       730  1.8249999999999722e+00  1.1064012033356715e-01  4.4687463187084193e-01
       740  1.8499999999999717e+00  1.1041611277703711e-01  4.4915929004661579e-01
       750  1.8749999999999711e+00  1.1019095742524843e-01  4.5146565714917667e-01
       760  1.8999999999999706e+00  1.0996464365911323e-01  4.5379278822850319e-01
       770  1.9249999999999701e+00  1.0973716133710282e-01  4.5613971817609967e-01
       780  1.9499999999999695e+00  1.0950850080505218e-01  4.5850546283872879e-01
       790  1.9749999999999690e+00  1.0927865290538607e-01  4.6088902021767277e-01
       800  1.9999999999999685e+00  1.0904760898572480e-01  4.6328937174846535e-01
       810  2.0249999999999679e+00  1.0881536090683168e-01  4.6570548365531900e-01
       820  2.0499999999999674e+00  1.0858190104986587e-01  4.6813630837380190e-01
       830  2.0749999999999669e+00  1.0834722232290775e-01  4.7058078603471561e-01
       840  2.0999999999999663e+00  1.0811131816672919e-01  4.7303784600159976e-01
       850  2.1249999999999658e+00  1.0787418255978328e-01  4.7550640845383399e-01
       860  2.1499999999999653e+00  1.0763581002239245e-01  4.7798538600694704e-01
       870  2.1749999999999647e+00  1.0739619562011934e-01  4.8047368536147388e-01
       880  2.1999999999999642e+00  1.0715533496630765e-01  4.8297020897151802e-01
       890  2.2249999999999637e+00  1.0691322422378603e-01  4.8547385672410158e-01
       900  2.2499999999999631e+00  1.0666986010573083e-01  4.8798352762038699e-01
       910  2.2749999999999626e+00  1.0642523987569041e-01  4.9049812144996947e-01
       920  2.2999999999999621e+00  1.0617936134677527e-01  4.9301654044961969e-01
       930  2.3249999999999615e+00  1.0593222288002432e-01  4.9553769093813717e-01
       940  2.3499999999999610e+00  1.0568382338196204e-01  4.9806048491932922e-01
       950  2.3749999999999605e+00  1.0543416230136299e-01  5.0058384164554045e-01
       960  2.3999999999999599e+00  1.0518323962524636e-01  5.0310668913465359e-01
       970  2.4249999999999594e+00  1.0493105587412485e-01  5.0562796563400828e-01
       980  2.4499999999999589e+00  1.0467761209653600e-01  5.0814662102526950e-01
       990  2.4749999999999583e+00  1.0442290986288750e-01  5.1066161816489012e-01
      1000  2.4999999999999578e+00  1.0416695125864866e-01  5.1317193415545310e-01
      1010  2.5249999999999573e+00  1.0390973887692463e-01  5.1567656154383559e-01
      1020  2.5499999999999567e+00  1.0365127581045100e-01  5.1817450944280894e-01
      1030  2.5749999999999562e+00  1.0339156564304661e-01  5.2066480457334577e-01
      1040  2.5999999999999557e+00  1.0313061244056570e-01  5.2314649222557269e-01
      1050  2.6249999999999551e+00  1.0286842074139053e-01  5.2561863713695163e-01
      1060  2.6499999999999546e+00  1.0260499554650557e-01  5.2808032428689323e-01
      1070  2.6749999999999541e+00  1.0234034230919522e-01  5.3053065960760711e-01
      1080  2.6999999999999535e+00  1.0207446692440716e-01  5.3296877061156442e-01
      1090  2.7249999999999530e+00  1.0180737571782241e-01  5.3539380693647505e-01
      1100  2.7499999999999525e+00  1.0153907543467383e-01  5.3780494080918374e-01
      1110  2.7749999999999519e+00  1.0126957322835145e-01  5.4020136743033152e-01
      1120  2.7999999999999514e+00  1.0099887664883603e-01  5.4258230528205582e-01
      1130  2.8249999999999509e+00  1.0072699363099656e-01  5.4494699636135029e-01
      1140  2.8499999999999504e+00  1.0045393248279006e-01  5.4729470634204230e-01
      1150  2.8749999999999498e+00  1.0017970187339600e-01  5.4962472466860463e-01
      1160  2.8999999999999493e+00  9.9904310821321899e-02  5.5193636458526734e-01
      1170  2.9249999999999488e+00  9.9627768682508685e-02  5.5422896310406176e-01
      1180  2.9499999999999482e+00  9.9350085138466650e-02  5.5650188091558180e-01
      1190  2.9749999999999477e+00  9.9071270184469735e-02  5.5875450224634550e-01
      1200  2.9999999999999472e+00  9.8791334117833803e-02  5.6098623466669410e-01
      1210  3.0249999999999466e+00  9.8510287526302272e-02  5.6319650885319211e-01
      1220  3.0499999999999461e+00  9.8228141276560782e-02  5.6538477830946614e-01
      1230  3.0749999999999456e+00  9.7944906502902057e-02  5.6755051904938564e-01
      1240  3.0999999999999450e+00  9.7660594596056404e-02  5.6969322924638341e-01
      1250  3.1249999999999445e+00  9.7375217192206397e-02  5.7181242885262624e-01
      1260  3.1499999999999440e+00  9.7088786162198160e-02  5.7390765919158912e-01
      1270  3.1749999999999434e+00  9.6801313600962622e-02  5.7597848252743334e-01
      1280  3.1999999999999429e+00  9.6512811817156956e-02  5.7802448161440400e-01
      1290  3.2249999999999424e+00  9.6223293323035703e-02  5.8004525922925922e-01
      1300  3.2499999999999418e+00  9.5932770824559463e-02  5.8204043768952863e-01
      1310  3.2749999999999413e+00  9.5641257211747596e-02  5.8400965836016761e-01
      1320  3.2999999999999408e+00  9.5348765549279646e-02  5.8595258115093339e-01
      1330  3.3249999999999402e+00  9.5055309067349976e-02  5.8786888400656502e-01
      1340  3.3499999999999397e+00  9.4760901152779413e-02  5.8975826239159877e-01
      1350  3.3749999999999392e+00  9.4465555340384245e-02  5.9162042877139126e-01
      1360  3.3999999999999386e+00  9.4169285304606868e-02  5.9345511209068670e-01
      1370  3.4249999999999381e+00  9.3872104851405999e-02  5.9526205725079718e-01
      1380  3.4499999999999376e+00  9.3574027910409869e-02  5.9704102458624575e-01
      1390  3.4749999999999370e+00  9.3275068527329966e-02  5.9879178934147033e-01
      1400  3.4999999999999365e+00  9.2975240856637090e-02  6.0051414114798369e-01
      1410  3.5249999999999360e+00  9.2674559154498325e-02  6.0220788350216506e-01
      1420  3.5499999999999354e+00  9.2373037771975021e-02  6.0387283324367568e-01
      1430  3.5749999999999349e+00  9.2070691148481510e-02  6.0550882003431787e-01
      1440  3.5999999999999344e+00  9.1767533805504199e-02  6.0711568583700188e-01
      1450  3.6249999999999338e+00  9.1463580340581323e-02  6.0869328439436032e-01
      1460  3.6499999999999333e+00  9.1158845421543744e-02  6.1024148070644312e-01
      1470  3.6749999999999328e+00  9.0853343781016939e-02  6.1176015050684473e-01
      1480  3.6999999999999322e+00  9.0547090211185850e-02  6.1324917973656797e-01
      1490  3.7249999999999317e+00  9.0240099558823158e-02  6.1470846401490189e-01
      1500  3.7499999999999312e+00  8.9932386720583340e-02  6.1613790810660088e-01
      1510  3.7749999999999306e+00  8.9623966638563749e-02  6.1753742538468591e-01
      1520  3.7999999999999301e+00  8.9314854296136205e-02  6.1890693728826292e-01
      1530  3.8249999999999296e+00  8.9005064714050427e-02  6.2024637277484135e-01
      1540  3.8499999999999290e+00  8.8694612946812858e-02  6.2155566776677453e-01
      1550  3.8749999999999285e+00  8.8383514079344051e-02  6.2283476459159757e-01
      1560  3.8999999999999280e+00  8.8071783223917350e-02  6.2408361141622128e-01
      1570  3.9249999999999274e+00  8.7759435517381625e-02  6.2530216167515366e-01
      1580  3.9499999999999269e+00  8.7446486118671933e-02  6.2649037349315743e-01
      1590  3.9749999999999264e+00  8.7132950206609493e-02  6.2764820910299668e-01
      1600  3.9999999999999258e+00  8.6818842977994276e-02  6.2877563425920748e-01
      1610  4.0249999999999293e+00  8.6504179645991068e-02  6.2987261764909426e-01
      1620  4.0499999999999332e+00  8.6188975438811107e-02  6.3093913030245459e-01
      1630  4.0749999999999371e+00  8.5873245598687639e-02  6.3197514500181025e-01
      1640  4.0999999999999410e+00  8.5557005381147008e-02  6.3298063569522100e-01
      1650  4.1249999999999449e+00  8.5240270054571676e-02  6.3395557691402106e-01
      1660  4.1499999999999488e+00  8.4923054900052497e-02  6.3489994319807918e-01
      1670  4.1749999999999527e+00  8.4605375211526058e-02  6.3581370853142466e-01
      1680  4.1999999999999567e+00  8.4287246296190955e-02  6.3669684579128597e-01
      1690  4.2249999999999606e+00  8.3968683475195753e-02  6.3754932621376375e-01
      1700  4.2499999999999645e+00  8.3649702084588744e-02  6.3837111887949957e-01
      1710  4.2749999999999684e+00  8.3330317476519470e-02  6.3916219022279766e-01
      1720  4.2999999999999723e+00  8.3010545020679357e-02  6.3992250356770456e-01
      1730  4.3249999999999762e+00  8.2690400105966257e-02  6.4065201869454862e-01
      1740  4.3499999999999801e+00  8.2369898142357735e-02  6.4135069144039775e-01
      1750  4.3749999999999840e+00  8.2049054562975024e-02  6.4201847333678444e-01
      1760  4.3999999999999879e+00  8.1727884826317906e-02  6.4265531128789507e-01
      1770  4.4249999999999918e+00  8.1406404418649717e-02  6.4326114729221832e-01
      1780  4.4499999999999957e+00  8.1084628856510443e-02  6.4383591821039141e-01
      1790  4.4749999999999996e+00  8.0762573689333516e-02  6.4437955558168702e-01
      1800  4.5000000000000036e+00  8.0440254502141685e-02  6.4489198549124331e-01
      1810  4.5250000000000075e+00  8.0117686918296600e-02  6.4537312848976908e-01
      1820  4.5500000000000114e+00  7.9794886602274780e-02  6.4582289956704443e-01
      1830  4.5750000000000153e+00  7.9471869262443351e-02  6.4624120818011576e-01
      1840  4.6000000000000192e+00  7.9148650653807951e-02  6.4662795833663027e-01
      1850  4.6250000000000231e+00  7.8825246580704928e-02  6.4698304873330260e-01
      1860  4.6500000000000270e+00  7.8501672899411102e-02  6.4730637294904570e-01
      1870  4.6750000000000309e+00  7.8177945520642659e-02  6.4759781969183332e-01
      1880  4.7000000000000348e+00  7.7854080411918598e-02  6.4785727309792664e-01
      1890  4.7250000000000387e+00  7.7530093599760595e-02  6.4808461308165132e-01
      1900  4.7500000000000426e+00  7.7206001171706842e-02  6.4827971573351738e-01
      1910  4.7750000000000465e+00  7.6881819278114581e-02  6.4844245376408195e-01
      1920  4.8000000000000504e+00  7.6557564133730248e-02  6.4857269699061455e-01
      1930  4.8250000000000544e+00  7.6233252019006251e-02  6.4867031286331123e-01
      1940  4.8500000000000583e+00  7.5908899281145011e-02  6.4873516702752906e-01
      1950  4.8750000000000622e+00  7.5584522334854391e-02  6.4876712391829271e-01
      1960  4.9000000000000661e+00  7.5260137662798076e-02  6.4876604738313069e-01
      1970  4.9250000000000700e+00  7.4935761815728493e-02  6.4873180132916650e-01
      1980  4.9500000000000739e+00  7.4611411412290982e-02  6.4866425039029276e-01
      1990  4.9750000000000778e+00  7.4287103138490140e-02  6.4856326061020779e-01
      2000  5.0000000000000817e+00  7.3962853746811907e-02  6.4842870013708835e-01
      2010  5.0250000000000856e+00  7.3638680054995683e-02  6.4826043992570435e-01
      2020  5.0500000000000895e+00  7.3314598944454883e-02  6.4805835444286064e-01
      2030  5.0750000000000934e+00  7.2990627358344774e-02  6.4782232237215583e-01
      2040  5.1000000000000973e+00  7.2666782299278484e-02  6.4755222731419084e-01
      2050  5.1250000000001013e+00  7.2343080826695175e-02  6.4724795847853557e-01
      2060  5.1500000000001052e+00  7.2019540053885115e-02  6.4690941136395400e-01
      2070  5.1750000000001091e+00  7.1696177144677797e-02  6.4653648842360718e-01
      2080  5.2000000000001130e+00  7.1373009309802453e-02  6.4612909971219240e-01
      2090  5.2250000000001169e+00  7.1050053802929501e-02  6.4568716351221811e-01
      2100  5.2500000000001208e+00  7.0727327916405128e-02  6.4521060693688313e-01
      2110  5.2750000000001247e+00  7.0404848976690368e-02  6.4469936650728200e-01
      2120  5.3000000000001286e+00  7.0082634339518686e-02  6.4415338870193455e-01
      2130  5.3250000000001325e+00  6.9760701384785988e-02  6.4357263047689678e-01
      2140  5.3500000000001364e+00  6.9439067511188082e-02  6.4295705975497853e-01
      2150  5.3750000000001403e+00  6.9117750130621915e-02  6.4230665588284517e-01
      2160  5.4000000000001442e+00  6.8796766662365964e-02  6.4162141005502937e-01
      2170  5.4250000000001481e+00  6.8476134527057505e-02  6.4090132570411703e-01
      2180  5.4500000000001521e+00  6.8155871140483139e-02  6.4014641885659408e-01
      2190  5.4750000000001560e+00  6.7835993907200133e-02  6.3935671845405258e-01
      2200  5.5000000000001599e+00  6.7516520214005836e-02  6.3853226663964848e-01
      2210  5.5250000000001638e+00  6.7197467423272338e-02  6.3767311900988603e-01
      2220  5.5500000000001677e+00  6.6878852866164279e-02  6.3677934483196888e-01
      2230  5.5750000000001716e+00  6.6560693835756026e-02  6.3585102722710166e-01
      2240  5.6000000000001755e+00  6.6243007580066011e-02  6.3488826332026421e-01
      2250  5.6250000000001794e+00  6.5925811295024085e-02  6.3389116435709101e-01
      2260  5.6500000000001833e+00  6.5609122117389035e-02  6.3285985578859625e-01
      2270  5.6750000000001872e+00  6.5292957117630862e-02  6.3179447732456359e-01
      2280  5.7000000000001911e+00  6.4977333292794582e-02  6.3069518295649935e-01
      2290  5.7250000000001950e+00  6.4662267559359783e-02  6.2956214095110354e-01
      2300  5.7500000000001990e+00  6.4347776746110709e-02  6.2839553381526165e-01
      2310  5.7750000000002029e+00  6.4033877587030482e-02  6.2719555823359468e-01
      2320  5.8000000000002068e+00  6.3720586714233523e-02  6.2596242497963580e-01
      2330  5.8250000000002107e+00  6.3407920650948413e-02  6.2469635880171310e-01
      2340  5.8500000000002146e+00  6.3095895804564302e-02  6.2339759828463430e-01
      2350  5.8750000000002185e+00  6.2784528459751959e-02  6.2206639568826546e-01
      2360  5.9000000000002224e+00  6.2473834771671165e-02  6.2070301676409704e-01
      2370  5.9250000000002263e+00  6.2163830759275268e-02  6.1930774055088251e-01
      2380  5.9500000000002302e+00  6.1854532298722722e-02  6.1788085915041966e-01
      2390  5.9750000000002341e+00  6.1545955116905538e-02  6.1642267748453298e-01
      2400  6.0000000000002380e+00  6.1238114785103815e-02  6.1493351303429857e-01
      2410  6.0250000000002419e+00  6.0931026712774787e-02  6.1341369556252988e-01
      2420  6.0500000000002458e+00  6.0624706141484569e-02  6.1186356682052907e-01
      2430  6.0750000000002498e+00  6.0319168138990423e-02  6.1028348024008258e-01
      2440  6.1000000000002537e+00  6.0014427593480417e-02  6.0867380061166343e-01
      2450  6.1250000000002576e+00  5.9710499207977032e-02  6.0703490374977896e-01
      2460  6.1500000000002615e+00  5.9407397494911590e-02  6.0536717614638938e-01
      2470  6.1750000000002654e+00  5.9105136770874265e-02  6.0367101461329481e-01
      2480  6.2000000000002693e+00  5.8803731151545817e-02  6.0194682591438182e-01
      2490  6.2250000000002732e+00  5.8503194546815429e-02  6.0019502638859443e-01
      2500  6.2500000000002771e+00  5.8203540656089150e-02  5.9841604156448583e-01
      2510  6.2750000000002810e+00  5.7904782963793110e-02  5.9661030576719027e-01
      2520  6.3000000000002849e+00  5.7606934735074878e-02  5.9477826171864111e-01
      2530  6.3250000000002888e+00  5.7310009011706267e-02  5.9292036013185077e-01
      2540  6.3500000000002927e+00  5.7014018608190337e-02  5.9103705930005533e-01
      2550  6.3750000000002967e+00  5.6718976108074833e-02  5.8912882468151563e-01
      2560  6.4000000000003006e+00  5.6424893860474349e-02  5.8719612848075927e-01
      2570  6.4250000000003045e+00  5.6131783976802377e-02  5.8523944922703291e-01
      2580  6.4500000000003084e+00  5.5839658327714869e-02  5.8325927135073015e-01
      2590  6.4750000000003123e+00  5.5548528540265714e-02  5.8125608475854481e-01
      2600  6.5000000000003162e+00  5.5258405995275053e-02  5.7923038440809283e-01
      2610  6.5250000000003201e+00  5.4969301824910105e-02  5.7718266988273326e-01
      2620  6.5500000000003240e+00  5.4681226910478318e-02  5.7511344496730638e-01
      2630  6.5750000000003279e+00  5.4394191880432506e-02  5.7302321722549686e-01
      2640  6.6000000000003318e+00  5.4108207108586534e-02  5.7091249757951314e-01
      2650  6.6250000000003357e+00  5.3823282712540494e-02  5.6878179989276140e-01
      2660  6.6500000000003396e+00  5.3539428552313852e-02  5.6663164055617658e-01
      2670  6.6750000000003435e+00  5.3256654229183971e-02  5.6446253807885160e-01
      2680  6.7000000000003475e+00  5.2974969084728626e-02  5.6227501268359367e-01
      2690  6.7250000000003514e+00  5.2694382200068871e-02  5.6006958590800834e-01
      2700  6.7500000000003553e+00  5.2414902395310354e-02  5.5784678021169690e-01
      2710  6.7750000000003592e+00  5.2136538229178903e-02  5.5560711859012331e-01
      2720  6.8000000000003631e+00  5.1859297998847841e-02  5.5335112419568739e-01
      2730  6.8250000000003670e+00  5.1583189739952473e-02  5.5107931996650958e-01
      2740  6.8500000000003709e+00  5.1308221226788485e-02  5.4879222826340915e-01
      2750  6.8750000000003748e+00  5.1034399972689428e-02  5.4649037051552567e-01
      2760  6.9000000000003787e+00  5.0761733230579430e-02  5.4417426687500616e-01
      2770  6.9250000000003826e+00  5.0490227993695885e-02  5.4184443588114518e-01
      2780  6.9500000000003865e+00  5.0219890996477925e-02  5.3950139413433985e-01
      2790  6.9750000000003904e+00  4.9950728715615223e-02  5.3714565598018149e-01
      2800  7.0000000000003944e+00  4.9682747371252212e-02  5.3477773320397812e-01
      2810  7.0250000000003983e+00  4.9415952928342415e-02  5.3239813473596566e-01
      2820  7.0500000000004022e+00  4.9150351098147365e-02  5.3000736636743225e-01
      2830  7.0750000000004061e+00  4.8885947339874751e-02  5.2760593047794557e-01
      2840  7.1000000000004100e+00  4.8622746862450071e-02  5.2519432577384140e-01
      2850  7.1250000000004139e+00  4.8360754626416392e-02  5.2277304703809520e-01
      2860  7.1500000000004178e+00  4.8099975345956036e-02  5.2034258489166561e-01
      2870  7.1750000000004217e+00  4.7840413491028934e-02  5.1790342556636880e-01
      2880  7.2000000000004256e+00  4.7582073289621546e-02  5.1545605068930624e-01
      2890  7.2250000000004295e+00  4.7324958730100733e-02  5.1300093707884159e-01
      2900  7.2500000000004334e+00  4.7069073563666627e-02  5.1053855655208847e-01
      2910  7.2750000000004373e+00  4.6814421306899153e-02  5.0806937574384542e-01
      2920  7.3000000000004412e+00  4.6561005244391967e-02  5.0559385593688269e-01
      2930  7.3250000000004452e+00  4.6308828431468574e-02  5.0311245290346229e-01
      2940  7.3500000000004491e+00  4.6057893696974978e-02  5.0062561675794609e-01
      2950  7.3750000000004530e+00  4.5808203646143082e-02  4.9813379182032072e-01
      2960  7.4000000000004569e+00  4.5559760663519813e-02  4.9563741649045244e-01
      2970  7.4250000000004608e+00  4.5312566915956453e-02  4.9313692313285637e-01
      2980  7.4500000000004647e+00  4.5066624355652901e-02  4.9063273797175175e-01
      2990  7.4750000000004686e+00  4.4821934723252004e-02  4.8812528099615445e-01
      3000  7.5000000000004725e+00  4.4578499550978837e-02  4.8561496587474382e-01
      3010  7.5250000000004764e+00  4.4336320165820197e-02  4.8310219988022554e-01
      3020  7.5500000000004803e+00  4.4095397692739517e-02  4.8058738382290125e-01
      3030  7.5750000000004842e+00  4.3855733057922875e-02  4.7807091199314428e-01
      3040  7.6000000000004881e+00  4.3617326992051472e-02  4.7555317211247147e-01
      3050  7.6250000000004921e+00  4.3380180033596647e-02  4.7303454529289533e-01
      3060  7.6500000000004960e+00  4.3144292532133056e-02  4.7051540600423172e-01
      3070  7.6750000000004999e+00  4.2909664651666359e-02  4.6799612204903667e-01
      3080  7.7000000000005038e+00  4.2676296373971654e-02  4.6547705454484255e-01
      3090  7.7250000000005077e+00  4.2444187501938843e-02  4.6295855791335942e-01
      3100  7.7500000000005116e+00  4.2213337662921997e-02  4.6044097987631176e-01
      3110  7.7750000000005155e+00  4.1983746312088950e-02  4.5792466145757647e-01
      3120  7.8000000000005194e+00  4.1755412735768554e-02  4.5540993699129535e-01
      3130  7.8250000000005233e+00  4.1528336054792244e-02  4.5289713413563260e-01
      3140  7.8500000000005272e+00  4.1302515227827422e-02  4.5038657389185809e-01
      3150  7.8750000000005311e+00  4.1077949054700279e-02  4.4787857062843854e-01
      3160  7.9000000000005350e+00  4.0854636179705009e-02  4.4537343210982399e-01
      3170  7.9250000000005389e+00  4.0632575094897746e-02  4.4287145952962734e-01
      3180  7.9500000000005429e+00  4.0411764143372900e-02  4.4037294754789876e-01
      3190  7.9750000000005468e+00  4.0192201522519700e-02  4.3787818433220603e-01
      3200  8.0000000000005507e+00  3.9973885287257527e-02  4.3538745160224143e-01
      3210  8.0250000000005457e+00  3.9756813353247955e-02  4.3290102467768290e-01
      3220  8.0500000000005407e+00  3.9540983500082224e-02  4.3041917252904821e-01
      3230  8.0750000000005357e+00  3.9326393374442441e-02  4.2794215783128958e-01
      3240  8.1000000000005308e+00  3.9113040493235537e-02  4.2547023701988752e-01
      3250  8.1250000000005258e+00  3.8900922246698439e-02  4.2300366034921141e-01
      3260  8.1500000000005208e+00  3.8690035901473623e-02  4.2054267195292591e-01
      3270  8.1750000000005159e+00  3.8480378603653952e-02  4.1808750990623196e-01
      3280  8.2000000000005109e+00  3.8271947381796060e-02  4.1563840628974243e-01
      3290  8.2250000000005059e+00  3.8064739149901388e-02  4.1319558725480233e-01
      3300  8.2500000000005009e+00  3.7858750710364042e-02  4.1075927309007327e-01
      3310  8.2750000000004960e+00  3.7653978756885508e-02  4.0832967828921536e-01
      3320  8.3000000000004910e+00  3.7450419877354885e-02  4.0590701161950467e-01
      3330  8.3250000000004860e+00  3.7248070556694738e-02  4.0349147619123961e-01
      3340  8.3500000000004810e+00  3.7046927179672203e-02  4.0108326952779602e-01
      3350  8.3750000000004761e+00  3.6846986033674715e-02  3.9868258363620168e-01
      3360  8.4000000000004711e+00  3.6648243311450555e-02  3.9628960507811054e-01
      3370  8.4250000000004661e+00  3.6450695113813645e-02  3.9390451504106399e-01
      3380  8.4500000000004611e+00  3.6254337452312763e-02  3.9152748940993845e-01
      3390  8.4750000000004562e+00  3.6059166251865094e-02  3.8915869883848456e-01
      3400  8.5000000000004512e+00  3.5865177353353730e-02  3.8679830882087086e-01
      3410  8.5250000000004462e+00  3.5672366516189708e-02  3.8444647976315615e-01
      3420  8.5500000000004412e+00  3.5480729420838235e-02  3.8210336705461730e-01
      3430  8.5750000000004363e+00  3.5290261671309217e-02  3.7976912113887013e-01
      3440  8.6000000000004313e+00  3.5100958797612394e-02  3.7744388758472582e-01
      3450  8.6250000000004263e+00  3.4912816258177159e-02  3.7512780715673262e-01
      3460  8.6500000000004214e+00  3.4725829442236984e-02  3.7282101588535616e-01
      3470  8.6750000000004164e+00  3.4539993672179140e-02  3.7052364513676242e-01
      3480  8.7000000000004114e+00  3.4355304205859422e-02  3.6823582168216659e-01
      3490  8.7250000000004064e+00  3.4171756238882381e-02  3.6595766776671973e-01
      3500  8.7500000000004015e+00  3.3989344906847229e-02  3.6368930117790967e-01
      3510  8.7750000000003965e+00  3.3808065287559737e-02  3.6143083531345457e-01
      3520  8.8000000000003915e+00  3.3627912403210196e-02  3.5918237924867381e-01
      3530  8.8250000000003865e+00  3.3448881222517877e-02  3.5694403780332272e-01
      3540  8.8500000000003816e+00  3.3270966662842304e-02  3.5471591160788379e-01
      3550  8.8750000000003766e+00  3.3094163592261316e-02  3.5249809716930385e-01
      3560  8.9000000000003716e+00  3.2918466831616587e-02  3.5029068693617827e-01
      3570  8.9250000000003666e+00  3.2743871156526591e-02  3.4809376936337761e-01
      3580  8.9500000000003617e+00  3.2570371299367474e-02  3.4590742897611920e-01
      3590  8.9750000000003567e+00  3.2397961951221896e-02  3.4373174643348513e-01
      3600  9.0000000000003517e+00  3.2226637763796438e-02  3.4156679859139290e-01
      3610  9.0250000000003467e+00  3.2056393351307440e-02  3.3941265856502275e-01
      3620  9.0500000000003418e+00  3.1887223292335983e-02  3.3726939579071028e-01
      3630  9.0750000000003368e+00  3.1719122131651812e-02  3.3513707608731141e-01
      3640  9.1000000000003318e+00  3.1552084382007039e-02  3.3301576171705023e-01
      3650  9.1250000000003268e+00  3.1386104525899154e-02  3.3090551144585687e-01
      3660  9.1500000000003219e+00  3.1221177017304309e-02  3.2880638060320878e-01
      3670  9.1750000000003169e+00  3.1057296283380678e-02  3.2671842114148327e-01
      3680  9.2000000000003119e+00  3.0894456726142213e-02  3.2464168169483323e-01
      3690  9.2250000000003070e+00  3.0732652724103144e-02  3.2257620763759691e-01
      3700  9.2500000000003020e+00  3.0571878633893469e-02  3.2052204114225236e-01
      3710  9.2750000000002970e+00  3.0412128791845389e-02  3.1847922123692675e-01
      3720  9.3000000000002920e+00  3.0253397515551204e-02  3.1644778386247125e-01
      3730  9.3250000000002871e+00  3.0095679105392866e-02  3.1442776192911204e-01
      3740  9.3500000000002821e+00  2.9938967846043062e-02  3.1241918537268566e-01
      3750  9.3750000000002771e+00  2.9783258007938570e-02  3.1042208121046944e-01
      3760  9.4000000000002721e+00  2.9628543848725603e-02  3.0843647359661396e-01
      3770  9.4250000000002672e+00  2.9474819614677586e-02  3.0646238387718725e-01
      3780  9.4500000000002622e+00  2.9322079542085577e-02  3.0449983064483643e-01
      3790  9.4750000000002572e+00  2.9170317858621306e-02  3.0254882979307423e-01
      3800  9.5000000000002522e+00  2.9019528784673309e-02  3.0060939457019622e-01
      3810  9.5250000000002473e+00  2.8869706534656098e-02  2.9868153563283408e-01
      3820  9.5500000000002423e+00  2.8720845318292718e-02  2.9676526109914923e-01
      3830  9.5750000000002373e+00  2.8572939341870727e-02  2.9486057660167004e-01
      3840  9.6000000000002323e+00  2.8425982809471894e-02  2.9296748533977650e-01
      3850  9.6250000000002274e+00  2.8279969924175707e-02  2.9108598813183359e-01
      3860  9.6500000000002224e+00  2.8134894889236894e-02  2.8921608346697536e-01
      3870  9.6750000000002174e+00  2.7990751909237278e-02  2.8735776755654047e-01
      3880  9.7000000000002125e+00  2.7847535191211748e-02  2.8551103438515790e-01
      3890  9.7250000000002075e+00  2.7705238945749017e-02  2.8367587576148425e-01
      3900  9.7500000000002025e+00  2.7563857388066937e-02  2.8185228136858863e-01
      3910  9.7750000000001975e+00  2.7423384739062807e-02  2.8004023881398525e-01
      3920  9.8000000000001926e+00  2.7283815226338670e-02  2.7823973367930891e-01
      3930  9.8250000000001876e+00  2.7145143085201951e-02  2.7645074956963191e-01
      3940  9.8500000000001826e+00  2.7007362559641518e-02  2.7467326816241692e-01
      3950  9.8750000000001776e+00  2.6870467903279231e-02  2.7290726925610156e-01
      3960  9.9000000000001727e+00  2.6734453380297440e-02  2.7115273081831026e-01
      3970  9.9250000000001677e+00  2.6599313266342421e-02  2.6940962903368736e-01
      3980  9.9500000000001627e+00  2.6465041849403993e-02  2.6767793835134540e-01
      3990  9.9750000000001577e+00  2.6331633430671474e-02  2.6595763153192237e-01
      4000  1.0000000000000153e+01  2.6199082325366246e-02  2.6424867969424132e-01
