         0  0.0000000000000000e+00  1.2500000000000000e-01  3.7500000000000000e-01
        10  2.4999999999999998e-02  1.2495313277144518e-01  3.7488379217758215e-01
        20  5.0000000000000010e-02  1.2490627702071794e-01  3.7481633498478631e-01
        30  7.5000000000000025e-02  1.2485942666082917e-01  3.7479752358250213e-01
        40  1.0000000000000005e-01  1.2481257561617824e-01  3.7482728054096539e-01
        50  1.2500000000000006e-01  1.2476571781914769e-01  3.7490555550047190e-01
        60  1.5000000000000008e-01  1.2471884720674186e-01  3.7503232480962007e-01
        70  1.7500000000000010e-01  1.2467195771727200e-01  3.7520759114156192e-01
        80  2.0000000000000012e-01  1.2462504328709118e-01  3.7543138308890651e-01
        90  2.2500000000000014e-01  1.2457809784738033e-01  3.7570375473806172e-01
       100  2.5000000000000017e-01  1.2453111532098934e-01  3.7602478522394604e-01
       110  2.7500000000000019e-01  1.2448408961933467e-01  3.7639457826611721e-01
       120  3.0000000000000021e-01  1.2443701463935643e-01  3.7681326168747641e-01
       130  3.2500000000000023e-01  1.2438988426053619e-01  3.7728098691679545e-01
       140  3.5000000000000026e-01  1.2434269234197813e-01  3.7779792847639378e-01
       150  3.7500000000000028e-01  1.2429543271955521e-01  3.7836428345634865e-01
       160  4.0000000000000030e-01  1.2424809920312146e-01  3.7898027097666278e-01
       170  4.2500000000000032e-01  1.2420068557379254e-01  3.7964613163884151e-01
       180  4.5000000000000034e-01  1.2415318558129556e-01  3.8036212696833400e-01
       190  4.7500000000000037e-01  1.2410559294138836e-01  3.8112853884928280e-01
       200  5.0000000000000033e-01  1.2405790133335075e-01  3.8194566895300215e-01
       210  5.2499999999999980e-01  1.2401010439754678e-01  3.8281383816155363e-01
       220  5.4999999999999927e-01  1.2396219573305977e-01  3.8373338598773224e-01
       230  5.7499999999999873e-01  1.2391416889539996e-01  3.8470466999269557e-01
       240  5.9999999999999820e-01  1.2386601739428481e-01  3.8572806520237722e-01
       250  6.2499999999999767e-01  1.2381773469149228e-01  3.8680396352371885e-01
       260  6.4999999999999714e-01  1.2376931419878752e-01  3.8793277316164038e-01
       270  6.7499999999999660e-01  1.2372074927592140e-01  3.8911491803752663e-01
       280  6.9999999999999607e-01  1.2367203322870269e-01  3.9035083720988044e-01
       290  7.2499999999999554e-01  1.2362315930714187e-01  3.9164098429762767e-01
       300  7.4999999999999500e-01  1.2357412070366700e-01  3.9298582690640774e-01
       310  7.7499999999999447e-01  1.2352491055141063e-01  3.9438584605801142e-01
       320  7.9999999999999394e-01  1.2347552192256901e-01  3.9584153562296443e-01
       330  8.2499999999999341e-01  1.2342594782683081e-01  3.9735340175606452e-01
       340  8.4999999999999287e-01  1.2337618120987684e-01  3.9892196233451586e-01
       350  8.7499999999999234e-01  1.2332621495194992e-01  4.0054774639811695e-01
       360  8.9999999999999181e-01  1.2327604186649412e-01  4.0223129359077921e-01
       370  9.2499999999999127e-01  1.2322565469886458e-01  4.0397315360248321e-01
       380  9.4999999999999074e-01  1.2317504612510606e-01  4.0577388561059594e-01
       390  9.7499999999999021e-01  1.2312420875080266e-01  4.0763405771931756e-01
       400  9.9999999999998967e-01  1.2307313510999669e-01  4.0955424639585229e-01
       410  1.0249999999999893e+00  1.2302181766417908e-01  4.1153503590175763e-01
       420  1.0499999999999887e+00  1.2297024880135087e-01  4.1357701771777523e-01
       430  1.0749999999999882e+00  1.2291842083515696e-01  4.1568078996032199e-01
       440  1.0999999999999877e+00  1.2286632600409397e-01  4.1784695678770344e-01
       450  1.1249999999999871e+00  1.2281395647079264e-01  4.2007612779400751e-01
       460  1.1499999999999866e+00  1.2276130432137681e-01  4.2236891738855523e-01
       470  1.1749999999999861e+00  1.2270836156490146e-01  4.2472594415872192e-01
       480  1.1999999999999855e+00  1.2265512013287099e-01  4.2714783021389583e-01
       490  1.2249999999999850e+00  1.2260157187884113e-01  4.2963520050832389e-01
       500  1.2499999999999845e+00  1.2254770857810682e-01  4.3218868214059786e-01
       510  1.2749999999999839e+00  1.2249352192747955e-01  4.3480890362756889e-01
       520  1.2999999999999834e+00  1.2243900354515653e-01  4.3749649415053712e-01
       530  1.3249999999999829e+00  1.2238414497068644e-01  4.4025208277166439e-01
       540  1.3499999999999823e+00  1.2232893766503491e-01  4.4307629761868278e-01
       550  1.3749999999999818e+00  1.2227337301075422e-01  4.4596976503614360e-01
       560  1.3999999999999813e+00  1.2221744231226055e-01  4.4893310870165415e-01
       570  1.4249999999999807e+00  1.2216113679622500e-01  4.5196694870580856e-01
       580  1.4499999999999802e+00  1.2210444761208119e-01  4.5507190059480723e-01
       590  1.4749999999999797e+00  1.2204736583265512e-01  4.5824857437510799e-01
       600  1.4999999999999791e+00  1.2198988245492164e-01  4.6149757347984789e-01
       610  1.5249999999999786e+00  1.2193198840089326e-01  4.6481949369722241e-01
       620  1.5499999999999781e+00  1.2187367451864414e-01  4.6821492206150496e-01
       630  1.5749999999999775e+00  1.2181493158347581e-01  4.7168443570795602e-01
       640  1.5999999999999770e+00  1.2175575029922772e-01  4.7522860069347852e-01
       650  1.6249999999999765e+00  1.2169612129973756e-01  4.7884797078554762e-01
       660  1.6499999999999759e+00  1.2163603515045468e-01  4.8254308622266584e-01
       670  1.6749999999999754e+00  1.2157548235020993e-01  4.8631447245036985e-01
       680  1.6999999999999749e+00  1.2151445333314454e-01  4.9016263883763915e-01
       690  1.7249999999999743e+00  1.2145293847080137e-01  4.9408807737942605e-01
       700  1.7499999999999738e+00  1.2139092807437741e-01  4.9809126139191957e-01
       710  1.7749999999999733e+00  1.2132841239714035e-01  5.0217264420809611e-01
       720  1.7999999999999727e+00  1.2126538163700828e-01  5.0633265788204837e-01
       730  1.8249999999999722e+00  1.2120182593928867e-01  5.1057171191152816e-01
       740  1.8499999999999717e+00  1.2113773539957696e-01  5.1489019198908786e-01
       750  1.8749999999999711e+00  1.2107310006680813e-01  5.1928845879310714e-01
       760  1.8999999999999706e+00  1.2100790994645610e-01  5.2376684683085943e-01
       770  1.9249999999999701e+00  1.2094215500387456e-01  5.2832566334658064e-01
       780  1.9499999999999695e+00  1.2087582516776866e-01  5.3296518730821714e-01
       790  1.9749999999999690e+00  1.2080891033378844e-01  5.3768566848715425e-01
       800  1.9999999999999685e+00  1.2074140036823003e-01  5.4248732664571721e-01
       810  2.0249999999999679e+00  1.2067328511183176e-01  5.4737035084759887e-01
       820  2.0499999999999674e+00  1.2060455438364675e-01  5.5233489890655388e-01
       830  2.0749999999999669e+00  1.2053519798497634e-01  5.5738109698873980e-01
       840  2.0999999999999663e+00  1.2046520570334205e-01  5.6250903938390362e-01
       850  2.1249999999999658e+00  1.2039456731647448e-01  5.6771878846026504e-01
       860  2.1499999999999653e+00  1.2032327259629663e-01  5.7301037481738727e-01
       870  2.1749999999999647e+00  1.2025131131287416e-01  5.7838379765055389e-01
       880  2.1999999999999642e+00  1.2017867323830667e-01  5.8383902533921301e-01
       890  2.2249999999999637e+00  1.2010534815053081e-01  5.8937599627088732e-01
       900  2.2499999999999631e+00  1.2003132583700455e-01  5.9499461991060527e-01
       910  2.2749999999999626e+00  1.1995659609824309e-01  6.0069477812440549e-01
       920  2.2999999999999621e+00  1.1988114875117211e-01  6.0647632676379837e-01
       930  2.3249999999999615e+00  1.1980497363226680e-01  6.1233909751629721e-01
       940  2.3499999999999610e+00  1.1972806060044252e-01  6.1828290002524069e-01
       950  2.3749999999999605e+00  1.1965039953966413e-01  6.2430752428017728e-01
       960  2.3999999999999599e+00  1.1957198036123867e-01  6.3041274327707993e-01
       970  2.4249999999999594e+00  1.1949279300576011e-01  6.3659831594565612e-01
       980  2.4499999999999589e+00  1.1941282744467023e-01  6.4286399033901046e-01
       990  2.4749999999999583e+00  1.1933207368140581e-01  6.4920950707898603e-01
      1000  2.4999999999999578e+00  1.1925052175209957e-01  6.5563460304862544e-01
      1010  2.5249999999999573e+00  1.1916816172580374e-01  6.6213901532142194e-01
      1020  2.5499999999999567e+00  1.1908498370420965e-01  6.6872248531539431e-01
      1030  2.5749999999999562e+00  1.1900097782083317e-01  6.7538476315850318e-01
      1040  2.5999999999999557e+00  1.1891613423964321e-01  6.8212561225060948e-01
      1050  2.6249999999999551e+00  1.1883044315310808e-01  6.8894481400600303e-01
      1060  2.6499999999999546e+00  1.1874389477963886e-01  6.9584217275957229e-01
      1070  2.6749999999999541e+00  1.1865647936040973e-01  7.0281752081890669e-01
      1080  2.6999999999999535e+00  1.1856818715553898e-01  7.0987072364405369e-01
      1090  2.7249999999999530e+00  1.1847900843961523e-01  7.1700168513626304e-01
      1100  2.7499999999999525e+00  1.1838893349655724e-01  7.2421035301685594e-01
      1110  2.7749999999999519e+00  1.1829795261379636e-01  7.3149672427731544e-01
      1120  2.7999999999999514e+00  1.1820605607577417e-01  7.3886085068181049e-01
      1130  2.8249999999999509e+00  1.1811323415675016e-01  7.4630284430358766e-01
      1140  2.8499999999999504e+00  1.1801947711291629e-01  7.5382288307696116e-01
      1150  2.8749999999999498e+00  1.1792477517381728e-01  7.6142121634695577e-01
      1160  2.8999999999999493e+00  1.1782911853307837e-01  7.6909817039894051e-01
      1170  2.9249999999999488e+00  1.1773249733844399e-01  7.7685415395077209e-01
      1180  2.9499999999999482e+00  1.1763490168113346e-01  7.8468966358994618e-01
      1190  2.9749999999999477e+00  1.1753632158452072e-01  7.9260528913794110e-01
      1200  2.9999999999999472e+00  1.1743674699214996e-01  8.0060171892321221e-01
      1210  3.0249999999999466e+00  1.1733616775509807e-01  8.0867974494301086e-01
      1220  3.0499999999999461e+00  1.1723457361870021e-01  8.1684026789223525e-01
      1230  3.0749999999999456e+00  1.1713195420865652e-01  8.2508430203467618e-01
      1240  3.0999999999999450e+00  1.1702829901654103e-01  8.3341297988814277e-01
      1250  3.1249999999999445e+00  1.1692359738473826e-01  8.4182755668985261e-01
      1260  3.1499999999999440e+00  1.1681783849083767e-01  8.5032941460196542e-01
      1270  3.1749999999999434e+00  1.1671101133152078e-01  8.5892006660906022e-01
      1280  3.1999999999999429e+00  1.1660310470598368e-01  8.6760116004958422e-01
      1290  3.2249999999999424e+00  1.1649410719894416e-01  8.7637447971174293e-01
      1300  3.2499999999999418e+00  1.1638400716329366e-01  8.8524195041099360e-01
      1310  3.2749999999999413e+00  1.1627279270246423e-01  8.9420563895137398e-01
      1320  3.2999999999999408e+00  1.1616045165259481e-01  9.0326775535668262e-01
      1330  3.3249999999999402e+00  1.1604697156459599e-01  9.1243065324055987e-01
      1340  3.3499999999999397e+00  1.1593233968622959e-01  9.2169682916762388e-01
      1350  3.3749999999999392e+00  1.1581654294434031e-01  9.3106892084214143e-01
      1360  3.3999999999999386e+00  1.1569956792739539e-01  9.4054970394768591e-01
      1370  3.4249999999999381e+00  1.1558140086851379e-01  9.5014208745270853e-01
      1380  3.4499999999999376e+00  1.1546202762918788e-01  9.5984910719491310e-01
      1390  3.4749999999999370e+00  1.1534143368392352e-01  9.6967391756402933e-01
      1400  3.4999999999999365e+00  1.1521960410604782e-01  9.7961978112018316e-01
      1410  3.5249999999999360e+00  1.1509652355495075e-01  9.8969005601544972e-01
      1420  3.5499999999999354e+00  1.1497217626504071e-01  9.9988818113067958e-01
      1430  3.5749999999999349e+00  1.1484654603670309e-01  1.0102176588987520e+00
      1440  3.5999999999999344e+00  1.1471961622954864e-01  1.0206820358582519e+00
      1450  3.6249999999999338e+00  1.1459136975822771e-01  1.0312848810660523e+00
      1460  3.6499999999999333e+00  1.1446178909106686e-01  1.0420297625897021e+00
      1470  3.6749999999999328e+00  1.1433085625174656e-01  1.0529202223956917e+00
      1480  3.6999999999999322e+00  1.1419855282419832e-01  1.0639597500412198e+00
      1490  3.7249999999999317e+00  1.1406485996083996e-01  1.0751517556577447e+00
      1500  3.7499999999999312e+00  1.1392975839420330e-01  1.0864995427768883e+00
      1510  3.7749999999999306e+00  1.1379322845193825e-01  1.0980062815861115e+00
      1520  3.7999999999999301e+00  1.1365525007510224e-01  1.1096749832069579e+00
      1530  3.8249999999999296e+00  1.1351580283957133e-01  1.1215084755583224e+00
      1540  3.8499999999999290e+00  1.1337486598034284e-01  1.1335093812991136e+00
      1550  3.8749999999999285e+00  1.1323241841844446e-01  1.1456800982394070e+00
      1560  3.8999999999999280e+00  1.1308843879012426e-01  1.1580227824700363e+00
      1570  3.9249999999999274e+00  1.1294290547797329e-01  1.1705393342935534e+00
      1580  3.9499999999999269e+00  1.1279579664363713e-01  1.1832313868530340e+00
      1590  3.9749999999999264e+00  1.1264709026179451e-01  1.1961002971597317e+00
      1600  3.9999999999999258e+00  1.1249676415513164e-01  1.2091471390279381e+00
      1610  4.0249999999999293e+00  1.1234479603011507e-01  1.2223726972481206e+00
      1620  4.0499999999999332e+00  1.1219116351345746e-01  1.2357774621797767e+00
      1630  4.0749999999999371e+00  1.1203584418928061e-01  1.2493616238347351e+00
      1640  4.0999999999999410e+00  1.1187881563710205e-01  1.2631250644589621e+00
      1650  4.1249999999999449e+00  1.1172005547089415e-01  1.2770673486125357e+00
      1660  4.1499999999999488e+00  1.1155954137959035e-01  1.2911877097959576e+00
      1670  4.1749999999999527e+00  1.1139725116952337e-01  1.3054850327751205e+00
      1680  4.1999999999999567e+00  1.1123316280937902e-01  1.3199578309120035e+00
      1690  4.2249999999999606e+00  1.1106725447832261e-01  1.3346042180051265e+00
      1700  4.2499999999999645e+00  1.1089950461800342e-01  1.3494218743712112e+00
      1710  4.2749999999999684e+00  1.1072989198916215e-01  1.3644080071423192e+00
      1720  4.2999999999999723e+00  1.1055839573355216e-01  1.3795593049933658e+00
      1730  4.3249999999999762e+00  1.1038499544184648e-01  1.3948718877364981e+00
      1740  4.3499999999999801e+00  1.1020967122813444e-01  1.4103412514110223e+00
      1750  4.3749999999999840e+00  1.1003240381152311e-01  1.4259622096626019e+00
      1760  4.3999999999999879e+00  1.0985317460524949e-01  1.4417288323612782e+00
      1770  4.4249999999999918e+00  1.0967196581358082e-01  1.4576343825853712e+00
      1780  4.4499999999999957e+00  1.0948876053662386e-01  1.4736712533303193e+00
      1790  4.4749999999999996e+00  1.0930354288297912e-01  1.4898309056010111e+00
      1800  4.5000000000000036e+00  1.0911629808994446e-01  1.5061038098770977e+00
      1810  4.5250000000000075e+00  1.0892701265070828e-01  1.5224793932029710e+00
      1820  4.5500000000000114e+00  1.0873567444768374e-01  1.5389459942221508e+00
      1830  4.5750000000000153e+00  1.0854227289085382e-01  1.5554908283146659e+00
      1840  4.6000000000000192e+00  1.0834679905973979e-01  1.5720999647868169e+00
      1850  4.6250000000000231e+00  1.0814924584736416e-01  1.5887583181704223e+00
      1860  4.6500000000000270e+00  1.0794960810428190e-01  1.6054496563500072e+00
      1870  4.6750000000000309e+00  1.0774788278035899e-01  1.6221566291434220e+00
      1880  4.7000000000000348e+00  1.0754406906149527e-01  1.6388608212150337e+00
      1890  4.7250000000000387e+00  1.0733816849806284e-01  1.6555428319408717e+00
      1900  4.7500000000000426e+00  1.0713018512166550e-01  1.6721823821484685e+00
      1910  4.7750000000000465e+00  1.0692012554701828e-01  1.6887584447661964e+00
      1920  4.8000000000000504e+00  1.0670799905623520e-01  1.7052493948635527e+00
      1930  4.8250000000000544e+00  1.0649381766337607e-01  1.7216331748581593e+00
      1940  4.8500000000000583e+00  1.0627759615755747e-01  1.7378874718777503e+00
      1950  4.8750000000000622e+00  1.0605935212325564e-01  1.7539899049046122e+00
      1960  4.9000000000000661e+00  1.0583910593675666e-01  1.7699182186585023e+00
      1970  4.9250000000000700e+00  1.0561688073817707e-01  1.7856504797227270e+00
      1980  4.9500000000000739e+00  1.0539270237911541e-01  1.8011652693588956e+00
      1990  4.9750000000000778e+00  1.0516659934669739e-01  1.8164418675746478e+00
      2000  5.0000000000000817e+00  1.0493860266538787e-01  1.8314604241987058e+00
      2010  5.0250000000000856e+00  1.0470874577837922e-01  1.8462021142602703e+00
      2020  5.0500000000000895e+00  1.0447706441062021e-01  1.8606492761767352e+00
      2030  5.0750000000000934e+00  1.0424359641569205e-01  1.8747855318946263e+00
      2040  5.1000000000000973e+00  1.0400838160882671e-01  1.8885958883992826e+00
      2050  5.1250000000001013e+00  1.0377146158842158e-01  1.9020668202152674e+00
      2060  5.1500000000001052e+00  1.0353287954843575e-01  1.9151863328183506e+00
      2070  5.1750000000001091e+00  1.0329268008403961e-01  1.9279440072504750e+00
      2080  5.2000000000001130e+00  1.0305090899282981e-01  1.9403310265969082e+00
      2090  5.2250000000001169e+00  1.0280761307381831e-01  1.9523401853187088e+00
      2100  5.2500000000001208e+00  1.0256283992626008e-01  1.9639658827432757e+00
      2110  5.2750000000001247e+00  1.0231663775020296e-01  1.9752041023021953e+00
      2120  5.3000000000001286e+00  1.0206905515042975e-01  1.9860523783383544e+00
      2130  5.3250000000001325e+00  1.0182014094522468e-01  1.9965097524369228e+00
      2140  5.3500000000001364e+00  1.0156994398115165e-01  2.0065767212297426e+00
      2150  5.3750000000001403e+00  1.0131851295479460e-01  2.0162551774634957e+00
      2160  5.4000000000001442e+00  1.0106589624220647e-01  2.0255483458158313e+00
      2170  5.4250000000001481e+00  1.0081214173665159e-01  2.0344607145205533e+00
      2180  5.4500000000001521e+00  1.0055729669512419e-01  2.0429979633745916e+00
      2190  5.4750000000001560e+00  1.0030140759408587e-01  2.0511668882116236e+00
      2200  5.5000000000001599e+00  1.0004451999487966e-01  2.0589753215077861e+00
      2210  5.5250000000001638e+00  9.9786678419342372e-02  2.0664320484912525e+00
      2220  5.5500000000001677e+00  9.9527926236223440e-02  2.0735467179974418e+00
      2230  5.5750000000001716e+00  9.9268305559112984e-02  2.0803297473604474e+00
      2240  5.6000000000001755e+00  9.9007857156658362e-02  2.0867922208516344e+00
      2250  5.6250000000001794e+00  9.8746620375888109e-02  2.0929457815412328e+00
      2260  5.6500000000001833e+00  9.8484633079448807e-02  2.0988025169258387e+00
      2270  5.6750000000001872e+00  9.8221931597486156e-02  2.1043748391825165e+00
      2280  5.7000000000001911e+00  9.7958550694761021e-02  2.1096753614249106e+00
      2290  5.7250000000001950e+00  9.7694523553389789e-02  2.1147167717991954e+00
      2300  5.7500000000001990e+00  9.7429881771344160e-02  2.1195117076281510e+00
      2310  5.7750000000002029e+00  9.7164655376552981e-02  2.1240726320627035e+00
      2320  5.8000000000002068e+00  9.6898872856131524e-02  2.1284117158173229e+00
      2330  5.8250000000002107e+00  9.6632561199942717e-02  2.1325407265456873e+00
      2340  5.8500000000002146e+00  9.6365745957382091e-02  2.1364709282627887e+00
      2350  5.8750000000002185e+00  9.6098451305994343e-02  2.1402129929534940e+00
      2360  5.9000000000002224e+00  9.5830700130281816e-02  2.1437769261453437e+00
      2370  5.9250000000002263e+00  9.5562514108871786e-02  2.1471720077887343e+00
      2380  5.9500000000002302e+00  9.5293913808069114e-02  2.1504067493061791e+00
      2390  5.9750000000002341e+00  9.5024918779746198e-02  2.1534888671704035e+00
      2400  6.0000000000002380e+00  9.4755547661506811e-02  2.1564252728739338e+00
      2410  6.0250000000002419e+00  9.4485818277108878e-02  2.1592220786838747e+00
      2420  6.0500000000002458e+00  9.4215747735232911e-02  2.1618846181545586e+00
      2430  6.0750000000002498e+00  9.3945352524833992e-02  2.1644174800133053e+00
      2440  6.1000000000002537e+00  9.3674648605508538e-02  2.1668245537512743e+00
      2450  6.1250000000002576e+00  9.3403651491526747e-02  2.1691090850477668e+00
      2460  6.1500000000002615e+00  9.3132376328426380e-02  2.1712737390328248e+00
      2470  6.1750000000002654e+00  9.2860837961314876e-02  2.1733206693455745e+00
      2480  6.2000000000002693e+00  9.2589050994282796e-02  2.1752515909669816e+00
      2490  6.2250000000002732e+00  9.2317029840578789e-02  2.1770678548855069e+00
      2500  6.2500000000002771e+00  9.2044788763432169e-02  2.1787705227812345e+00
      2510  6.2750000000002810e+00  9.1772341907625721e-02  2.1803604400767261e+00
      2520  6.3000000000002849e+00  9.1499703322116636e-02  2.1818383058900615e+00
      2530  6.3250000000002888e+00  9.1226886974173697e-02  2.1832047386273993e+00
      2540  6.3500000000002927e+00  9.0953906755643939e-02  2.1844603361607657e+00
      2550  6.3750000000002967e+00  9.0680776482080743e-02  2.1856057297452603e+00
      2560  6.4000000000003006e+00  9.0407509885557813e-02  2.1866416310339247e+00
      2570  6.4250000000003045e+00  9.0134120602062104e-02  2.1875688717451202e+00
      2580  6.4500000000003084e+00  8.9860622154401719e-02  2.1883884357247213e+00
      2590  6.4750000000003123e+00  8.9587027931586461e-02  2.1891014833227502e+00
      2600  6.5000000000003162e+00  8.9313351165638258e-02  2.1897093681708189e+00
      2610  6.5250000000003201e+00  8.9039604906767109e-02  2.1902136466022199e+00
      2620  6.5500000000003240e+00  8.8765801997810279e-02  2.1906160800999350e+00
      2630  6.5750000000003279e+00  8.8491955048774975e-02  2.1909186312876684e+00
      2640  6.6000000000003318e+00  8.8218076412253374e-02  2.1911234540933210e+00
      2650  6.6250000000003357e+00  8.7944178160394250e-02  2.1912328788106301e+00
      2660  6.6500000000003396e+00  8.7670272064019144e-02  2.1912493928604014e+00
      2670  6.6750000000003435e+00  8.7396369574368101e-02  2.1911756181054323e+00
      2680  6.7000000000003475e+00  8.7122481807850266e-02  2.1910142856010334e+00
      2690  6.7250000000003514e+00  8.6848619534065062e-02  2.1907682086652007e+00
      2700  6.7500000000003553e+00  8.6574793167249551e-02  2.1904402551294358e+00
      2710  6.7750000000003592e+00  8.6301012761202714e-02  2.1900333195849841e+00
      2720  6.8000000000003631e+00  8.6027288007640151e-02  2.1895502963733728e+00
      2730  6.8250000000003670e+00  8.5753628237842814e-02  2.1889940539894090e+00
      2740  6.8500000000003709e+00  8.5480042427386801e-02  2.1883674114751754e+00
      2750  6.8750000000003748e+00  8.5206539203673427e-02  2.1876731172914234e+00
      2760  6.9000000000003787e+00  8.4933126855924635e-02  2.1869138310647573e+00
      2770  6.9250000000003826e+00  8.4659813347262828e-02  2.1860921085313001e+00
      2780  6.9500000000003865e+00  8.4386606328459551e-02  2.1852103899357535e+00
      2790  6.9750000000003904e+00  8.4113513152906589e-02  2.1842709921033415e+00
      2800  7.0000000000003944e+00  8.3840540892338503e-02  2.1832761043841913e+00
      2810  7.0250000000003983e+00  8.3567696352808989e-02  2.1822277886764032e+00
      2820  7.0500000000004022e+00  8.3294986090397583e-02  2.1811279837641043e+00
      2830  7.0750000000004061e+00  8.3022416426090031e-02  2.1799785142555831e+00
      2840  7.1000000000004100e+00  8.2749993459235987e-02  2.1787811044656598e+00
      2850  7.1250000000004139e+00  8.2477723078941943e-02  2.1775373976429641e+00
      2860  7.1500000000004178e+00  8.2205610972703902e-02  2.1762489809798226e+00
      2870  7.1750000000004217e+00  8.1933662631529664e-02  2.1749174168401682e+00
      2880  7.2000000000004256e+00  8.1661883350748821e-02  2.1735442805787292e+00
      2890  7.2250000000004295e+00  8.1390278225670320e-02  2.1721312051847926e+00
      2900  7.2500000000004334e+00  8.1118852141231323e-02  2.1706799327546718e+00
      2910  7.2750000000004373e+00  8.0847609754799645e-02  2.1691923724777045e+00
      2920  7.3000000000004412e+00  8.0576555471355689e-02  2.1676706644236049e+00
      2930  7.3250000000004452e+00  8.0305693410396400e-02  2.1661172479711366e+00
      2940  7.3500000000004491e+00  8.0035027364077520e-02  2.1645349332588597e+00
      2950  7.3750000000004530e+00  7.9764560746340058e-02  2.1629269736158106e+00
      2960  7.4000000000004569e+00  7.9494296533044267e-02  2.1612971365921928e+00
      2970  7.4250000000004608e+00  7.9224237193446667e-02  2.1596497709994214e+00
      2980  7.4500000000004647e+00  7.8954384613684268e-02  2.1579898673125554e+00
      2990  7.4750000000004686e+00  7.8684740013257228e-02  2.1563231088938997e+00
      3000  7.5000000000004725e+00  7.8415303855802839e-02  2.1546559117504009e+00
      3010  7.5250000000004764e+00  7.8146075755718600e-02  2.1529954509064440e+00
      3020  7.5500000000004803e+00  7.7877054382404710e-02  2.1513496719118956e+00
      3030  7.5750000000004842e+00  7.7608237364052933e-02  2.1497272864624293e+00
      3040  7.6000000000004881e+00  7.7339621193008456e-02  2.1481377515397532e+00
      3050  7.6250000000004921e+00  7.7071201134782728e-02  2.1465912318499271e+00
      3060  7.6500000000004960e+00  7.6802971142802846e-02  2.1450985456320533e+00
      3070  7.6750000000004999e+00  7.6534923780959843e-02  2.1436710941287084e+00
      3080  7.7000000000005038e+00  7.6267050155971609e-02  2.1423207751704468e+00
      3090  7.7250000000005077e+00  7.5999339861510841e-02  2.1410598814565859e+00
      3100  7.7500000000005116e+00  7.5731780935968111e-02  2.1399009842436197e+00
      3110  7.7750000000005155e+00  7.5464359835621700e-02  2.1388568033074921e+00
      3120  7.8000000000005194e+00  7.5197061424865860e-02  2.1379400642431532e+00
      3130  7.8250000000005233e+00  7.4929868985001404e-02  2.1371633444068301e+00
      3140  7.8500000000005272e+00  7.4662764242912554e-02  2.1365389090805708e+00
      3150  7.8750000000005311e+00  7.4395727420739019e-02  2.1360785397187558e+00
      3160  7.9000000000005350e+00  7.4128737307402938e-02  2.1357933563876256e+00
      3170  7.9250000000005389e+00  7.3861771352575379e-02  2.1356936366945424e+00
      3180  7.9500000000005429e+00  7.3594805783371552e-02  2.1357886335917883e+00
      3190  7.9750000000005468e+00  7.3327815743767742e-02  2.1360863944097954e+00
      3200  8.0000000000005507e+00  7.3060775456446537e-02  2.1365935833222036e+00
      3210  8.0250000000005457e+00  7.2793658406516497e-02  2.1373153091835306e+00
      3220  8.0500000000005407e+00  7.2526437546331123e-02  2.1382549603407930e+00
      3230  8.0750000000005357e+00  7.2259085520454462e-02  2.1394140476499603e+00
      3240  8.1000000000005308e+00  7.1991574909688982e-02  2.1407920565853619e+00
      3250  8.1250000000005258e+00  7.1723878492987460e-02  2.1423863090814509e+00
      3260  8.1500000000005208e+00  7.1455969525997612e-02  2.1441918356616619e+00
      3270  8.1750000000005159e+00  7.1187822034912915e-02  2.1462012585584407e+00
      3280  8.2000000000005109e+00  7.0919411124189690e-02  2.1484046869765256e+00
      3290  8.2250000000005059e+00  7.0650713296501313e-02  2.1507896264484334e+00
      3300  8.2500000000005009e+00  7.0381706782987219e-02  2.1533409053979648e+00
      3310  8.2750000000004960e+00  7.0112371881373799e-02  2.1560406235369215e+00
      3320  8.3000000000004910e+00  6.9842691298858655e-02  2.1588681284737199e+00
      3330  8.3250000000004860e+00  6.9572650495737743e-02  2.1618000287196055e+00
      3340  8.3500000000004810e+00  6.9302238024630928e-02  2.1648102528452079e+00
      3350  8.3750000000004761e+00  6.9031445858872997e-02  2.1678701654870320e+00
      3360  8.4000000000004711e+00  6.8760269702292825e-02  2.1709487508234091e+00
      3370  8.4250000000004661e+00  6.8488709271350958e-02  2.1740128727006166e+00
      3380  8.4500000000004611e+00  6.8216768539625334e-02  2.1770276176440779e+00
      3390  8.4750000000004562e+00  6.7944455934116176e-02  2.1799567226357327e+00
      3400  8.5000000000004512e+00  6.7671784472934576e-02  2.1827630841093483e+00
      3410  8.5250000000004462e+00  6.7398771834756589e-02  2.1854093386055726e+00
      3420  8.5500000000004412e+00  6.7125440351997784e-02  2.1878584995159820e+00
      3430  8.5750000000004363e+00  6.6851816921957339e-02  2.1900746289320138e+00
      3440  8.6000000000004313e+00  6.6577932833083978e-02  2.1920235193616359e+00
      3450  8.6250000000004263e+00  6.6303823506856316e-02  2.1936733574090089e+00
      3460  8.6500000000004214e+00  6.6029528159330474e-02  2.1949953406373028e+00
      3470  8.6750000000004164e+00  6.5755089389967500e-02  2.1959642197637075e+00
      3480  8.7000000000004114e+00  6.5480552708683523e-02  2.1965587410182951e+00
      3490  8.7250000000004064e+00  6.5205966014954209e-02  2.1967619679199888e+00
      3500  8.7500000000004015e+00  6.4931379045033502e-02  2.1965614678099510e+00
      3510  8.7750000000003965e+00  6.4656842804727844e-02  2.1959493558934972e+00
      3520  8.8000000000003915e+00  6.4382409005569756e-02  2.1949221976215787e+00
      3530  8.8250000000003865e+00  6.4108129521626439e-02  2.1934807782756901e+00
      3540  8.8500000000003816e+00  6.3834055882594593e-02  2.1916297561097681e+00
      3550  8.8750000000003766e+00  6.3560238816364912e-02  2.1893772220092695e+00
      3560  8.9000000000003716e+00  6.3286727851026719e-02  2.1867341938015041e+00
      3570  8.9250000000003666e+00  6.3013570982559933e-02  2.1837140761856673e+00
      3580  8.9500000000003617e+00  6.2740814410576018e-02  2.1803321169183819e+00
      3590  8.9750000000003567e+00  6.2468502340832071e-02  2.1766048863330299e+00
      3600  9.0000000000003517e+00  6.2196676850206352e-02  2.1725498014174543e+00
      3610  9.0250000000003467e+00  6.1925377807590967e-02  2.1681847089043135e+00
      3620  9.0500000000003418e+00  6.1654642842769721e-02  2.1635275351996631e+00
      3630  9.0750000000003368e+00  6.1384507354755041e-02  2.1585960049386531e+00
      3640  9.1000000000003318e+00  6.1115004551173750e-02  2.1534074246786480e+00
      3650  9.1250000000003268e+00  6.0846165511004797e-02  2.1479785240010873e+00
      3660  9.1500000000003219e+00  6.0578019264131201e-02  2.1423253434761438e+00
      3670  9.1750000000003169e+00  6.0310592882579126e-02  2.1364631577165072e+00
      3680  9.2000000000003119e+00  6.0043911579791051e-02  2.1304064219269387e+00
      3690  9.2250000000003070e+00  5.9777998815658812e-02  2.1241687316250616e+00
      3700  9.2500000000003020e+00  5.9512876406209354e-02  2.1177627873226016e+00
      3710  9.2750000000002970e+00  5.9248564637697678e-02  2.1112003586510762e+00
      3720  9.3000000000002920e+00  5.8985082385373638e-02  2.1044922452130191e+00
      3730  9.3250000000002871e+00  5.8722447237377025e-02  2.0976482337742910e+00
      3740  9.3500000000002821e+00  5.8460675624154286e-02  2.0906770530292427e+00
      3750  9.3750000000002771e+00  5.8199782953565194e-02  2.0835863282636451e+00
      3760  9.4000000000002721e+00  5.7939783751499974e-02  2.0763825391195400e+00
      3770  9.4250000000002672e+00  5.7680691807381378e-02  2.0690709843745836e+00
      3780  9.4500000000002622e+00  5.7422520323408349e-02  2.0616557580103315e+00
      3790  9.4750000000002572e+00  5.7165282065864527e-02  2.0541397407918776e+00
      3800  9.5000000000002522e+00  5.6908989516303741e-02  2.0465246112784647e+00
      3810  9.5250000000002473e+00  5.6653655019957237e-02  2.0388108798330141e+00
      3820  9.5500000000002423e+00  5.6399290928282464e-02  2.0309979488519194e+00
      3830  9.5750000000002373e+00  5.6145909732195393e-02  2.0230842020287755e+00
      3840  9.6000000000002323e+00  5.5893524182208503e-02  2.0150671249255487e+00
      3850  9.6250000000002274e+00  5.5642147391454891e-02  2.0069434584119178e+00
      3860  9.6500000000002224e+00  5.5391792917439390e-02  1.9987093856133060e+00
      3870  9.6750000000002174e+00  5.5142474818347427e-02  1.9903607518386477e+00
      3880  9.7000000000002125e+00  5.4894207679896118e-02  1.9818933155089260e+00
      3890  9.7250000000002075e+00  5.4647006609064652e-02  1.9733030263939161e+00
      3900  9.7500000000002025e+00  5.4400887191618502e-02  1.9645863255851810e+00
      3910  9.7750000000001975e+00  5.4155865411157765e-02  1.9557404597332455e+00
      3920  9.8000000000001926e+00  5.3911957528470001e-02  1.9467638002457366e+00
      3930  9.8250000000001876e+00  5.3669179921240050e-02  1.9376561563830538e+00
      3940  9.8500000000001826e+00  5.3427548885658820e-02  1.9284190695435984e+00
      3950  9.8750000000001776e+00  5.3187080403147222e-02  1.9190560747148840e+00
      3960  9.9000000000001727e+00  5.2947789877216575e-02  1.9095729143679172e+00
      3970  9.9250000000001677e+00  5.2709691847329770e-02  1.8999776901632551e+00
      3980  9.9500000000001627e+00  5.2472799688406492e-02  1.8902809387909397e+00
      3990  9.9750000000001577e+00  5.2237125306214175e-02  1.8804956202318694e+00
      4000  1.0000000000000153e+01  5.2002678840164413e-02  1.8706370099286492e+00
