         0  0.0000000000000000e+00  1.2500000000000000e-01  3.7500000000000000e-01
        10  2.4999999999999998e-02  1.2498828154502653e-01  3.7498925451295934e-01
        20  5.0000000000000010e-02  1.2497656266315493e-01  3.7502731999948162e-01
        30  7.5000000000000025e-02  1.2496484182903737e-01  3.7511420137299292e-01
        40  1.0000000000000005e-01  1.2495311751674149e-01  3.7524993111413696e-01
        50  1.2500000000000006e-01  1.2494138819889097e-01  3.7543456913987501e-01
        60  1.5000000000000008e-01  1.2492965234581006e-01  3.7566820264898059e-01
        70  1.7500000000000010e-01  1.2491790842467441e-01  3.7595094594453415e-01
        80  2.0000000000000012e-01  1.2490615489866666e-01  3.7628294023418188e-01
        90  2.2500000000000014e-01  1.2489439022613897e-01  3.7666435340909344e-01
       100  2.5000000000000017e-01  1.2488261285978330e-01  3.7709537980270322e-01
       110  2.7500000000000019e-01  1.2487082124580882e-01  3.7757623993045309e-01
       120  3.0000000000000021e-01  1.2485901382312819e-01  3.7810718021189278e-01
       130  3.2500000000000023e-01  1.2484718902255245e-01  3.7868847267660066e-01
       140  3.5000000000000026e-01  1.2483534526599545e-01  3.7932041465549337e-01
       150  3.7500000000000028e-01  1.2482348096568849e-01  3.8000332845917679e-01
       160  4.0000000000000030e-01  1.2481159452340450e-01  3.8073756104505624e-01
       170  4.2500000000000032e-01  1.2479968432969343e-01  3.8152348367498620e-01
       180  4.5000000000000034e-01  1.2478774876312812e-01  3.8236149156526753e-01
       190  4.7500000000000037e-01  1.2477578618956112e-01  3.8325200353082487e-01
       200  5.0000000000000033e-01  1.2476379496139311e-01  3.8419546162540183e-01
       210  5.2499999999999980e-01  1.2475177341685209e-01  3.8519233077959253e-01
       220  5.4999999999999927e-01  1.2473971987928430e-01  3.8624309843850395e-01
       230  5.7499999999999873e-01  1.2472763265645613e-01  3.8734827420079457e-01
       240  5.9999999999999820e-01  1.2471551003986771e-01  3.8850838946077545e-01
       250  6.2499999999999767e-01  1.2470335030407704e-01  3.8972399705518137e-01
       260  6.4999999999999714e-01  1.2469115170603537e-01  3.9099567091613313e-01
       270  6.7499999999999660e-01  1.2467891248443359e-01  3.9232400573170972e-01
       280  6.9999999999999607e-01  1.2466663085905839e-01  3.9370961661542822e-01
       290  7.2499999999999554e-01  1.2465430503015941e-01  3.9515313878581413e-01
       300  7.4999999999999500e-01  1.2464193317782543e-01  3.9665522725710001e-01
       310  7.7499999999999447e-01  1.2462951346137073e-01  3.9821655654195471e-01
       320  7.9999999999999394e-01  1.2461704401873005e-01  3.9983782036699019e-01
       330  8.2499999999999341e-01  1.2460452296586253e-01  4.0151973140164046e-01
       340  8.4999999999999287e-01  1.2459194839616394e-01  4.0326302100084535e-01
       350  8.7499999999999234e-01  1.2457931837988594e-01  4.0506843896180732e-01
       360  8.9999999999999181e-01  1.2456663096356438e-01  4.0693675329493433e-01
       370  9.2499999999999127e-01  1.2455388416945295e-01  4.0886875000890148e-01
       380  9.4999999999999074e-01  1.2454107599496375e-01  4.1086523290961594e-01
       390  9.7499999999999021e-01  1.2452820441211454e-01  4.1292702341270558e-01
       400  9.9999999999998967e-01  1.2451526736698083e-01  4.1505496036898833e-01
       410  1.0249999999999893e+00  1.2450226277915382e-01  4.1724989990223979e-01
       420  1.0499999999999887e+00  1.2448918854120294e-01  4.1951271525842329e-01
       430  1.0749999999999882e+00  1.2447604251814290e-01  4.2184429666541382e-01
       440  1.0999999999999877e+00  1.2446282254690532e-01  4.2424555120212010e-01
       450  1.1249999999999871e+00  1.2444952643581384e-01  4.2671740267578714e-01
       460  1.1499999999999866e+00  1.2443615196406303e-01  4.2926079150615702e-01
       470  1.1749999999999861e+00  1.2442269688120167e-01  4.3187667461507195e-01
       480  1.1999999999999855e+00  1.2440915890661782e-01  4.3456602532000860e-01
       490  1.2249999999999850e+00  1.2439553572902887e-01  4.3732983322998106e-01
       500  1.2499999999999845e+00  1.2438182500597360e-01  4.4016910414217128e-01
       510  1.2749999999999839e+00  1.2436802436330801e-01  4.4308485993762056e-01
       520  1.2999999999999834e+00  1.2435413139470437e-01  4.4607813847427595e-01
       530  1.3249999999999829e+00  1.2434014366115391e-01  4.4914999347567974e-01
       540  1.3499999999999823e+00  1.2432605869047251e-01  4.5230149441358405e-01
       550  1.3749999999999818e+00  1.2431187397681023e-01  4.5553372638279853e-01
       560  1.3999999999999813e+00  1.2429758698016620e-01  4.5884778996661319e-01
       570  1.4249999999999807e+00  1.2428319512590569e-01  4.6224480109117273e-01
       580  1.4499999999999802e+00  1.2426869580428385e-01  4.6572589086727087e-01
       590  1.4749999999999797e+00  1.2425408636997354e-01  4.6929220541809073e-01
       600  1.4999999999999791e+00  1.2423936414159897e-01  4.7294490569153259e-01
       610  1.5249999999999786e+00  1.2422452640127599e-01  4.7668516725588244e-01
       620  1.5499999999999781e+00  1.2420957039415813e-01  4.8051418007770293e-01
       630  1.5749999999999775e+00  1.2419449332799071e-01  4.8443314828099148e-01
       640  1.5999999999999770e+00  1.2417929237267236e-01  4.8844328988681118e-01
       650  1.6249999999999765e+00  1.2416396465982490e-01  4.9254583653279148e-01
       660  1.6499999999999759e+00  1.2414850728237269e-01  4.9674203317211368e-01
       670  1.6749999999999754e+00  1.2413291729413164e-01  5.0103313775181878e-01
       680  1.6999999999999749e+00  1.2411719170940779e-01  5.0542042087053641e-01
       690  1.7249999999999743e+00  1.2410132750260814e-01  5.0990516541602167e-01
       700  1.7499999999999738e+00  1.2408532160786245e-01  5.1448866618318813e-01
       710  1.7749999999999733e+00  1.2406917091865756e-01  5.1917222947367674e-01
       720  1.7999999999999727e+00  1.2405287228748332e-01  5.2395717267837190e-01
       730  1.8249999999999722e+00  1.2403642252549403e-01  5.2884482384471175e-01
       740  1.8499999999999717e+00  1.2401981840218156e-01  5.3383652123108030e-01
       750  1.8749999999999711e+00  1.2400305664506364e-01  5.3893361285110462e-01
       760  1.8999999999999706e+00  1.2398613393938617e-01  5.4413745601124123e-01
       770  1.9249999999999701e+00  1.2396904692784003e-01  5.4944941684567309e-01
       780  1.9499999999999695e+00  1.2395179221029259e-01  5.5487086985324549e-01
       790  1.9749999999999690e+00  1.2393436634353320e-01  5.6040319744194649e-01
       800  1.9999999999999685e+00  1.2391676584103345e-01  5.6604778948731598e-01
       810  2.0249999999999679e+00  1.2389898717271982e-01  5.7180604291211534e-01
       820  2.0499999999999674e+00  1.2388102676476020e-01  5.7767936129566840e-01
       830  2.0749999999999669e+00  1.2386288099936122e-01  5.8366915452244488e-01
       840  2.0999999999999663e+00  1.2384454621457608e-01  5.8977683848075080e-01
       850  2.1249999999999658e+00  1.2382601870412066e-01  5.9600383482380505e-01
       860  2.1499999999999653e+00  1.2380729471719675e-01  6.0235157080701977e-01
       870  2.1749999999999647e+00  1.2378837045831763e-01  6.0882147921697254e-01
       880  2.1999999999999642e+00  1.2376924208713527e-01  6.1541499840938335e-01
       890  2.2249999999999637e+00  1.2374990571826414e-01  6.2213357247535065e-01
       900  2.2499999999999631e+00  1.2373035742109720e-01  6.2897865155720308e-01
       910  2.2749999999999626e+00  1.2371059321960988e-01  6.3595169233755823e-01
       920  2.2999999999999621e+00  1.2369060909214544e-01  6.4305415872755652e-01
       930  2.3249999999999615e+00  1.2367040097117518e-01  6.5028752278275089e-01
       940  2.3499999999999610e+00  1.2364996474302675e-01  6.5765326587778691e-01
       950  2.3749999999999605e+00  1.2362929624757038e-01  6.6515288017377343e-01
       960  2.3999999999999599e+00  1.2360839127785472e-01  6.7278787041515557e-01
       970  2.4249999999999594e+00  1.2358724557968103e-01  6.8055975609591693e-01
       980  2.4499999999999589e+00  1.2356585485110291e-01  6.8847007403807068e-01
       990  2.4749999999999583e+00  1.2354421474183841e-01  6.9652038142864790e-01
      1000  2.4999999999999578e+00  1.2352232085258008e-01  7.0471225936475211e-01
      1010  2.5249999999999573e+00  1.2350016873418461e-01  7.1304731695971086e-01
      1020  2.5499999999999567e+00  1.2347775388672567e-01  7.2152719606695010e-01
      1030  2.5749999999999562e+00  1.2345507175838822e-01  7.3015357668192926e-01
      1040  2.5999999999999557e+00  1.2343211774418215e-01  7.3892818308632694e-01
      1050  2.6249999999999551e+00  1.2340888718445210e-01  7.4785279080270232e-01
      1060  2.6499999999999546e+00  1.2338537536315628e-01  7.5692923443205971e-01
      1070  2.6749999999999541e+00  1.2336157750588535e-01  7.6615941645119032e-01
      1080  2.6999999999999535e+00  1.2333748877759021e-01  7.7554531705138428e-01
      1090  2.7249999999999530e+00  1.2331310427998520e-01  7.8508900510515003e-01
      1100  2.7499999999999525e+00  1.2328841904859001e-01  7.9479265035300256e-01
      1110  2.7749999999999519e+00  1.2326342804936943e-01  8.0465853690825883e-01
      1120  2.7999999999999514e+00  1.2323812617493045e-01  8.1468907818418618e-01
      1130  2.8249999999999509e+00  1.2321250824022833e-01  8.2488683335481091e-01
      1140  2.8499999999999504e+00  1.2318656897773301e-01  8.3525452546832139e-01
      1150  2.8749999999999498e+00  1.2316030303200198e-01  8.4579506134027069e-01
      1160  2.8999999999999493e+00  1.2313370495360225e-01  8.5651155336273591e-01
      1170  2.9249999999999488e+00  1.2310676919231816e-01  8.6740734337512259e-01
      1180  2.9499999999999482e+00  1.2307949008957988e-01  8.7848602875231167e-01
      1190  2.9749999999999477e+00  1.2305186187003939e-01  8.8975149087601346e-01
      1200  2.9999999999999472e+00  1.2302387863221742e-01  9.0120792616513292e-01
      1210  3.0249999999999466e+00  1.2299553433813801e-01  9.1285987984997173e-01
      1220  3.0499999999999461e+00  1.2296682280186259e-01  9.2471228268228260e-01
      1230  3.0749999999999456e+00  1.2293773767682816e-01  9.3677049077721898e-01
      1240  3.0999999999999450e+00  1.2290827244188967e-01  9.4904032878233018e-01
      1250  3.1249999999999445e+00  1.2287842038595733e-01  9.6152813656057170e-01
      1260  3.1499999999999440e+00  1.2284817459111962e-01  9.7424081955580391e-01
      1270  3.1749999999999434e+00  1.2281752791413265e-01  9.8718590297650201e-01
      1280  3.1999999999999429e+00  1.2278647296615425e-01  1.0003715898815946e+00
      1290  3.2249999999999424e+00  1.2275500209060329e-01  1.0138068231756786e+00
      1300  3.2499999999999418e+00  1.2272310733902079e-01  1.0275013514125249e+00
      1310  3.2749999999999413e+00  1.2269078044481808e-01  1.0414657981584074e+00
      1320  3.2999999999999408e+00  1.2265801279480820e-01  1.0557117344725931e+00
      1330  3.3249999999999402e+00  1.2262479539843069e-01  1.0702517538141594e+00
      1340  3.3499999999999397e+00  1.2259111885461157e-01  1.0850995483765165e+00
      1350  3.3749999999999392e+00  1.2255697331623205e-01  1.1002699854800158e+00
      1360  3.3999999999999386e+00  1.2252234845223222e-01  1.1157791822172588e+00
      1370  3.4249999999999381e+00  1.2248723340743873e-01  1.1316445760446734e+00
      1380  3.4499999999999376e+00  1.2245161676028622e-01  1.1478849884487426e+00
      1390  3.4749999999999370e+00  1.2241548647870243e-01  1.1645206781935675e+00
      1400  3.4999999999999365e+00  1.2237882987454456e-01  1.1815733800027851e+00
      1410  3.5249999999999360e+00  1.2234163355711661e-01  1.1990663238985470e+00
      1420  3.5499999999999354e+00  1.2230388338645289e-01  1.2170242299089920e+00
      1430  3.5749999999999349e+00  1.2226556442722321e-01  1.2354732725955013e+00
      1440  3.5999999999999344e+00  1.2222666090429032e-01  1.2544410099839053e+00
      1450  3.6249999999999338e+00  1.2218715616110712e-01  1.2739562721137693e+00
      1460  3.6499999999999333e+00  1.2214703262227750e-01  1.2940490055671244e+00
      1470  3.6749999999999328e+00  1.2210627176169244e-01  1.3147500719276436e+00
      1480  3.6999999999999322e+00  1.2206485407768863e-01  1.3360910000098877e+00
      1490  3.7249999999999317e+00  1.2202275907665069e-01  1.3581036936875934e+00
      1500  3.7499999999999312e+00  1.2197996526639274e-01  1.3808200989731458e+00
      1510  3.7749999999999306e+00  1.2193645016051574e-01  1.4042718353930608e+00
      1520  3.7999999999999301e+00  1.2189219029476517e-01  1.4284897976462002e+00
      1530  3.8249999999999296e+00  1.2184716125621344e-01  1.4535037344089291e+00
      1540  3.8499999999999290e+00  1.2180133772585757e-01  1.4793418124635383e+00
      1550  3.8749999999999285e+00  1.2175469353493877e-01  1.5060301762279027e+00
      1560  3.8999999999999280e+00  1.2170720173493878e-01  1.5335925152313777e+00
      1570  3.9249999999999274e+00  1.2165883468077072e-01  1.5620496550269012e+00
      1580  3.9499999999999269e+00  1.2160956412616478e-01  1.5914191884296261e+00
      1590  3.9749999999999264e+00  1.2155936132978424e-01  1.6217151585308781e+00
      1600  3.9999999999999258e+00  1.2150819717044664e-01  1.6529477913388951e+00
      1610  4.0249999999999293e+00  1.2145604227005620e-01  1.6851232688450494e+00
      1620  4.0499999999999332e+00  1.2140286712291031e-01  1.7182435525032251e+00
      1630  4.0749999999999371e+00  1.2134864222925350e-01  1.7523062945612343e+00
      1640  4.0999999999999410e+00  1.2129333822999086e-01  1.7873048470717151e+00
      1650  4.1249999999999449e+00  1.2123692604064099e-01  1.8232282771636586e+00
      1660  4.1499999999999488e+00  1.2117937698684229e-01  1.8600612265239588e+00
      1670  4.1749999999999527e+00  1.2112066294804016e-01  1.8977835271723275e+00
      1680  4.1999999999999567e+00  1.2106075651619643e-01  1.9363696484983985e+00
      1690  4.2249999999999606e+00  1.2099963117225762e-01  1.9757881408582454e+00
      1700  4.2499999999999645e+00  1.2093726147853050e-01  2.0160011771212233e+00
      1710  4.2749999999999684e+00  1.2087362328471539e-01  2.0569641099560906e+00
      1720  4.2999999999999723e+00  1.2080869394867225e-01  2.0986250069262006e+00
      1730  4.3249999999999762e+00  1.2074245256371804e-01  2.1409249146113754e+00
      1740  4.3499999999999801e+00  1.2067488014816429e-01  2.1838001614883971e+00
      1750  4.3749999999999840e+00  1.2060595973518795e-01  2.2271860146319936e+00
      1760  4.3999999999999879e+00  1.2053567637381163e-01  2.2710180455195902e+00
      1770  4.4249999999999918e+00  1.2046401715379387e-01  2.3152294355353951e+00
      1780  4.4499999999999957e+00  1.2039097132888816e-01  2.3597484468277729e+00
      1790  4.4749999999999996e+00  1.2031653044284127e-01  2.4045011957049450e+00
      1800  4.5000000000000036e+00  1.2024068829920637e-01  2.4494178972720347e+00
      1810  4.5250000000000075e+00  1.2016344077136400e-01  2.4944358614134900e+00
      1820  4.5500000000000114e+00  1.2008478560333089e-01  2.5394975887344696e+00
      1830  4.5750000000000153e+00  1.2000472227698527e-01  2.5845494569764289e+00
      1840  4.6000000000000192e+00  1.1992325186774534e-01  2.6295434261050344e+00
      1850  4.6250000000000231e+00  1.1984037685769714e-01  2.6744371882535411e+00
      1860  4.6500000000000270e+00  1.1975610100144389e-01  2.7191909757007659e+00
      1870  4.6750000000000309e+00  1.1967042929923861e-01  2.7637644597134016e+00
      1880  4.7000000000000348e+00  1.1958336804356514e-01  2.8081150328516283e+00
      1890  4.7250000000000387e+00  1.1949492491162689e-01  2.8521964829315081e+00
      1900  4.7500000000000426e+00  1.1940510909137602e-01  2.8959583375601219e+00
      1910  4.7750000000000465e+00  1.1931393140586943e-01  2.9393466736419779e+00
      1920  4.8000000000000504e+00  1.1922140439582785e-01  2.9823057131758567e+00
      1930  4.8250000000000544e+00  1.1912754236445982e-01  3.0247784000405909e+00
      1940  4.8500000000000583e+00  1.1903236142131490e-01  3.0667062534321134e+00
      1950  4.8750000000000622e+00  1.1893587950493948e-01  3.1080312650727730e+00
      1960  4.9000000000000661e+00  1.1883811630657857e-01  3.1486999883727022e+00
      1970  4.9250000000000700e+00  1.1873909306803874e-01  3.1886670610666906e+00
      1980  4.9500000000000739e+00  1.1863883229947952e-01  3.2278967862054792e+00
      1990  4.9750000000000778e+00  1.1853735747340427e-01  3.2663631817179699e+00
      2000  5.0000000000000817e+00  1.1843469273484290e-01  3.3040489242623182e+00
      2010  5.0250000000000856e+00  1.1833086266086764e-01  3.3409432628909857e+00
      2020  5.0500000000000895e+00  1.1822589209660252e-01  3.3770393638287829e+00
      2030  5.0750000000000934e+00  1.1811980606694445e-01  3.4123323623603163e+00
      2040  5.1000000000000973e+00  1.1801262972305658e-01  3.4468191566715079e+00
      2050  5.1250000000001013e+00  1.1790438827128781e-01  3.4804995392253809e+00
      2060  5.1500000000001052e+00  1.1779510686611111e-01  3.5133770776992446e+00
      2070  5.1750000000001091e+00  1.1768481049677458e-01  3.5454585769681813e+00
      2080  5.2000000000001130e+00  1.1757352390657563e-01  3.5767527878112475e+00
      2090  5.2250000000001169e+00  1.1746127154252854e-01  3.6072699717389583e+00
      2100  5.2500000000001208e+00  1.1734807749686490e-01  3.6370228047552933e+00
      2110  5.2750000000001247e+00  1.1723396540796055e-01  3.6660279255299516e+00
      2120  5.3000000000001286e+00  1.1711895831294518e-01  3.6943073761472182e+00
      2130  5.3250000000001325e+00  1.1700307846367482e-01  3.7218894542142727e+00
      2140  5.3500000000001364e+00  1.1688634712626790e-01  3.7488089639388888e+00
      2150  5.3750000000001403e+00  1.1676878437621091e-01  3.7751073312767408e+00
      2160  5.4000000000001442e+00  1.1665040888822551e-01  3.8008328096246798e+00
      2170  5.4250000000001481e+00  1.1653123772175288e-01  3.8260404885781655e+00
      2180  5.4500000000001521e+00  1.1641128611371982e-01  3.8507917785355714e+00
      2190  5.4750000000001560e+00  1.1629056729816697e-01  3.8751531870232716e+00
      2200  5.5000000000001599e+00  1.1616909237475176e-01  3.8991944782309928e+00
      2210  5.5250000000001638e+00  1.1604687023559750e-01  3.9229869444445017e+00
      2220  5.5500000000001677e+00  1.1592390753305704e-01  3.9466025864832514e+00
      2230  5.5750000000001716e+00  1.1580020865936764e-01  3.9701140712508897e+00
      2240  5.6000000000001755e+00  1.1567577572422976e-01  3.9935948172079951e+00
      2250  5.6250000000001794e+00  1.1555060853193347e-01  4.0171189275264343e+00
      2260  5.6500000000001833e+00  1.1542470456292481e-01  4.0407609842000963e+00
      2270  5.6750000000001872e+00  1.1529805896225515e-01  4.0645958521522395e+00
      2280  5.7000000000001911e+00  1.1517066453108801e-01  4.0886986968553804e+00
      2290  5.7250000000001950e+00  1.1504251171525595e-01  4.1131451001534255e+00
      2300  5.7500000000001990e+00  1.1491358859400931e-01  4.1380108672889244e+00
      2310  5.7750000000002029e+00  1.1478388088167666e-01  4.1633714471429897e+00
      2320  5.8000000000002068e+00  1.1465337194514133e-01  4.1893016501878692e+00
      2330  5.8250000000002107e+00  1.1452204281714419e-01  4.2158761893615617e+00
      2340  5.8500000000002146e+00  1.1438987218778851e-01  4.2431703286535403e+00
      2350  5.8750000000002185e+00  1.1425683638986798e-01  4.2712594816877540e+00
      2360  5.9000000000002224e+00  1.1412290941961629e-01  4.3002173535125909e+00
      2370  5.9250000000002263e+00  1.1398806303522153e-01  4.3301128798508782e+00
      2380  5.9500000000002302e+00  1.1385226696676237e-01  4.3610061632988128e+00
      2390  5.9750000000002341e+00  1.1371548926696118e-01  4.3929436348464748e+00
      2400  6.0000000000002380e+00  1.1357769680738166e-01  4.4259539791697996e+00
      2410  6.0250000000002419e+00  1.1343885585782902e-01  4.4600472143856158e+00
      2420  6.0500000000002458e+00  1.1329893263127936e-01  4.4952177687688858e+00
      2430  6.0750000000002498e+00  1.1315789368149725e-01  4.5314506000251827e+00
      2440  6.1000000000002537e+00  1.1301570608167907e-01  4.5687288024026910e+00
      2450  6.1250000000002576e+00  1.1287233736669553e-01  4.6070407884627072e+00
      2460  6.1500000000002615e+00  1.1272775528295249e-01  4.6463851421285952e+00
      2470  6.1750000000002654e+00  1.1258192744095292e-01  4.6867718363157201e+00
      2480  6.2000000000002693e+00  1.1243482099397142e-01  4.7282193685845684e+00
      2490  6.2250000000002732e+00  1.1228640245926017e-01  4.7707488151196931e+00
      2500  6.2500000000002771e+00  1.1213663774297958e-01  4.8143771748504412e+00
      2510  6.2750000000002810e+00  1.1198549235390329e-01  4.8591122239435358e+00
      2520  6.3000000000002849e+00  1.1183293173882158e-01  4.9049499601873940e+00
      2530  6.3250000000002888e+00  1.1167892165562979e-01  4.9518746648616059e+00
      2540  6.3500000000002927e+00  1.1152342851549837e-01  4.9998605805965692e+00
      2550  6.3750000000002967e+00  1.1136641966705838e-01  5.0488736978879974e+00
      2560  6.4000000000003006e+00  1.1120786364376460e-01  5.0988719598600734e+00
      2570  6.4250000000003045e+00  1.1104773047258557e-01  5.1498002382178622e+00
      2580  6.4500000000003084e+00  1.1088599230949622e-01  5.2015730530300084e+00
      2590  6.4750000000003123e+00  1.1072262491152279e-01  5.2540372845179492e+00
      2600  6.5000000000003162e+00  1.1055761061852909e-01  5.3069137180452469e+00
      2610  6.5250000000003201e+00  1.1039094332503459e-01  5.3597322764349550e+00
      2620  6.5500000000003240e+00  1.1022263517221149e-01  5.4117926650554343e+00
      2630  6.5750000000003279e+00  1.1005272365803498e-01  5.4621804384901354e+00
      2640  6.6000000000003318e+00  1.0988127724490687e-01  5.5098464403841938e+00
      2650  6.6250000000003357e+00  1.0970839761133585e-01  5.5537399236848662e+00
      2660  6.6500000000003396e+00  1.0953421710732371e-01  5.5929787378723790e+00
      2670  6.6750000000003435e+00  1.0935889071927885e-01  5.6270226828732996e+00
      2680  6.7000000000003475e+00  1.0918258327665789e-01  5.6557950365511922e+00
      2690  6.7250000000003514e+00  1.0900545430190850e-01  5.6797072917774490e+00
      2700  6.7500000000003553e+00  1.0882764372728848e-01  5.6995813120934159e+00
      2710  6.7750000000003592e+00  1.0864926131480734e-01  5.7164968504089696e+00
      2720  6.8000000000003631e+00  1.0847038137443229e-01  5.7316149724326935e+00
      2730  6.8250000000003670e+00  1.0829104258164670e-01  5.7460370010547980e+00
      2740  6.8500000000003709e+00  1.0811125121120512e-01  5.7607271221398654e+00
      2750  6.8750000000003748e+00  1.0793098599387683e-01  5.7764812440944306e+00
      2760  6.9000000000003787e+00  1.0775020349236088e-01  5.7939242052646522e+00
      2770  6.9250000000003826e+00  1.0756884309954448e-01  5.8135366176091550e+00
      2780  6.9500000000003865e+00  1.0738683090405243e-01  5.8356953846782738e+00
      2790  6.9750000000003904e+00  1.0720408254545428e-01  5.8606915452977145e+00
      2800  7.0000000000003944e+00  1.0702050621525571e-01  5.8887039698978028e+00
      2810  7.0250000000003983e+00  1.0683600662904390e-01  5.9197778401177127e+00
      2820  7.0500000000004022e+00  1.0665048864901017e-01  5.9538707283718222e+00
      2830  7.0750000000004061e+00  1.0646385897861385e-01  5.9909137303727791e+00
      2840  7.1000000000004100e+00  1.0627602658533204e-01  6.0308338740105986e+00
      2850  7.1250000000004139e+00  1.0608690233304708e-01  6.0735917556964478e+00
      2860  7.1500000000004178e+00  1.0589639732143299e-01  6.1192083777902384e+00
      2870  7.1750000000004217e+00  1.0570442189857568e-01  6.1676943035768377e+00
      2880  7.2000000000004256e+00  1.0551088701589506e-01  6.2190046068538800e+00
      2890  7.2250000000004295e+00  1.0531570524270992e-01  6.2730849920655580e+00
      2900  7.2500000000004334e+00  1.0511879137487485e-01  6.3298348017127474e+00
      2910  7.2750000000004373e+00  1.0492006447353434e-01  6.3890902311735217e+00
      2920  7.3000000000004412e+00  1.0471944906674676e-01  6.4506629794637160e+00
      2930  7.3250000000004452e+00  1.0451687670418639e-01  6.5142814053939943e+00
      2940  7.3500000000004491e+00  1.0431228884410964e-01  6.5795916191438773e+00
      2950  7.3750000000004530e+00  1.0410563894150722e-01  6.6461734092818164e+00
      2960  7.4000000000004569e+00  1.0389689528636419e-01  6.7134945735077487e+00
      2970  7.4250000000004608e+00  1.0368604400765454e-01  6.7809644981105286e+00
      2980  7.4500000000004647e+00  1.0347308911105791e-01  6.8480443809051203e+00
      2990  7.4750000000004686e+00  1.0325804983328686e-01  6.9143037366125502e+00
      3000  7.5000000000004725e+00  1.0304095680873593e-01  6.9794467870706309e+00
      3010  7.5250000000004764e+00  1.0282184775733120e-01  7.0433122727389026e+00
      3020  7.5500000000004803e+00  1.0260076365845941e-01  7.1058513909886522e+00
      3030  7.5750000000004842e+00  1.0237774502637030e-01  7.1671507290813680e+00
      3040  7.6000000000004881e+00  1.0215282704747668e-01  7.2274653766399274e+00
      3050  7.6250000000004921e+00  1.0192603468440151e-01  7.2871823422881698e+00
      3060  7.6500000000004960e+00  1.0169737988438672e-01  7.3467322158186536e+00
      3070  7.6750000000004999e+00  1.0146686141531637e-01  7.4065217944067762e+00
      3080  7.7000000000005038e+00  1.0123446589751138e-01  7.4669229475655128e+00
      3090  7.7250000000005077e+00  1.0100016872551574e-01  7.5282847492067494e+00
      3100  7.7500000000005116e+00  1.0076393456255123e-01  7.5909462406191355e+00
      3110  7.7750000000005155e+00  1.0052571761247824e-01  7.6552373107782066e+00
      3120  7.8000000000005194e+00  1.0028546186653218e-01  7.7214840616489695e+00
      3130  7.8250000000005233e+00  1.0004310104651056e-01  7.7900162621388791e+00
      3140  7.8500000000005272e+00  9.9798558923336351e-02  7.8611297920567172e+00
      3150  7.8750000000005311e+00  9.9551751686141377e-02  7.9349953872010547e+00
      3160  7.9000000000005350e+00  9.9302593697025456e-02  8.0115389189398669e+00
      3170  7.9250000000005389e+00  9.9051006851907991e-02  8.0903411879279498e+00
      3180  7.9500000000005429e+00  9.8796931817025325e-02  8.1706287496627396e+00
      3190  7.9750000000005468e+00  9.8540337661705821e-02  8.2513857003210544e+00
      3200  8.0000000000005507e+00  9.8281226241488566e-02  8.3315712238851072e+00
      3210  8.0250000000005457e+00  9.8019629463824824e-02  8.4103247109499628e+00
      3220  8.0500000000005407e+00  9.7755602477547413e-02  8.4870211537147006e+00
      3230  8.0750000000005357e+00  9.7489215767169564e-02  8.5613177742197950e+00
      3240  8.1000000000005308e+00  9.7220545492675692e-02  8.6331846595821141e+00
      3250  8.1250000000005258e+00  9.6949665533713131e-02  8.7027672593876671e+00
      3260  8.1500000000005208e+00  9.6676644611554064e-02  8.7702277364743571e+00
      3270  8.1750000000005159e+00  9.6401547693406223e-02  8.8356329063973176e+00
      3280  8.2000000000005109e+00  9.6124438811221396e-02  8.8990033095445443e+00
      3290  8.2250000000005059e+00  9.5845379775012962e-02  8.9604798037612697e+00
      3300  8.2500000000005009e+00  9.5564425747240227e-02  9.0203320053540253e+00
      3310  8.2750000000004960e+00  9.5281623125882628e-02  9.0788306702008635e+00
      3320  8.3000000000004910e+00  9.4997009980728789e-02  9.1362701365629605e+00
      3330  8.3250000000004860e+00  9.4710611731730014e-02  9.1931907254651982e+00
      3340  8.3500000000004810e+00  9.4422433202971596e-02  9.2503426157125220e+00
      3350  8.3750000000004761e+00  9.4132453690380480e-02  9.3086181983831850e+00
      3360  8.4000000000004711e+00  9.3840622389482855e-02  9.3690143736739378e+00
      3370  8.4250000000004661e+00  9.3546860047638117e-02  9.4323040260872045e+00
      3380  8.4500000000004611e+00  9.3251068731239356e-02  9.4989074708997653e+00
      3390  8.4750000000004562e+00  9.2953143824051653e-02  9.5688069042020652e+00
      3400  8.5000000000004512e+00  9.2652989235311390e-02  9.6414890729242894e+00
      3410  8.5250000000004462e+00  9.2350529742939077e-02  9.7161929669361842e+00
      3420  8.5500000000004412e+00  9.2045714192012176e-02  9.7921318116122190e+00
      3430  8.5750000000004363e+00  9.1738520237704891e-02  9.8681743506623393e+00
      3440  8.6000000000004313e+00  9.1428969116714777e-02  9.9426959553446330e+00
      3450  8.6250000000004263e+00  9.1117136085914575e-02  1.0013924900837783e+01
      3460  8.6500000000004214e+00  9.0803150960506518e-02  1.0080150948040177e+01
      3470  8.6750000000004164e+00  9.0487195800643927e-02  1.0139747577495552e+01
      3480  8.7000000000004114e+00  9.0169500603034676e-02  1.0191309628363737e+01
      3490  8.7250000000004064e+00  8.9850332917785770e-02  1.0233874097103086e+01
      3500  8.7500000000004015e+00  8.9529980846908187e-02  1.0267120190430946e+01
      3510  8.7750000000003965e+00  8.9208730070695061e-02  1.0291552730212851e+01
      3520  8.8000000000003915e+00  8.8886836187838755e-02  1.0308576676446339e+01
      3530  8.8250000000003865e+00  8.8564501778615943e-02  1.0320037139429375e+01
      3540  8.8500000000003816e+00  8.8241877889271154e-02  1.0327240926861234e+01
      3550  8.8750000000003766e+00  8.7919088976601647e-02  1.0330614849697056e+01
      3560  8.9000000000003716e+00  8.7596255421420551e-02  1.0330044399312280e+01
      3570  8.9250000000003666e+00  8.7273508030419412e-02  1.0324963799243896e+01
      3580  8.9500000000003617e+00  8.6951002965572762e-02  1.0314328444788773e+01
      3590  8.9750000000003567e+00  8.6628934185120045e-02  1.0296820085465499e+01
      3600  9.0000000000003517e+00  8.6307535431720576e-02  1.0271299503236131e+01
      3610  9.0250000000003467e+00  8.5987067060483180e-02  1.0237255368762536e+01
      3620  9.0500000000003418e+00  8.5667793397342054e-02  1.0194935713158369e+01
      3630  9.0750000000003368e+00  8.5349961683335637e-02  1.0145125600886783e+01
      3640  9.1000000000003318e+00  8.5033790899682853e-02  1.0088809186111918e+01
      3650  9.1250000000003268e+00  8.4719467040487491e-02  1.0027136339971167e+01
      3660  9.1500000000003219e+00  8.4407136207410297e-02  9.9614990858618202e+00
      3670  9.1750000000003169e+00  8.4096899647446584e-02  9.8933386500366537e+00
      3680  9.2000000000003119e+00  8.3788813919837689e-02  9.8240927904659369e+00
      3690  9.2250000000003070e+00  8.3482889300809139e-02  9.7552846600826263e+00
      3700  9.2500000000003020e+00  8.3179088427975336e-02  9.6884133379999221e+00
      3710  9.2750000000002970e+00  8.2877329030756539e-02  9.6248433324161944e+00
      3720  9.3000000000002920e+00  8.2577489192939400e-02  9.5657308186648791e+00
      3730  9.3250000000002871e+00  8.2279415683301497e-02  9.5119007626541421e+00
      3740  9.3500000000002821e+00  8.1982936361543889e-02  9.4637246330847208e+00
      3750  9.3750000000002771e+00  8.1687874351525170e-02  9.4211661260149368e+00
      3760  9.4000000000002721e+00  8.1394056923959028e-02  9.3840372257209824e+00
      3770  9.4250000000002672e+00  8.1101318079375451e-02  9.3520816502726630e+00
      3780  9.4500000000002622e+00  8.0809502318391543e-02  9.3248764470271677e+00
      3790  9.4750000000002572e+00  8.0518469266320102e-02  9.3019005271745278e+00
      3800  9.5000000000002522e+00  8.0228094948239138e-02  9.2826293122422561e+00
      3810  9.5250000000002473e+00  7.9938272109332915e-02  9.2665072176054120e+00
      3820  9.5500000000002423e+00  7.9648912257612458e-02  9.2528755564469573e+00
      3830  9.5750000000002373e+00  7.9359949845119721e-02  9.2409280594709302e+00
      3840  9.6000000000002323e+00  7.9071345382759513e-02  9.2298411136915245e+00
      3850  9.6250000000002274e+00  7.8783082388729915e-02  9.2189943604877467e+00
      3860  9.6500000000002224e+00  7.8495159303079363e-02  9.2080560681266693e+00
      3870  9.6750000000002174e+00  7.8207580419073452e-02  9.1969791640170005e+00
      3880  9.7000000000002125e+00  7.7920347809386949e-02  9.1859354061446773e+00
      3890  9.7250000000002075e+00  7.7633456163456873e-02  9.1752099629811254e+00
      3900  9.7500000000002025e+00  7.7346890562894100e-02  9.1651205525444736e+00
      3910  9.7750000000001975e+00  7.7060626343566353e-02  9.1559727325320504e+00
      3920  9.8000000000001926e+00  7.6774628972674234e-02  9.1481051110330357e+00
      3930  9.8250000000001876e+00  7.6488852176280293e-02  9.1419289825289215e+00
      3940  9.8500000000001826e+00  7.6203236058822344e-02  9.1379014878071301e+00
      3950  9.8750000000001776e+00  7.5917705735541789e-02  9.1365233687778636e+00
      3960  9.9000000000001727e+00  7.5632171009107535e-02  9.1382393739052592e+00
      3970  9.9250000000001677e+00  7.5346532097801511e-02  9.1431714909967393e+00
      3980  9.9500000000001627e+00  7.5060692963638225e-02  9.1509546120022718e+00
      3990  9.9750000000001577e+00  7.4774575600473382e-02  9.1608251366361386e+00
      4000  1.0000000000000153e+01  7.4488130640034999e-02  9.1717180563724058e+00
