         0  0.0000000000000000e+00  1.2500000000000000e-01  3.7500000000000000e-01 -0.000000e+00  3.375000e+00 -0.000000e+00  1.562500e+01 -0.000000e+00  8.374023e+01  3.375000e+00  1.562500e+01  1.1250000000000000e+00
        10  2.4999999999999998e-02  1.2481263638387965e-01  3.7446223916162519e-01  1.324531e-02  3.375300e+00  1.324627e-01  1.563091e+01  1.086794e+00  8.381010e+01  3.373818e+00  1.561449e+01  1.1235813805565404e+00
        20  5.0000000000000010e-02  1.2462552938208508e-01  3.7397358180111256e-01  2.646580e-02  3.376199e+00  2.647347e-01  1.564861e+01  2.173135e+00  8.401928e+01  3.370294e+00  1.558317e+01  1.1226970603793145e+00
        30  7.5000000000000025e-02  1.2443865457878274e-01  3.7353348760439936e-01  3.966309e-02  3.377694e+00  3.968894e-01  1.567803e+01  3.260727e+00  8.436742e+01  3.364477e+00  1.553158e+01  1.1223424949749670e+00
        40  1.0000000000000005e-01  1.2425198782064770e-01  3.7314144617249817e-01  5.283874e-02  3.379781e+00  5.289988e-01  1.571914e+01  4.351251e+00  8.485447e+01  3.356439e+00  1.546049e+01  1.1225139881301847e+00
        50  1.2500000000000006e-01  1.2406550520220151e-01  3.7279697586650096e-01  6.599419e-02  3.382458e+00  6.611334e-01  1.577190e+01  5.446369e+00  8.548070e+01  3.346272e+00  1.537090e+01  1.1232086674664763e+00
        60  1.5000000000000008e-01  1.2387918305172851e-01  3.7249962265163328e-01  7.913079e-02  3.385724e+00  7.933622e-01  1.583628e+01  6.547724e+00  8.624668e+01  3.334090e+00  1.526404e+01  1.1244244617427845e+00
        70  1.7500000000000010e-01  1.2369299791777155e-01  3.7224895894020976e-01  9.224972e-02  3.389577e+00  9.257524e-01  1.591228e+01  7.656939e+00  8.715326e+01  3.320023e+00  1.514135e+01  1.1261600797991800e+00
        80  2.0000000000000012e-01  1.2350692655620661e-01  3.7204458243352662e-01  1.053520e-01  3.394013e+00  1.058369e+00  1.599988e+01  8.775620e+00  8.820159e+01  3.304220e+00  1.500441e+01  1.1284149910465002e+00
        90  2.2500000000000014e-01  1.2332094591789779e-01  3.7188611496290103e-01  1.184386e-01  3.399033e+00  1.191277e+00  1.609909e+01  9.905354e+00  8.939306e+01  3.286841e+00  1.485498e+01  1.1311894074173574e+00
       100  2.5000000000000017e-01  1.2313503313693250e-01  3.7177320133020270e-01  1.315102e-01  3.404635e+00  1.324536e+00  1.620992e+01  1.104771e+01  9.072934e+01  3.268063e+00  1.469491e+01  1.1344842667029844e+00
       110  2.7500000000000019e-01  1.2294916551943555e-01  3.7170550814834208e-01  1.445672e-01  3.410816e+00  1.458206e+00  1.633237e+01  1.220423e+01  9.221235e+01  3.248070e+00  1.452620e+01  1.1383012172081908e+00
       120  3.0000000000000021e-01  1.2276332053296410e-01  3.7168272268230079e-01  1.576099e-01  3.417576e+00  1.592343e+00  1.646647e+01  1.337645e+01  9.384421e+01  3.227057e+00  1.435087e+01  1.1426426036636284e+00
       130  3.2500000000000023e-01  1.2257747579648155e-01  3.7170455169131633e-01  1.706385e-01  3.424913e+00  1.727001e+00  1.661224e+01  1.456587e+01  9.562727e+01  3.205224e+00  1.417101e+01  1.1475114543399412e+00
       140  3.5000000000000026e-01  1.2239160907090900e-01  3.7177072027295543e-01  1.836527e-01  3.432824e+00  1.862232e+00  1.676970e+01  1.577396e+01  9.756409e+01  3.182777e+00  1.398875e+01  1.1529114693130140e+00
       150  3.7500000000000028e-01  1.2220569825025471e-01  3.7188097070979204e-01  1.966521e-01  3.441308e+00  1.998083e+00  1.693888e+01  1.700219e+01  9.965739e+01  3.159921e+00  1.380620e+01  1.1588470098329311e+00
       160  4.0000000000000030e-01  1.2201972135331807e-01  3.7203506131944930e-01  2.096361e-01  3.450361e+00  2.134600e+00  1.711980e+01  1.825198e+01  1.019101e+02  3.136864e+00  1.362544e+01  1.1653230887518491e+00
       170  4.2500000000000032e-01  1.2183365651596814e-01  3.7223276530877580e-01  2.226036e-01  3.459981e+00  2.271822e+00  1.731248e+01  1.952471e+01  1.043251e+02  3.113812e+00  1.344855e+01  1.1723453619672413e+00
       180  4.5000000000000034e-01  1.2164748198399218e-01  3.7247386963288670e-01  2.355535e-01  3.470165e+00  2.409788e+00  1.751694e+01  2.082173e+01  1.069057e+02  3.090966e+00  1.327753e+01  1.1799201208376395e+00
       190  4.7500000000000037e-01  1.2146117610651304e-01  3.7275817385980320e-01  2.484843e-01  3.480907e+00  2.548532e+00  1.773319e+01  2.214436e+01  1.096550e+02  3.068525e+00  1.311430e+01  1.1880542855274108e+00
       200  5.0000000000000033e-01  1.2127471732997261e-01  3.7308548904135358e-01  2.613942e-01  3.492203e+00  2.688081e+00  1.796124e+01  2.349386e+01  1.125764e+02  3.046679e+00  1.296072e+01  1.1967553992358002e+00
       210  5.2499999999999980e-01  1.2108808419267711e-01  3.7345563659098230e-01  2.742811e-01  3.504048e+00  2.828461e+00  1.820109e+01  2.487143e+01  1.156731e+02  3.025610e+00  1.281856e+01  1.2060316232629544e+00
       220  5.4999999999999927e-01  1.2090125531989956e-01  3.7386844716901824e-01  2.871426e-01  3.516434e+00  2.969691e+00  1.845273e+01  2.627822e+01  1.189485e+02  3.005492e+00  1.268948e+01  1.2158917328625203e+00
       230  5.7499999999999873e-01  1.2071420941953898e-01  3.7432375957592501e-01  2.999760e-01  3.529356e+00  3.111785e+00  1.871612e+01  2.771532e+01  1.224058e+02  2.986490e+00  1.257504e+01  1.2263451138259698e+00
       240  5.9999999999999820e-01  1.2052692527832957e-01  3.7482141965394516e-01  3.127783e-01  3.542803e+00  3.254753e+00  1.899124e+01  2.918373e+01  1.260483e+02  2.968755e+00  1.247670e+01  1.2374017597388465e+00
       250  6.2499999999999767e-01  1.2033938175859525e-01  3.7536127919750939e-01  3.255463e-01  3.556767e+00  3.398597e+00  1.927802e+01  3.068439e+01  1.298789e+02  2.952430e+00  1.239579e+01  1.2490722698427645e+00
       260  6.4999999999999714e-01  1.2015155779554626e-01  3.7594319487268502e-01  3.382764e-01  3.571238e+00  3.543314e+00  1.957639e+01  3.221812e+01  1.339007e+02  2.937643e+00  1.233355e+01  1.2613678474301393e+00
       270  6.7499999999999660e-01  1.1996343239511496e-01  3.7656702714586621e-01  3.509646e-01  3.586203e+00  3.688895e+00  1.988627e+01  3.378566e+01  1.381163e+02  2.924511e+00  1.229110e+01  1.2743002986904213e+00
       280  6.9999999999999607e-01  1.1977498463232175e-01  3.7723263922183137e-01  3.636068e-01  3.601650e+00  3.835324e+00  2.020752e+01  3.538765e+01  1.425281e+02  2.913136e+00  1.226944e+01  1.2878820319178537e+00
       290  7.2499999999999554e-01  1.1958619365017120e-01  3.7793989599125200e-01  3.761985e-01  3.617565e+00  3.982577e+00  2.054002e+01  3.702459e+01  1.471384e+02  2.903609e+00  1.226947e+01  1.3021260569805864e+00
       300  7.4999999999999500e-01  1.1939703865906916e-01  3.7868866298760040e-01  3.887349e-01  3.633933e+00  4.130624e+00  2.088359e+01  3.869687e+01  1.519487e+02  2.896007e+00  1.229200e+01  1.3170459849404241e+00
       310  7.7499999999999447e-01  1.1920749893676266e-01  3.7947880535345674e-01  4.012110e-01  3.650736e+00  4.279428e+00  2.123804e+01  4.040472e+01  1.569606e+02  2.890393e+00  1.233770e+01  1.3326560277005171e+00
       320  7.9999999999999394e-01  1.1901755382878867e-01  3.8031018681606882e-01  4.136214e-01  3.667956e+00  4.428942e+00  2.160314e+01  4.214825e+01  1.621748e+02  2.886818e+00  1.240716e+01  1.3489709975457840e+00
       330  8.2499999999999341e-01  1.1882718274943778e-01  3.8118266867204409e-01  4.259605e-01  3.685575e+00  4.579112e+00  2.197863e+01  4.392738e+01  1.675916e+02  2.885320e+00  1.250085e+01  1.3660063064273182e+00
       340  8.4999999999999287e-01  1.1863636518321805e-01  3.8209610878101258e-01  4.382226e-01  3.703571e+00  4.729877e+00  2.236422e+01  4.574188e+01  1.732107e+02  2.885923e+00  1.261916e+01  1.3837779648277730e+00
       350  8.7499999999999234e-01  1.1844508068682441e-01  3.8305036056810454e-01  4.504015e-01  3.721921e+00  4.881166e+00  2.275958e+01  4.759133e+01  1.790312e+02  2.888640e+00  1.276237e+01  1.4023025800297817e+00
       360  8.9999999999999181e-01  1.1825330889160043e-01  3.8404527203509192e-01  4.624909e-01  3.740603e+00  5.032901e+00  2.316434e+01  4.947512e+01  1.850513e+02  2.893471e+00  1.293064e+01  1.4215973535939086e+00
       370  9.2499999999999127e-01  1.1806102950649400e-01  3.8508068478004953e-01  4.744842e-01  3.759591e+00  5.184994e+00  2.357810e+01  5.139244e+01  1.912685e+02  2.900405e+00  1.312407e+01  1.4416800778366814e+00
       380  9.4999999999999074e-01  1.1786822232150226e-01  3.8615643302551622e-01  4.863747e-01  3.778858e+00  5.337348e+00  2.400041e+01  5.334225e+01  1.976796e+02  2.909420e+00  1.334262e+01  1.4625691310828786e+00
       390  9.7499999999999021e-01  1.1767486721159669e-01  3.8727234265509020e-01  4.981555e-01  3.798377e+00  5.489859e+00  2.443077e+01  5.532333e+01  2.042801e+02  2.920482e+00  1.358617e+01  1.4842834714501101e+00
       400  9.9999999999998967e-01  1.1748094414113235e-01  3.8842823025859741e-01  5.098194e-01  3.818117e+00  5.642413e+00  2.486866e+01  5.733420e+01  2.110648e+02  2.933547e+00  1.385447e+01  1.5068426289073957e+00
       410  1.0249999999999893e+00  1.1728643316872721e-01  3.8962390218601151e-01  5.213593e-01  3.838050e+00  5.794887e+00  2.531349e+01  5.937315e+01  2.180275e+02  2.948562e+00  1.414720e+01  1.5302666953341286e+00
       420  1.0499999999999887e+00  1.1709131445261690e-01  3.9085915361046353e-01  5.327676e-01  3.858143e+00  5.947151e+00  2.576466e+01  6.143825e+01  2.251608e+02  2.965465e+00  1.446389e+01  1.5545763122906333e+00
       430  1.0749999999999882e+00  1.1689556825647367e-01  3.9213376760083363e-01  5.440369e-01  3.878362e+00  6.099067e+00  2.622150e+01  6.352731e+01  2.324562e+02  2.984184e+00  1.480398e+01  1.5797926561986431e+00
       440  1.0999999999999877e+00  1.1669917495568519e-01  3.9344751420460472e-01  5.551595e-01  3.898675e+00  6.250485e+00  2.668329e+01  6.563790e+01  2.399041e+02  3.004638e+00  1.516678e+01  1.6059374206177699e+00
       450  1.1249999999999871e+00  1.1650211504409178e-01  3.9480014954184423e-01  5.661277e-01  3.919046e+00  6.401252e+00  2.714930e+01  6.776733e+01  2.474937e+02  3.026741e+00  1.555150e+01  1.6330327952950379e+00
       460  1.1499999999999866e+00  1.1630436914117175e-01  3.9619141491140797e-01  5.769338e-01  3.939439e+00  6.551206e+00  2.761872e+01  6.991268e+01  2.552130e+02  3.050397e+00  1.595720e+01  1.6611014416576262e+00
       470  1.1749999999999861e+00  1.1610591799967171e-01  3.9762103591071163e-01  5.875699e-01  3.959818e+00  6.700177e+00  2.809074e+01  7.207080e+01  2.630488e+02  3.075506e+00  1.638283e+01  1.6901664644162429e+00
       480  1.1999999999999855e+00  1.1590674251367263e-01  3.9908872157065389e-01  5.980283e-01  3.980144e+00  6.847989e+00  2.856448e+01  7.423828e+01  2.709868e+02  3.101959e+00  1.682721e+01  1.7202513789472689e+00
       490  1.2249999999999850e+00  1.1570682372708402e-01  4.0059416350755961e-01  6.083011e-01  4.000381e+00  6.994462e+00  2.903903e+01  7.641148e+01  2.790112e+02  3.129644e+00  1.728904e+01  1.7513800741279320e+00
       500  1.2499999999999845e+00  1.1550614284255774e-01  4.0213703509430243e-01  6.183804e-01  4.020489e+00  7.139407e+00  2.951346e+01  7.858657e+01  2.871055e+02  3.158444e+00  1.776689e+01  1.7835767703101046e+00
       510  1.2749999999999839e+00  1.1530468123081394e-01  4.0371699065303490e-01  6.282587e-01  4.040430e+00  7.282635e+00  2.998680e+01  8.075949e+01  2.952517e+02  3.188236e+00  1.825920e+01  1.8168659721359350e+00
       520  1.2999999999999834e+00  1.1510242044035641e-01  4.0533366467227966e-01  6.379281e-01  4.060164e+00  7.423951e+00  3.045805e+01  8.292600e+01  3.034310e+02  3.218895e+00  1.876428e+01  1.8512724159233769e+00
       530  1.3249999999999829e+00  1.1489934220758408e-01  4.0698667105142156e-01  6.473811e-01  4.079654e+00  7.563156e+00  3.092619e+01  8.508168e+01  3.116235e+02  3.250292e+00  1.928036e+01  1.8868210113813921e+00
       540  1.3499999999999823e+00  1.1469542846726466e-01  4.0867560237592548e-01  6.566104e-01  4.098860e+00  7.700050e+00  3.139019e+01  8.722198e+01  3.198084e+02  3.282298e+00  1.980550e+01  1.9235367774550385e+00
       550  1.3749999999999818e+00  1.1449066136336236e-01  4.1040002922686913e-01  6.656084e-01  4.117744e+00  7.834433e+00  3.184900e+01  8.934220e+01  3.279642e+02  3.314778e+00  2.033771e+01  1.9614447721493482e+00
       560  1.3999999999999813e+00  1.1428502326020863e-01  4.1215949952871567e-01  6.743682e-01  4.136268e+00  7.966104e+00  3.230156e+01  9.143754e+01  3.360686e+02  3.347602e+00  2.087487e+01  2.0005700162378743e+00
       570  1.4249999999999807e+00  1.1407849675397837e-01  4.1395353793937933e-01  6.828828e-01  4.154394e+00  8.094861e+00  3.274681e+01  9.350314e+01  3.440989e+02  3.380634e+00  2.141480e+01  2.0409374108283349e+00
       580  1.4499999999999802e+00  1.1387106468447028e-01  4.1578164528695238e-01  6.911453e-01  4.172087e+00  8.220508e+00  3.318369e+01  9.553408e+01  3.520317e+02  3.413742e+00  2.195523e+01  2.0825716488323138e+00
       590  1.4749999999999797e+00  1.1366271014714580e-01  4.1764329805755940e-01  6.991493e-01  4.189311e+00  8.342848e+00  3.361115e+01  9.752542e+01  3.598437e+02  3.446794e+00  2.249384e+01  2.1254971204692445e+00
       600  1.4999999999999791e+00  1.1345341650542060e-01  4.1953794793899007e-01  7.068886e-01  4.206032e+00  8.461689e+00  3.402816e+01  9.947224e+01  3.675111e+02  3.479660e+00  2.302827e+01  2.1697378130252192e+00
       610  1.5249999999999786e+00  1.1324316740316107e-01  4.2146502142478309e-01  7.143570e-01  4.222216e+00  8.576846e+00  3.443371e+01  1.013697e+02  3.750106e+02  3.512212e+00  2.355614e+01  2.2153172051848156e+00
       620  1.5499999999999781e+00  1.1303194677736594e-01  4.2342391948353475e-01  7.215489e-01  4.237833e+00  8.688138e+00  3.482681e+01  1.032130e+02  3.823187e+02  3.544326e+00  2.407505e+01  2.2622581563565580e+00
       630  1.5749999999999775e+00  1.1281973887099807e-01  4.2541401729807565e-01  7.284589e-01  4.252853e+00  8.795392e+00  3.520650e+01  1.049974e+02  3.894126e+02  3.575882e+00  2.458264e+01  2.3105827915191308e+00
       640  1.5999999999999770e+00  1.1260652824592460e-01  4.2743466407914282e-01  7.350820e-01  4.267248e+00  8.898441e+00  3.557188e+01  1.067185e+02  3.962700e+02  3.606763e+00  2.507655e+01  2.3603123822241439e+00
       650  1.6249999999999765e+00  1.1239229979593322e-01  4.2948518295793708e-01  7.414133e-01  4.280993e+00  8.997131e+00  3.592206e+01  1.083719e+02  4.028694e+02  3.636858e+00  2.555450e+01  2.4114672244992201e+00
       660  1.6499999999999759e+00  1.1217703875977877e-01  4.3156487096174523e-01  7.474484e-01  4.294063e+00  9.091316e+00  3.625625e+01  1.099535e+02  4.091901e+02  3.666064e+00  2.601427e+01  2.4640665145015608e+00
       670  1.6749999999999754e+00  1.1196073073422474e-01  4.3367299907646062e-01  7.531835e-01  4.306437e+00  9.180858e+00  3.657367e+01  1.114594e+02  4.152127e+02  3.694279e+00  2.645374e+01  2.5181282228727788e+00
       680  1.6999999999999749e+00  1.1174336168702641e-01  4.3580881239947444e-01  7.586147e-01  4.318096e+00  9.265636e+00  3.687363e+01  1.128860e+02  4.209190e+02  3.721413e+00  2.687088e+01  2.5736689688397858e+00
       690  1.7249999999999743e+00  1.1152491796981813e-01  4.3797153038588371e-01  7.637389e-01  4.329024e+00  9.345537e+00  3.715549e+01  1.142301e+02  4.262922e+02  3.747380e+00  2.726383e+01  2.6307038951892476e+00
       700  1.7499999999999738e+00  1.1130538633085153e-01  4.4016034719050512e-01  7.685531e-01  4.339206e+00  9.420463e+00  3.741869e+01  1.154887e+02  4.313171e+02  3.772103e+00  2.763085e+01  2.6892465453149099e+00
       710  1.7749999999999733e+00  1.1108475392753747e-01  4.4237443210748562e-01  7.730548e-01  4.348632e+00  9.490329e+00  3.766274e+01  1.166591e+02  4.359801e+02  3.795511e+00  2.797037e+01  2.7493087435919215e+00
       720  1.7999999999999727e+00  1.1086300833874796e-01  4.4461293010873815e-01  7.772421e-01  4.357292e+00  9.555062e+00  3.788722e+01  1.177392e+02  4.402695e+02  3.817545e+00  2.828099e+01  2.8109004803713171e+00
       730  1.8249999999999722e+00  1.1064013757681786e-01  4.4687496248162073e-01  7.811133e-01  4.365180e+00  9.614606e+00  3.809181e+01  1.187270e+02  4.441755e+02  3.838150e+00  2.856152e+01  2.8740298029071027e+00
       740  1.8499999999999717e+00  1.1041613009920789e-01  4.4915962756562633e-01  7.846669e-01  4.372293e+00  9.668919e+00  3.827625e+01  1.196211e+02  4.476900e+02  3.857283e+00  2.881096e+01  2.9387027135271957e+00
       750  1.8749999999999711e+00  1.1019097481977373e-01  4.5146600158694306e-01  7.879023e-01  4.378631e+00  9.717971e+00  3.844037e+01  1.204204e+02  4.508072e+02  3.874908e+00  2.902850e+01  3.0049230763368104e+00
       760  1.8999999999999706e+00  1.0996466111959063e-01  4.5379313958905754e-01  7.908189e-01  4.384197e+00  9.761748e+00  3.858407e+01  1.211243e+02  4.535232e+02  3.890997e+00  2.921356e+01  3.0726925336978210e+00
       770  1.9249999999999701e+00  1.0973717885729417e-01  4.5614007645669374e-01  7.934167e-01  4.388994e+00  9.800252e+00  3.870737e+01  1.217326e+02  4.558361e+02  3.905533e+00  2.936578e+01  3.1420104336610502e+00
       780  1.9499999999999695e+00  1.0950851837888391e-01  4.5850582802956974e-01  7.956960e-01  4.393032e+00  9.833496e+00  3.881032e+01  1.222453e+02  4.577460e+02  3.918505e+00  2.948500e+01  3.2128737694397822e+00
       790  1.9749999999999690e+00  1.0927867052694615e-01  4.6088939230167936e-01  7.976574e-01  4.396320e+00  9.861509e+00  3.889309e+01  1.226629e+02  4.592552e+02  3.929913e+00  2.957129e+01  3.2852771319042215e+00
       800  1.9999999999999685e+00  1.0904762664926133e-01  4.6328975070106837e-01  7.993022e-01  4.398872e+00  9.884334e+00  3.895591e+01  1.229865e+02  4.603676e+02  3.939763e+00  2.962491e+01  3.3592126759491814e+00
       810  2.0249999999999679e+00  1.0881537860675225e-01  4.6570586944428943e-01  8.006317e-01  4.400704e+00  9.902025e+00  3.899909e+01  1.232174e+02  4.610891e+02  3.948069e+00  2.964634e+01  3.4346701014435341e+00
       820  2.0499999999999674e+00  1.0858191878073228e-01  4.6813670095911775e-01  8.016477e-01  4.401833e+00  9.914650e+00  3.902302e+01  1.233571e+02  4.614277e+02  3.954855e+00  2.963625e+01  3.5116366493119870e+00
       830  2.0749999999999669e+00  1.0834724007943450e-01  4.7058118536846205e-01  8.023524e-01  4.402280e+00  9.922288e+00  3.902814e+01  1.234076e+02  4.613925e+02  3.960150e+00  2.959548e+01  3.5900971131310246e+00
       840  2.0999999999999663e+00  1.0811133594377709e-01  4.7303825202791305e-01  8.027483e-01  4.402068e+00  9.925029e+00  3.901498e+01  1.233713e+02  4.609947e+02  3.963990e+00  2.952506e+01  3.6700338664441365e+00
       850  2.1249999999999658e+00  1.0787420035235799e-01  4.7550682110888232e-01  8.028381e-01  4.401222e+00  9.922974e+00  3.898411e+01  1.232507e+02  4.602466e+02  3.966419e+00  2.942618e+01  3.7514269058204310e+00
       860  2.1499999999999653e+00  1.0763582782563530e-01  4.7798580521895317e-01  8.026249e-01  4.399768e+00  9.916233e+00  3.893616e+01  1.230487e+02  4.591619e+02  3.967484e+00  2.930015e+01  3.8342539094978765e+00
       870  2.1749999999999647e+00  1.0739621342930533e-01  4.8047411105076310e-01  8.021121e-01  4.397736e+00  9.904925e+00  3.887183e+01  1.227684e+02  4.577556e+02  3.967241e+00  2.914844e+01  3.9184903112730352e+00
       880  2.1999999999999642e+00  1.0715535277683756e-01  4.8297064105062826e-01  8.013033e-01  4.395155e+00  9.889176e+00  3.879185e+01  1.224129e+02  4.560435e+02  3.965748e+00  2.897261e+01  4.0041093891240092e+00
       890  2.2249999999999637e+00  1.0691324203118199e-01  4.8547429509789508e-01  8.002023e-01  4.392057e+00  9.869119e+00  3.869699e+01  1.219859e+02  4.540425e+02  3.963070e+00  2.877433e+01  4.0910823678873349e+00
       900  2.2499999999999631e+00  1.0666987790562735e-01  4.8798397218623768e-01  7.988134e-01  4.388477e+00  9.844893e+00  3.858806e+01  1.214908e+02  4.517702e+02  3.959274e+00  2.855534e+01  4.1793785351547985e+00
       910  2.2749999999999626e+00  1.0642525766382956e-01  4.9049857209794290e-01  7.971409e-01  4.384448e+00  9.816643e+00  3.846591e+01  1.209315e+02  4.492446e+02  3.954431e+00  2.831746e+01  4.2689653694146266e+00
       920  2.2999999999999621e+00  1.0617937911899858e-01  4.9301699706270785e-01  7.951892e-01  4.380006e+00  9.784517e+00  3.833140e+01  1.203116e+02  4.464842e+02  3.948616e+00  2.806253e+01  4.3598086793362647e+00
       930  2.3249999999999615e+00  1.0593224063226470e-01  4.9553815339250884e-01  7.929631e-01  4.375189e+00  9.748665e+00  3.818542e+01  1.196352e+02  4.435081e+02  3.941905e+00  2.779247e+01  4.4518727529889306e+00
       940  2.3499999999999610e+00  1.0568384111023867e-01  4.9806095308460596e-01  7.904675e-01  4.370033e+00  9.709243e+00  3.802887e+01  1.189062e+02  4.403351e+02  3.934376e+00  2.750917e+01  4.5451205156952064e+00
       950  2.3749999999999605e+00  1.0543418000177193e-01  5.0058431538509474e-01  7.877074e-01  4.364576e+00  9.666403e+00  3.786268e+01  1.181283e+02  4.369844e+02  3.926110e+00  2.721455e+01  4.6395136951487848e+00
       960  2.3999999999999599e+00  1.0518325729395395e-01  5.0310716830592217e-01  7.846881e-01  4.358857e+00  9.620302e+00  3.768777e+01  1.173057e+02  4.334750e+02  3.917188e+00  2.691053e+01  4.7350129923748643e+00
       970  2.4249999999999594e+00  1.0493107350735859e-01  5.0562845008882029e-01  7.814147e-01  4.352916e+00  9.571095e+00  3.750506e+01  1.164420e+02  4.298256e+02  3.907693e+00  2.659899e+01  4.8315782570792019e+00
       980  2.4499999999999589e+00  1.0467762969057870e-01  5.0814711061018780e-01  7.778928e-01  4.346791e+00  9.518935e+00  3.731547e+01  1.155412e+02  4.260549e+02  3.897705e+00  2.628179e+01  4.9291686659185192e+00
       990  2.4749999999999583e+00  1.0442292741407028e-01  5.1066211272154538e-01  7.741277e-01  4.340521e+00  9.463976e+00  3.711992e+01  1.146069e+02  4.221810e+02  3.887307e+00  2.596075e+01  5.0277429022293454e+00
      1000  2.4999999999999578e+00  1.0416696876334157e-01  5.1317243352091013e-01  7.701251e-01  4.334145e+00  9.406367e+00  3.691932e+01  1.136429e+02  4.182215e+02  3.876582e+00  2.563766e+01  5.1272593357741156e+00
      1010  2.5249999999999573e+00  1.0390975633152963e-01  5.1567706555093740e-01  7.658906e-01  4.327704e+00  9.346255e+00  3.671457e+01  1.126525e+02  4.141938e+02  3.865610e+00  2.531421e+01  5.2276762011006142e+00
      1020  2.5499999999999567e+00  1.0365129321139699e-01  5.1817501792051968e-01  7.614300e-01  4.321234e+00  9.283783e+00  3.650655e+01  1.116393e+02  4.101143e+02  3.854471e+00  2.499208e+01  5.3289517731617959e+00
      1030  2.5749999999999562e+00  1.0339158298678205e-01  5.2066531734710331e-01  7.567489e-01  4.314774e+00  9.219091e+00  3.629611e+01  1.106064e+02  4.059991e+02  3.843244e+00  2.467286e+01  5.4310445389068338e+00
      1040  2.5999999999999557e+00  1.0313062972355028e-01  5.2314700911763501e-01  7.518531e-01  4.308363e+00  9.152314e+00  3.608411e+01  1.095569e+02  4.018635e+02  3.832007e+00  2.435806e+01  5.5339133636291900e+00
      1050  2.6249999999999551e+00  1.0286843796009237e-01  5.2561915796671754e-01  7.467484e-01  4.302036e+00  9.083581e+00  3.587136e+01  1.084938e+02  3.977220e+02  3.820836e+00  2.404915e+01  5.6375176509411862e+00
      1060  2.6499999999999546e+00  1.0260501269739385e-01  5.2808084887122408e-01  7.414406e-01  4.295830e+00  9.013017e+00  3.565867e+01  1.074199e+02  3.935886e+02  3.809804e+00  2.374750e+01  5.7418174953341463e+00
      1070  2.6749999999999541e+00  1.0234035938873466e-01  5.3053118776114749e-01  7.359356e-01  4.289780e+00  8.940741e+00  3.544680e+01  1.063377e+02  3.894764e+02  3.798985e+00  2.345441e+01  5.8467738263824138e+00
      1080  2.6999999999999535e+00  1.0207448392905331e-01  5.3296930214703164e-01  7.302390e-01  4.283921e+00  8.866867e+00  3.523649e+01  1.052496e+02  3.853979e+02  3.788448e+00  2.317112e+01  5.9523485437477230e+00
      1090  2.7249999999999530e+00  1.0180739264401878e-01  5.3539434166494670e-01  7.243568e-01  4.278286e+00  8.791502e+00  3.502848e+01  1.041579e+02  3.813646e+02  3.778262e+00  2.289878e+01  6.0585046422454427e+00
      1100  2.7499999999999525e+00  1.0153909227884687e-01  5.3780547854036920e-01  7.182947e-01  4.272908e+00  8.714748e+00  3.482343e+01  1.030647e+02  3.773876e+02  3.768492e+00  2.263848e+01  6.1652063263376728e+00
      1110  2.7749999999999519e+00  1.0126958998690670e-01  5.4020190797282552e-01  7.120583e-01  4.267818e+00  8.636700e+00  3.462203e+01  1.019718e+02  3.734769e+02  3.759203e+00  2.239124e+01  6.2724191135226013e+00
      1120  2.7999999999999514e+00  1.0099889331815715e-01  5.4258284844359084e-01  7.056536e-01  4.263046e+00  8.557447e+00  3.442489e+01  1.008808e+02  3.696422e+02  3.750456e+00  2.215801e+01  6.3801099261940273e+00
      1130  2.8249999999999509e+00  1.0072701020744247e-01  5.4494754194902129e-01  6.990860e-01  4.258620e+00  8.477072e+00  3.423262e+01  9.979337e+01  3.658923e+02  3.742311e+00  2.193965e+01  6.4882471716435663e+00
      1140  2.8499999999999504e+00  1.0045394896269207e-01  5.4729525416251590e-01  6.923614e-01  4.254568e+00  8.395653e+00  3.404579e+01  9.871076e+01  3.622353e+02  3.734825e+00  2.173701e+01  6.5968008099782063e+00
      1150  2.8749999999999498e+00  1.0017971825305771e-01  5.4962527452833354e-01  6.854852e-01  4.250917e+00  8.313260e+00  3.386496e+01  9.763416e+01  3.586787e+02  3.728053e+00  2.155084e+01  6.7057424098193685e+00
      1160  2.8999999999999493e+00  9.9904327097020809e-02  5.5193691629067154e-01  6.784631e-01  4.247691e+00  8.229957e+00  3.369062e+01  9.656455e+01  3.552295e+02  3.722047e+00  2.138186e+01  6.8150451917400758e+00
      1170  2.9249999999999488e+00  9.9627784850492132e-02  5.5422951646172003e-01  6.713006e-01  4.244914e+00  8.145805e+00  3.352328e+01  9.550277e+01  3.518940e+02  3.716858e+00  2.123071e+01  6.9246840594816934e+00
      1180  2.9499999999999482e+00  9.9350101194955895e-02  5.5650243573239200e-01  6.640031e-01  4.242607e+00  8.060857e+00  3.336339e+01  9.444951e+01  3.486780e+02  3.712535e+00  2.109803e+01  7.0346356190737929e+00
      1190  2.9749999999999477e+00  9.9071286125660185e-02  5.5875505832969374e-01  6.565761e-01  4.240792e+00  7.975161e+00  3.321138e+01  9.340527e+01  3.455869e+02  3.709123e+00  2.098436e+01  7.1448781860551236e+00
      1200  2.9999999999999472e+00  9.8791349939895579e-02  5.6098679182461098e-01  6.490249e-01  4.239487e+00  7.888760e+00  3.306766e+01  9.237046e+01  3.426255e+02  3.706667e+00  2.089025e+01  7.2553917810647546e+00
      1210  3.0249999999999466e+00  9.8510303225385010e-02  5.6319706689448301e-01  6.413549e-01  4.238710e+00  7.801693e+00  3.293261e+01  9.134532e+01  3.397982e+02  3.705208e+00  2.081620e+01  7.3661581141371268e+00
      1220  3.0499999999999461e+00  9.8228156848794643e-02  5.6538533704387361e-01  6.335713e-01  4.238478e+00  7.713992e+00  3.280658e+01  9.032997e+01  3.371090e+02  3.704787e+00  2.076265e+01  7.4771605580959619e+00
      1230  3.0749999999999456e+00  9.7944921944401561e-02  5.6755107828771756e-01  6.256794e-01  4.238805e+00  7.625686e+00  3.268991e+01  8.932440e+01  3.345614e+02  3.705440e+00  2.073006e+01  7.5883841114958033e+00
      1240  3.0999999999999450e+00  9.7660609902922940e-02  5.6969378880064792e-01  6.176842e-01  4.239704e+00  7.536800e+00  3.258289e+01  8.832850e+01  3.321588e+02  3.707204e+00  2.071882e+01  7.6998153516107370e+00
      1250  3.1249999999999445e+00  9.7375232360535871e-02  5.7181298853616780e-01  6.095910e-01  4.241188e+00  7.447356e+00  3.248580e+01  8.734205e+01  3.299042e+02  3.710112e+00  2.072933e+01  7.8114423780153581e+00
      1260  3.1499999999999440e+00  9.7088801188082510e-02  5.7390821881922260e-01  6.014048e-01  4.243267e+00  7.357370e+00  3.239891e+01  8.636472e+01  3.278001e+02  3.714195e+00  2.076195e+01  7.9232547473436714e+00
      1270  3.1749999999999434e+00  9.6801328480494997e-02  5.7597904191557725e-01  5.931306e-01  4.245949e+00  7.266857e+00  3.232246e+01  8.539611e+01  3.258490e+02  3.719484e+00  2.081704e+01  8.0352433998477366e+00
      1280  3.1999999999999429e+00  9.6512826546439320e-02  5.7802504058120485e-01  5.847734e-01  4.249243e+00  7.175828e+00  3.225666e+01  8.443572e+01  3.240530e+02  3.726006e+00  2.089493e+01  8.1474005784102754e+00
      1290  3.2249999999999424e+00  9.6223307898181704e-02  5.8004581759474239e-01  5.763382e-01  4.253154e+00  7.084291e+00  3.220170e+01  8.348297e+01  3.224142e+02  3.733785e+00  2.099593e+01  8.2597197406939600e+00
      1300  3.2499999999999418e+00  9.5932785241701068e-02  5.8204099527572117e-01  5.678297e-01  4.257687e+00  6.992252e+00  3.215776e+01  8.253723e+01  3.209343e+02  3.742846e+00  2.112037e+01  8.3721954651331991e+00
      1310  3.2749999999999413e+00  9.5641271467043376e-02  5.8401021499125005e-01  5.592529e-01  4.262845e+00  6.899717e+00  3.212499e+01  8.159781e+01  3.196149e+02  3.753209e+00  2.126854e+01  8.4848233514954750e+00
      1320  3.2999999999999408e+00  9.5348779638917247e-02  5.8595313665338777e-01  5.506126e-01  4.268631e+00  6.806686e+00  3.210354e+01  8.066394e+01  3.184574e+02  3.764894e+00  2.144072e+01  8.5975999167549926e+00
      1330  3.3249999999999402e+00  9.5055322987556506e-02  5.8786943820930859e-01  5.419135e-01  4.275045e+00  6.713161e+00  3.209351e+01  7.973484e+01  3.174630e+02  3.777917e+00  2.163720e+01  8.7105224870343783e+00
      1340  3.3499999999999397e+00  9.4760914899823134e-02  5.8975881512613981e-01  5.331604e-01  4.282085e+00  6.619142e+00  3.209501e+01  7.880965e+01  3.166331e+02  3.792293e+00  2.185823e+01  8.8235890863796236e+00
      1350  3.3749999999999392e+00  9.4465568910586564e-02  5.9162097987199802e-01  5.243580e-01  4.289752e+00  6.524628e+00  3.210812e+01  7.788753e+01  3.159686e+02  3.808034e+00  2.210408e+01  8.9367983231364132e+00
      1360  3.3999999999999386e+00  9.4169298694345496e-02  5.9345566139452888e-01  5.155110e-01  4.298040e+00  6.429617e+00  3.213290e+01  7.696756e+01  3.154704e+02  3.825151e+00  2.237499e+01  9.0501492747005727e+00
      1370  3.4249999999999381e+00  9.3872118057120021e-02  5.9526260459812130e-01  5.066240e-01  4.306945e+00  6.334108e+00  3.216939e+01  7.604884e+01  3.151393e+02  3.843651e+00  2.267119e+01  9.1636413714083851e+00
      1380  3.4499999999999376e+00  9.3574040928610255e-02  5.9704156982052470e-01  4.977018e-01  4.316462e+00  6.238099e+00  3.221763e+01  7.513045e+01  3.149762e+02  3.863540e+00  2.299290e+01  9.2772742803282924e+00
      1390  3.4749999999999370e+00  9.3275081354603870e-02  5.9879233230958318e-01  4.887488e-01  4.326584e+00  6.141588e+00  3.227763e+01  7.421144e+01  3.149815e+02  3.884820e+00  2.334032e+01  9.3910477897017302e+00
      1400  3.4999999999999365e+00  9.2975253489652465e-02  6.0051468170037436e-01  4.797698e-01  4.337302e+00  6.044573e+00  3.234938e+01  7.329090e+01  3.151559e+02  3.907492e+00  2.371364e+01  9.5049616947657452e+00
      1410  3.5249999999999360e+00  9.2674571590013091e-02  6.0220842149302656e-01  4.707693e-01  4.348607e+00  5.947056e+00  3.243287e+01  7.236788e+01  3.154998e+02  3.931553e+00  2.411302e+01  9.6190156856672715e+00
      1420  3.5499999999999354e+00  9.2373050006841012e-02  6.0387336853110463e-01  4.617519e-01  4.360489e+00  5.849036e+00  3.252805e+01  7.144149e+01  3.160134e+02  3.957001e+00  2.453861e+01  9.7332092381532096e+00
      1430  3.5749999999999349e+00  9.2070703179648758e-02  6.0550935248048798e-01  4.527222e-01  4.372936e+00  5.750516e+00  3.263486e+01  7.051081e+01  3.166971e+02  3.983826e+00  2.499053e+01  9.8475415076875947e+00
      1440  3.5999999999999344e+00  9.1767545630030062e-02  6.0711621530833093e-01  4.436847e-01  4.385936e+00  5.651500e+00  3.275324e+01  6.957498e+01  3.175509e+02  4.012020e+00  2.546889e+01  9.9620112276110113e+00
      1450  3.6249999999999338e+00  9.1463591955630988e-02  6.0869381076167528e-01  4.346441e-01  4.399475e+00  5.551991e+00  3.288310e+01  6.863314e+01  3.185749e+02  4.041571e+00  2.597376e+01  1.0076616611910932e+01
      1460  3.6499999999999333e+00  9.1158856824397366e-02  6.1024200384514038e-01  4.256048e-01  4.413538e+00  5.451997e+00  3.302433e+01  6.768448e+01  3.197688e+02  4.072465e+00  2.650518e+01  1.0191355263126685e+01
      1470  3.6749999999999328e+00  9.0853354969076539e-02  6.1176067029705072e-01  4.165716e-01  4.428110e+00  5.351528e+00  3.317681e+01  6.672822e+01  3.211325e+02  4.104684e+00  2.706319e+01  1.0306224085854787e+01
      1480  3.6999999999999322e+00  9.0547101181973982e-02  6.1324969606326762e-01  4.075488e-01  4.443174e+00  5.250595e+00  3.334040e+01  6.576362e+01  3.226655e+02  4.138209e+00  2.764777e+01  1.0421219206261618e+01
      1490  3.7249999999999317e+00  9.0240110309990379e-02  6.1470897676811087e-01  3.985411e-01  4.458713e+00  5.149211e+00  3.351493e+01  6.478999e+01  3.243672e+02  4.173020e+00  2.825889e+01  1.0536335897944133e+01
      1500  3.7499999999999312e+00  8.9932397249909646e-02  6.1613841718146967e-01  3.895531e-01  4.474709e+00  5.047392e+00  3.370024e+01  6.380668e+01  3.262369e+02  4.209093e+00  2.889649e+01  1.0651568514412647e+01
      1510  3.7749999999999306e+00  8.9623976943964276e-02  6.1753793068164364e-01  3.805894e-01  4.491142e+00  4.945159e+00  3.389612e+01  6.281312e+01  3.282737e+02  4.246403e+00  2.956047e+01  1.0766910428389131e+01
      1520  3.7999999999999301e+00  8.9314864375661440e-02  6.1890743871311715e-01  3.716545e-01  4.507992e+00  4.842532e+00  3.410238e+01  6.180879e+01  3.304764e+02  4.284922e+00  3.025072e+01  1.0882353978046314e+01
      1530  3.8249999999999296e+00  8.9005074565887909e-02  6.2024687023888814e-01  3.627530e-01  4.525239e+00  4.739537e+00  3.431877e+01  6.079321e+01  3.328437e+02  4.324623e+00  3.096711e+01  1.0997890420224696e+01
      1540  3.8499999999999290e+00  8.8694622569291920e-02  6.2155616118687429e-01  3.538896e-01  4.542861e+00  4.636202e+00  3.454505e+01  5.976599e+01  3.353741e+02  4.365475e+00  3.170948e+01  1.1113509890592493e+01
      1550  3.8749999999999285e+00  8.8383523470934380e-02  6.2283525389025085e-01  3.450687e-01  4.560836e+00  4.532558e+00  3.478095e+01  5.872682e+01  3.380656e+02  4.407448e+00  3.247767e+01  1.1229201370627630e+01
      1560  3.8999999999999280e+00  8.8071792383232123e-02  6.2408409652162289e-01  3.362950e-01  4.579140e+00  4.428640e+00  3.502619e+01  5.767544e+01  3.409162e+02  4.450510e+00  3.327151e+01  1.1344952661226287e+01
      1570  3.9249999999999274e+00  8.7759444443177154e-02  6.2530264252123891e-01  3.275730e-01  4.597751e+00  4.324485e+00  3.528046e+01  5.661168e+01  3.439235e+02  4.494629e+00  3.409081e+01  1.1460750362667676e+01
      1580  3.9499999999999269e+00  8.7446494809849340e-02  6.2649085001961047e-01  3.189074e-01  4.616645e+00  4.220135e+00  3.554344e+01  5.553546e+01  3.470850e+02  4.539773e+00  3.493542e+01  1.1576579860592737e+01
      1590  3.9749999999999264e+00  8.7132958662212379e-02  6.2764868125525974e-01  3.103026e-01  4.635797e+00  4.115635e+00  3.581478e+01  5.444677e+01  3.503976e+02  4.585910e+00  3.580517e+01  1.1692425317594369e+01
      1600  3.9999999999999258e+00  8.6818851197211583e-02  6.2877610198846323e-01  3.017632e-01  4.655181e+00  4.011033e+00  3.609413e+01  5.334570e+01  3.538581e+02  4.633009e+00  3.669996e+01  1.1808269669959213e+01
      1610  4.0249999999999293e+00  8.6504187628153997e-02  6.2987308091222416e-01  2.932938e-01  4.674774e+00  3.906379e+00  3.638111e+01  5.223242e+01  3.574628e+02  4.681039e+00  3.761969e+01  1.1924094629055611e+01
      1620  4.0499999999999332e+00  8.6188983183392923e-02  6.3093958906198222e-01  2.848987e-01  4.694548e+00  3.801730e+00  3.667533e+01  5.110718e+01  3.612079e+02  4.729971e+00  3.856434e+01  1.2039880686828335e+01
      1630  4.0749999999999371e+00  8.5873253105303388e-02  6.3197559922581381e-01  2.765826e-01  4.714478e+00  3.697144e+00  3.697636e+01  4.997035e+01  3.650891e+02  4.779780e+00  3.953393e+01  1.2155607124835697e+01
      1640  4.0999999999999410e+00  8.5557012649550346e-02  6.3298108535723718e-01  2.683496e-01  4.734537e+00  3.592681e+00  3.728379e+01  4.882237e+01  3.691017e+02  4.830439e+00  4.052859e+01  1.2271252026255215e+01
      1650  4.1249999999999449e+00  8.5240277084655147e-02  6.3395602199291645e-01  2.602043e-01  4.754700e+00  3.488406e+00  3.759717e+01  4.766379e+01  3.732408e+02  4.881927e+00  4.154852e+01  1.2386792290284912e+01
      1660  4.1499999999999488e+00  8.4923061691844465e-02  6.3490038367790436e-01  2.521509e-01  4.774939e+00  3.384388e+00  3.791603e+01  4.649524e+01  3.775009e+02  4.934224e+00  4.259406e+01  1.2502203648384128e+01
      1670  4.1749999999999527e+00  8.4605381765186990e-02  6.3581414440124706e-01  2.441937e-01  4.795228e+00  3.280697e+00  3.823990e+01  4.531747e+01  3.818763e+02  4.987316e+00  4.366566e+01  1.2617460681824635e+01
      1680  4.1999999999999567e+00  8.4287252612013336e-02  6.3669727704500079e-01  2.363369e-01  4.815541e+00  3.177405e+00  3.856830e+01  4.413128e+01  3.863609e+02  5.041191e+00  4.476393e+01  1.2732536840065215e+01
      1690  4.2249999999999606e+00  8.3968689553600581e-02  6.3754975284987991e-01  2.285845e-01  4.835850e+00  3.074589e+00  3.890072e+01  4.293761e+01  3.909484e+02  5.095841e+00  4.588965e+01  1.2847404459513561e+01
      1700  4.2499999999999645e+00  8.3649707926122266e-02  6.3837154090091464e-01  2.209405e-01  4.856131e+00  2.972327e+00  3.923665e+01  4.173746e+01  3.956318e+02  5.151263e+00  4.704378e+01  1.2962034782304428e+01
      1710  4.2749999999999684e+00  8.3330323081851732e-02  6.3916260763654953e-01  2.134090e-01  4.876356e+00  2.870699e+00  3.957558e+01  4.053193e+01  4.004041e+02  5.207460e+00  4.822751e+01  1.3076397974792000e+01
      1720  4.2999999999999723e+00  8.3010550390598709e-02  6.3992291638471510e-01  2.059936e-01  4.896501e+00  2.769787e+00  3.991698e+01  3.932219e+01  4.052578e+02  5.264440e+00  4.944223e+01  1.3190463145534677e+01
      1730  4.3249999999999762e+00  8.2690405241378301e-02  6.4065242692932967e-01  1.986981e-01  4.916540e+00  2.669674e+00  4.026030e+01  3.810951e+01  4.101852e+02  5.322214e+00  5.068958e+01  1.3304198362632679e+01
      1740  4.3499999999999801e+00  8.2369903044280546e-02  6.4135109511077748e-01  1.915261e-01  4.936448e+00  2.570445e+00  4.060502e+01  3.689522e+01  4.151782e+02  5.380801e+00  5.197147e+01  1.3417570670366665e+01
      1750  4.3749999999999840e+00  8.2049059232536012e-02  6.4201887246359979e-01  1.844810e-01  4.956201e+00  2.472186e+00  4.095060e+01  3.568074e+01  4.202285e+02  5.440225e+00  5.329008e+01  1.3530546105169275e+01
      1760  4.3999999999999879e+00  8.1727889264751122e-02  6.4265570589467402e-01  1.775663e-01  4.975775e+00  2.374984e+00  4.129648e+01  3.446753e+01  4.253276e+02  5.500515e+00  5.464787e+01  1.3643089711049679e+01
      1770  4.4249999999999918e+00  8.1406408627291177e-02  6.4326153740487113e-01  1.707849e-01  4.995148e+00  2.278925e+00  4.164214e+01  3.325712e+01  4.304668e+02  5.561707e+00  5.604763e+01  1.3755165554668608e+01
      1780  4.4499999999999957e+00  8.1084632836795734e-02  6.4383630385688184e-01  1.641401e-01  5.014297e+00  2.184095e+00  4.198702e+01  3.205111e+01  4.356372e+02  5.623843e+00  5.749245e+01  1.3866736740338176e+01
      1790  4.4749999999999996e+00  8.0762577442792249e-02  6.4437993679171590e-01  1.576346e-01  5.033202e+00  2.090582e+00  4.233061e+01  3.085112e+01  4.408298e+02  5.686967e+00  5.898572e+01  1.3977765425286091e+01
      1800  4.5000000000000036e+00  8.0440258030395395e-02  6.4489236229592417e-01  1.512713e-01  5.051841e+00  1.998471e+00  4.267238e+01  2.965883e+01  4.460355e+02  5.751132e+00  6.053120e+01  1.4088212835580709e+01
      1810  4.5250000000000075e+00  8.0117690223055205e-02  6.4537350092130352e-01  1.450526e-01  5.070195e+00  1.907847e+00  4.301181e+01  2.847592e+01  4.512451e+02  5.816394e+00  6.213293e+01  1.4198039283158774e+01
      1820  4.5500000000000114e+00  7.9794889685331119e-02  6.4582326765841780e-01  1.389810e-01  5.088247e+00  1.818793e+00  4.334839e+01  2.730411e+01  4.564495e+02  5.882814e+00  6.379532e+01  1.4307204184430162e+01
      1830  4.5750000000000153e+00  7.9471872125671417e-02  6.4624157196478393e-01  1.330588e-01  5.105978e+00  1.731390e+00  4.368165e+01  2.614516e+01  4.616396e+02  5.950457e+00  6.552307e+01  1.4415666080955354e+01
      1840  4.6000000000000192e+00  7.9148653299157531e-02  6.4662831784822283e-01  1.272879e-01  5.123371e+00  1.645720e+00  4.401110e+01  2.500078e+01  4.668065e+02  6.019392e+00  6.732120e+01  1.4523382662696859e+01
      1850  4.6250000000000231e+00  7.8825249010199286e-02  6.4698340400535226e-01  1.216702e-01  5.140414e+00  1.561858e+00  4.433628e+01  2.387272e+01  4.719411e+02  6.089689e+00  6.919502e+01  1.4630310794339334e+01
      1860  4.6500000000000270e+00  7.8501675115142722e-02  6.4730672401471057e-01  1.162076e-01  5.157090e+00  1.479880e+00  4.465677e+01  2.276270e+01  4.770348e+02  6.161422e+00  7.115013e+01  1.4736406545152549e+01
      1870  4.6750000000000309e+00  7.8177947524770364e-02  6.4759816658363212e-01  1.109014e-01  5.173387e+00  1.399859e+00  4.497213e+01  2.167243e+01  4.820791e+02  6.234666e+00  7.319239e+01  1.4841625222841216e+01
      1880  4.7000000000000348e+00  7.7854082206661387e-02  6.4785761584752721e-01  1.057531e-01  5.189295e+00  1.321863e+00  4.528199e+01  2.060358e+01  4.870658e+02  6.309497e+00  7.532786e+01  1.4945921411778084e+01
      1890  4.7250000000000387e+00  7.7530095187397868e-02  6.4808495171963754e-01  1.007639e-01  5.204802e+00  1.245957e+00  4.558597e+01  1.955779e+01  4.919870e+02  6.385991e+00  7.756283e+01  1.5049249015965813e+01
      1900  4.7500000000000426e+00  7.7206002554572079e-02  6.4828005028918778e-01  9.593471e-02  5.219900e+00  1.172205e+00  4.588372e+01  1.853666e+01  4.968351e+02  6.464222e+00  7.990373e+01  1.5151561307007885e+01
      1910  4.7750000000000465e+00  7.6881820458594069e-02  6.4844278426528745e-01  9.126644e-02  5.234582e+00  1.100664e+00  4.617494e+01  1.754172e+01  5.016030e+02  6.544263e+00  8.235711e+01  1.5252810977298346e+01
      1920  4.8000000000000504e+00  7.6557565114257431e-02  6.4857302346359347e-01  8.675974e-02  5.248840e+00  1.031388e+00  4.645932e+01  1.657448e+01  5.062840e+02  6.626183e+00  8.492962e+01  1.5352950198564436e+01
      1930  4.8250000000000544e+00  7.6233252802059906e-02  6.4867063533255653e-01  8.241515e-02  5.262669e+00  9.644302e-01  4.673662e+01  1.563636e+01  5.108717e+02  6.710050e+00  8.762791e+01  1.5451930685817066e+01
      1940  4.8500000000000583e+00  7.5908899869246538e-02  6.4873548551569171e-01  7.823301e-02  5.276067e+00  8.998351e-01  4.700659e+01  1.472871e+01  5.153603e+02  6.795925e+00  9.045862e+01  1.5549703766677792e+01
      1950  4.8750000000000622e+00  7.5584522730562972e-02  6.4876743844606244e-01  7.421352e-02  5.289030e+00  8.376456e-01  4.726904e+01  1.385281e+01  5.197447e+02  6.883865e+00  9.342831e+01  1.5646220455973650e+01
      1960  4.9000000000000661e+00  7.5260137868708693e-02  6.4876635796920412e-01  7.035674e-02  5.301556e+00  7.778999e-01  4.752380e+01  1.300987e+01  5.240200e+02  6.973919e+00  9.654340e+01  1.5741431535407241e+01
      1970  4.9250000000000700e+00  7.4935761834468290e-02  6.4873210799017522e-01  6.666258e-02  5.313646e+00  7.206320e-01  4.777072e+01  1.220101e+01  5.281821e+02  7.066131e+00  9.981013e+01  1.5835287638029563e+01
      1980  4.9500000000000739e+00  7.4611411246517281e-02  6.4866455314079063e-01  6.313082e-02  5.325301e+00  6.658714e-01  4.800970e+01  1.142728e+01  5.322274e+02  7.160536e+00  1.032345e+02  1.5927739337174087e+01
      1990  4.9750000000000778e+00  7.4287102790886628e-02  6.4856355946265754e-01  5.976109e-02  5.336522e+00  6.136437e-01  4.824066e+01  1.068961e+01  5.361528e+02  7.257160e+00  1.068221e+02  1.6018737239437524e+01
      2000  5.0000000000000817e+00  7.3962853220085362e-02  6.4842899510190333e-01  5.655290e-02  5.347314e+00  5.639703e-01  4.846354e+01  9.988885e+00  5.399558e+02  7.356021e+00  1.105783e+02  1.6108232081234473e+01
      2010  5.0250000000000856e+00  7.3638679351875375e-02  6.4826073101124781e-01  5.350566e-02  5.357679e+00  5.168682e-01  4.867833e+01  9.325869e+00  5.436347e+02  7.457126e+00  1.145080e+02  1.6196174828399073e+01
      2020  5.0500000000000895e+00  7.3314598067688072e-02  6.4805864165551341e-01  5.061865e-02  5.367623e+00  4.723509e-01  4.888503e+01  8.701251e+00  5.471880e+02  7.560473e+00  1.186154e+02  1.6282516778261094e+01
      2030  5.0750000000000934e+00  7.2990626310694112e-02  6.4782260571639061e-01  4.789105e-02  5.377153e+00  4.304275e-01  4.908367e+01  8.115627e+00  5.506152e+02  7.666048e+00  1.229045e+02  1.6367209663588849e+01
      2040  5.1000000000000973e+00  7.2666781083520787e-02  6.4755250679263465e-01  4.532192e-02  5.386274e+00  3.911036e-01  4.927433e+01  7.569504e+00  5.539160e+02  7.773827e+00  1.273784e+02  1.6450205757762689e+01
      2050  5.1250000000001013e+00  7.2343079445617339e-02  6.4724823409208632e-01  4.291024e-02  5.394996e+00  3.543811e-01  4.945707e+01  7.063306e+00  5.570908e+02  7.883775e+00  1.320397e+02  1.6531457980527790e+01
      2060  5.1500000000001052e+00  7.2019538510283504e-02  6.4690968311186214e-01  4.065491e-02  5.403326e+00  3.202584e-01  4.963203e+01  6.597368e+00  5.601406e+02  7.995845e+00  1.368902e+02  1.6610920003664681e+01
      2070  5.1750000000001091e+00  7.1696175441355217e-02  6.4653675630360707e-01  3.855472e-02  5.411273e+00  2.887305e-01  4.979932e+01  6.171947e+00  5.630668e+02  8.109981e+00  1.419312e+02  1.6688546355917140e+01
      2080  5.2000000000001130e+00  7.1373007449565679e-02  6.4612936372061058e-01  3.660839e-02  5.418848e+00  2.597893e-01  4.995910e+01  5.787218e+00  5.658713e+02  8.226112e+00  1.471629e+02  1.6764292526526958e+01
      2090  5.2250000000001169e+00  7.1050051788587393e-02  6.4568742364410281e-01  3.481458e-02  5.426061e+00  2.334236e-01  5.011156e+01  5.443280e+00  5.685564e+02  8.344160e+00  1.525849e+02  1.6838115066741434e+01
      2100  5.2500000000001208e+00  7.0727325750767539e-02  6.4521086318613563e-01  3.317185e-02  5.432923e+00  2.096195e-01  5.025687e+01  5.140158e+00  5.711251e+02  8.464035e+00  1.581960e+02  1.6909971688686188e+01
      2110  5.2750000000001247e+00  7.0404846662564788e-02  6.4469961886677518e-01  3.167872e-02  5.439444e+00  1.883601e-01  5.039525e+01  4.877811e+00  5.735805e+02  8.585636e+00  1.639940e+02  1.6979821361023191e+01
      2120  5.3000000000001286e+00  7.0082631879709797e-02  6.4415363716363849e-01  3.033362e-02  5.445638e+00  1.696264e-01  5.052693e+01  4.656128e+00  5.759262e+02  8.708854e+00  1.699761e+02  1.7047624400855984e+01
      2130  5.3250000000001325e+00  6.9760698782092956e-02  6.4357287503200677e-01  2.913494e-02  5.451515e+00  1.533967e-01  5.065214e+01  4.474941e+00  5.781661e+02  8.833570e+00  1.761384e+02  1.7113342561383661e+01
      2140  5.3500000000001364e+00  6.9439064768403752e-02  6.4295730039403143e-01  2.808100e-02  5.457088e+00  1.396474e-01  5.077114e+01  4.334021e+00  5.803045e+02  8.959657e+00  1.824763e+02  1.7176939114851429e+01
      2150  5.3750000000001403e+00  6.9117747250530506e-02  6.4230689259583329e-01  2.717007e-02  5.462370e+00  1.283527e-01  5.088418e+01  4.233087e+00  5.823458e+02  9.086979e+00  1.889844e+02  1.7238378930395822e+01
      2160  5.4000000000001442e+00  6.8796763647742801e-02  6.4162164283148482e-01  2.640037e-02  5.467373e+00  1.194850e-01  5.099153e+01  4.171808e+00  5.842948e+02  9.215397e+00  1.956563e+02  1.7297628546434922e+01
      2170  5.4250000000001481e+00  6.8476131380666772e-02  6.4090155453322417e-01  2.577006e-02  5.472110e+00  1.130151e-01  5.109348e+01  4.149810e+00  5.861564e+02  9.344760e+00  2.024850e+02  1.7354656237308426e+01
      2180  5.4500000000001521e+00  6.8155867865077088e-02  6.4014664372725982e-01  2.527725e-02  5.476594e+00  1.089121e-01  5.119030e+01  4.166674e+00  5.879358e+02  9.474917e+00  2.094627e+02  1.7409432073922581e+01
      2190  5.4750000000001560e+00  6.7835990505518431e-02  6.3935693935498628e-01  2.492001e-02  5.480838e+00  1.071437e-01  5.128227e+01  4.221947e+00  5.896381e+02  9.605710e+00  2.165810e+02  1.7461927978216522e+01
      2200  5.5000000000001599e+00  6.7516516688773745e-02  6.3853248355942505e-01  2.469636e-02  5.484854e+00  1.076764e-01  5.136970e+01  4.315140e+00  5.912689e+02  9.736977e+00  2.238305e+02  1.7512117771311932e+01
      2210  5.5250000000001638e+00  6.7197463777200886e-02  6.3767333193698894e-01  2.460427e-02  5.488656e+00  1.104754e-01  5.145287e+01  4.445735e+00  5.928334e+02  9.868556e+00  2.312015e+02  1.7559977215267573e+01
      2220  5.5500000000001677e+00  6.6878849101948690e-02  6.3677955375485684e-01  2.464168e-02  5.492256e+00  1.155048e-01  5.153207e+01  4.613187e+00  5.943374e+02  1.000028e+01  2.386835e+02  1.7605484048404250e+01
      2230  5.5750000000001716e+00  6.6560689956076474e-02  6.3585123213423267e-01  2.480645e-02  5.495666e+00  1.227278e-01  5.160759e+01  4.816928e+00  5.957861e+02  1.013198e+01  2.462658e+02  1.7648618014219416e+01
      2240  5.6000000000001755e+00  6.6243003587584795e-02  6.3488846420012934e-01  2.509644e-02  5.498899e+00  1.321069e-01  5.167973e+01  5.056369e+00  5.971853e+02  1.026350e+01  2.539370e+02  1.7689360883950791e+01
      2250  5.6250000000001794e+00  6.5925807192387997e-02  6.3389136119826239e-01  2.550944e-02  5.501968e+00  1.436035e-01  5.174877e+01  5.330906e+00  5.985404e+02  1.039466e+01  2.616852e+02  1.7727696472891978e+01
      2260  5.6500000000001833e+00  6.5609117907227996e-02  6.3286004857973033e-01  2.604321e-02  5.504884e+00  1.571785e-01  5.181499e+01  5.639916e+00  5.998569e+02  1.052531e+01  2.694985e+02  1.7763610650601947e+01
      2270  5.6750000000001872e+00  6.5292952802556148e-02  6.3179466605444978e-01  2.669546e-02  5.507658e+00  1.727922e-01  5.187867e+01  5.982767e+00  6.011402e+02  1.065528e+01  2.773644e+02  1.7797091345184640e+01
      2280  5.7000000000001911e+00  6.4977328875401308e-02  6.3069536761407907e-01  2.746386e-02  5.510303e+00  1.904043e-01  5.194009e+01  6.358816e+00  6.023956e+02  1.078441e+01  2.852705e+02  1.7828128541843149e+01
      2290  5.7250000000001950e+00  6.4662263042225998e-02  6.2956232152551328e-01  2.834604e-02  5.512829e+00  2.099739e-01  5.199951e+01  6.767412e+00  6.036283e+02  1.091256e+01  2.932041e+02  1.7856714275942466e+01
      2300  5.7500000000001990e+00  6.4347772131797099e-02  6.2839571029585994e-01  2.933961e-02  5.515247e+00  2.314598e-01  5.205720e+01  7.207897e+00  6.048435e+02  1.103955e+01  3.011524e+02  1.7882842620836936e+01
      2310  5.7750000000002029e+00  6.4033872878080281e-02  6.2719573061000600e-01  3.044211e-02  5.517568e+00  2.548205e-01  5.211340e+01  7.679611e+00  6.060462e+02  1.116526e+01  3.091027e+02  1.7906509670734998e+01
      2320  5.8000000000002068e+00  6.3720581913174090e-02  6.2596259324181203e-01  3.165108e-02  5.519802e+00  2.800140e-01  5.216836e+01  8.181888e+00  6.072411e+02  1.128955e+01  3.170421e+02  1.7927713518891949e+01
      2330  5.8250000000002107e+00  6.3407915760289757e-02  6.2469652293997013e-01  3.296399e-02  5.521959e+00  3.069980e-01  5.222232e+01  8.714063e+00  6.084330e+02  1.141227e+01  3.249583e+02  1.7946454231430181e+01
      2340  5.8500000000002146e+00  6.3095890826800421e-02  6.2339775828974442e-01  3.437830e-02  5.524048e+00  3.357301e-01  5.227552e+01  9.275468e+00  6.096264e+02  1.153329e+01  3.328385e+02  1.7962733817095920e+01
      2350  5.8750000000002185e+00  6.2784523397360986e-02  6.2206655155149115e-01  3.589144e-02  5.526078e+00  3.661678e-01  5.232817e+01  9.865437e+00  6.108258e+02  1.165250e+01  3.406708e+02  1.7976556193262429e+01
      2360  5.9000000000002224e+00  6.2473829627115916e-02  6.2070316847728169e-01  3.750080e-02  5.528059e+00  3.982681e-01  5.238048e+01  1.048331e+01  6.120352e+02  1.176979e+01  3.484430e+02  1.7987927148497352e+01
      2370  5.9250000000002263e+00  6.2163825535002867e-02  6.1930788810653492e-01  3.920375e-02  5.529998e+00  4.319881e-01  5.243267e+01  1.112841e+01  6.132589e+02  1.188503e+01  3.561435e+02  1.7996854302001470e+01
      2380  5.9500000000002302e+00  6.1854526997164427e-02  6.1788100254178502e-01  4.099763e-02  5.531905e+00  4.672848e-01  5.248492e+01  1.180009e+01  6.145006e+02  1.199814e+01  3.637611e+02  1.8003347060231167e+01
      2390  5.9750000000002341e+00  6.1545949740478563e-02  6.1642281670568289e-01  4.287976e-02  5.533785e+00  5.041151e-01  5.253742e+01  1.249769e+01  6.157639e+02  1.210901e+01  3.712848e+02  1.8007416571001940e+01
      2400  6.0000000000002380e+00  6.1238109336211349e-02  6.1493364808021211e-01  4.484745e-02  5.535647e+00  5.424359e-01  5.259035e+01  1.322056e+01  6.170525e+02  1.221757e+01  3.787041e+02  1.8009075675369683e+01
      2410  6.0250000000002419e+00  6.0931021193805390e-02  6.1341382642917819e-01  4.689798e-02  5.537498e+00  5.822040e-01  5.264387e+01  1.396805e+01  6.183697e+02  1.232372e+01  3.860091e+02  1.8008338857570081e+01
      2420  6.0500000000002458e+00  6.0624700554812491e-02  6.1186369350495540e-01  4.902863e-02  5.539345e+00  6.233764e-01  5.269815e+01  1.473951e+01  6.197185e+02  1.242740e+01  3.931901e+02  1.8005222193287850e+01
      2430  6.0750000000002498e+00  6.0319162486975830e-02  6.1028360274048388e-01  5.123666e-02  5.541192e+00  6.659101e-01  5.275333e+01  1.553431e+01  6.211020e+02  1.252854e+01  4.002382e+02  1.7999743296514666e+01
      2440  6.1000000000002537e+00  6.0014421878470128e-02  6.0867391892745348e-01  5.351933e-02  5.543048e+00  7.097621e-01  5.280956e+01  1.635180e+01  6.225229e+02  1.262709e+01  4.071449e+02  1.7991921265240737e+01
      2450  6.1250000000002576e+00  5.9710493432304543e-02  6.0703501788166281e-01  5.587389e-02  5.544916e+00  7.548896e-01  5.286696e+01  1.719135e+01  6.239838e+02  1.272299e+01  4.139022e+02  1.7981776626209832e+01
      2460  6.1500000000002615e+00  5.9407391660896258e-02  6.0536728609642410e-01  5.829761e-02  5.546802e+00  8.012498e-01  5.292566e+01  1.805235e+01  6.254872e+02  1.281620e+01  4.205028e+02  1.7969331278954076e+01
      2470  6.1750000000002654e+00  5.9105130880822032e-02  6.0367112038493009e-01  6.078773e-02  5.548711e+00  8.488005e-01  5.298578e+01  1.893417e+01  6.270354e+02  1.290669e+01  4.269398e+02  1.7954608439307286e+01
      2480  6.2000000000002693e+00  5.8803725207748347e-02  6.0194692751252088e-01  6.334152e-02  5.550647e+00  8.974991e-01  5.304742e+01  1.983619e+01  6.286304e+02  1.299442e+01  4.332071e+02  1.7937632582586488e+01
      2490  6.2250000000002732e+00  5.8503188551552128e-02  6.0019512381963480e-01  6.595626e-02  5.552616e+00  9.473037e-01  5.311067e+01  2.075779e+01  6.302742e+02  1.307937e+01  4.392989e+02  1.7918429386606881e+01
      2500  6.2500000000002771e+00  5.8203534611624065e-02  5.9841613483634004e-01  6.862924e-02  5.554619e+00  9.981723e-01  5.317564e+01  2.169839e+01  6.319685e+02  1.316151e+01  4.452102e+02  1.7897025674690546e+01
      2510  6.2750000000002810e+00  5.7904776872377342e-02  5.9661039488932177e-01  7.135778e-02  5.556661e+00  1.050064e+00  5.324239e+01  2.265736e+01  6.337150e+02  1.324085e+01  4.509365e+02  1.7873449358809317e+01
      2520  6.3000000000002849e+00  5.7606928598945201e-02  5.9477834670207952e-01  7.413919e-02  5.558746e+00  1.102936e+00  5.331102e+01  2.363411e+01  6.355152e+02  1.331736e+01  4.564739e+02  1.7847729382988376e+01
      2530  6.3250000000002888e+00  5.7310002833084947e-02  5.9292044098920982e-01  7.697083e-02  5.560876e+00  1.156749e+00  5.338157e+01  2.462805e+01  6.373703e+02  1.339106e+01  4.618189e+02  1.7819895667088701e+01
      2540  6.3500000000002927e+00  5.7014012389285218e-02  5.9103713604555308e-01  7.985009e-02  5.563053e+00  1.211462e+00  5.345412e+01  2.563859e+01  6.392815e+02  1.346194e+01  4.669689e+02  1.7789979051068631e+01
      2550  6.3750000000002967e+00  5.6718969851078750e-02  5.8912889733097984e-01  8.277438e-02  5.565281e+00  1.267035e+00  5.352872e+01  2.666514e+01  6.412499e+02  1.353002e+01  4.719215e+02  1.7758011239815929e+01
      2560  6.4000000000003006e+00  5.6424887567564627e-02  5.8719619705162962e-01  8.574113e-02  5.567560e+00  1.323428e+00  5.360541e+01  2.770713e+01  6.432763e+02  1.359530e+01  4.766750e+02  1.7724024748633440e+01
      2570  6.4250000000003045e+00  5.6131777650141018e-02  5.8523951373836314e-01  8.874785e-02  5.569894e+00  1.380601e+00  5.368424e+01  2.876397e+01  6.453616e+02  1.365781e+01  4.812281e+02  1.7688052849443960e+01
      2580  6.4500000000003084e+00  5.5839651969447970e-02  5.8325933182319945e-01  9.179204e-02  5.572283e+00  1.438516e+00  5.376524e+01  2.983509e+01  6.475063e+02  1.371757e+01  4.855802e+02  1.7650129517781142e+01
      2590  6.4750000000003123e+00  5.5548522152523108e-02  5.8125614121445790e-01  9.487128e-02  5.574729e+00  1.497134e+00  5.384843e+01  3.091992e+01  6.497109e+02  1.377460e+01  4.897309e+02  1.7610289380615946e+01
      2600  6.5000000000003162e+00  5.5258399580169176e-02  5.7923043687137843e-01  9.798317e-02  5.577233e+00  1.556418e+00  5.393384e+01  3.201791e+01  6.519759e+02  1.382894e+01  4.936805e+02  1.7568567665065508e+01
      2610  6.5250000000003201e+00  5.4969295384536071e-02  5.7718271837894686e-01  1.011254e-01  5.579796e+00  1.616330e+00  5.402148e+01  3.312848e+01  6.543015e+02  1.388061e+01  4.974296e+02  1.7525000148024390e+01
      2620  6.5500000000003240e+00  5.4681220446913967e-02  5.7511348952362229e-01  1.042956e-01  5.582418e+00  1.676833e+00  5.411138e+01  3.425109e+01  6.566878e+02  1.392965e+01  5.009792e+02  1.7479623106751006e+01
      2630  6.5750000000003279e+00  5.4394185395736726e-02  5.7302325787072217e-01  1.074916e-01  5.585101e+00  1.737890e+00  5.420352e+01  3.538518e+01  6.591350e+02  1.397611e+01  5.043308e+02  1.7432473270438162e+01
      2640  6.6000000000003318e+00  5.4108200604799185e-02  5.7091253434407152e-01  1.107112e-01  5.587843e+00  1.799467e+00  5.429791e+01  3.653020e+01  6.616428e+02  1.402002e+01  5.074861e+02  1.7383587772791451e+01
      2650  6.6250000000003357e+00  5.3823276191682257e-02  5.6878183280869743e-01  1.139522e-01  5.590646e+00  1.861528e+00  5.439455e+01  3.768561e+01  6.642113e+02  1.406144e+01  5.104474e+02  1.7333004105636654e+01
      2660  6.6500000000003396e+00  5.3539422016385001e-02  5.6663166965714795e-01  1.172126e-01  5.593509e+00  1.924038e+00  5.449343e+01  3.885087e+01  6.668400e+02  1.410039e+01  5.132170e+02  1.7280760073573344e+01
      2670  6.6750000000003435e+00  5.3256647680163048e-02  5.6446256340011969e-01  1.204903e-01  5.596433e+00  1.986964e+00  5.459454e+01  4.002545e+01  6.695286e+02  1.413694e+01  5.157979e+02  1.7226893749690063e+01
      2680  6.7000000000003475e+00  5.2974962524574162e-02  5.6227503426202174e-01  1.237834e-01  5.599415e+00  2.050271e+00  5.469785e+01  4.120881e+01  6.722767e+02  1.417114e+01  5.181929e+02  1.7171443432352380e+01
      2690  6.7250000000003514e+00  5.2694375630716592e-02  5.6006960378203052e-01  1.270900e-01  5.602457e+00  2.113928e+00  5.480336e+01  4.240042e+01  6.750837e+02  1.420303e+01  5.204055e+02  1.7114447603078606e+01
      2700  6.7500000000003553e+00  5.2414895818672015e-02  5.5784679442131835e-01  1.304082e-01  5.605556e+00  2.177902e+00  5.491102e+01  4.359977e+01  6.779490e+02  1.423266e+01  5.224391e+02  1.7055944885508872e+01
      2710  6.7750000000003592e+00  5.2136531647144019e-02  5.5560712917689548e-01  1.337362e-01  5.608714e+00  2.242163e+00  5.502082e+01  4.480634e+01  6.808718e+02  1.426010e+01  5.242975e+02  1.6995974005480075e+01
      2720  6.8000000000003631e+00  5.1859291413281147e-02  5.5335113120267776e-01  1.370724e-01  5.611927e+00  2.306678e+00  5.513272e+01  4.601961e+01  6.838514e+02  1.428540e+01  5.259846e+02  1.6934573752213680e+01
      2730  6.8250000000003670e+00  5.1583183152693404e-02  5.5107932343827792e-01  1.404150e-01  5.615196e+00  2.371419e+00  5.524668e+01  4.723909e+01  6.868869e+02  1.430862e+01  5.275045e+02  1.6871782940623845e+01
      2740  6.8500000000003709e+00  5.1308214639651788e-02  5.4879222824596896e-01  1.437624e-01  5.618519e+00  2.436356e+00  5.536267e+01  4.846426e+01  6.899772e+02  1.432980e+01  5.288615e+02  1.6807640374753969e+01
      2750  6.8750000000003748e+00  5.1034393387462122e-02  5.4649036705631049e-01  1.471131e-01  5.621894e+00  2.501460e+00  5.548065e+01  4.969464e+01  6.931214e+02  1.434901e+01  5.300598e+02  1.6742184812348651e+01
      2760  6.9000000000003787e+00  5.0761726649022273e-02  5.4417426002281544e-01  1.504657e-01  5.625321e+00  2.566704e+00  5.560056e+01  5.092973e+01  6.963184e+02  1.436631e+01  5.311040e+02  1.6675454930567152e+01
      2770  6.9250000000003826e+00  5.0490221417541406e-02  5.4184442568610591e-01  1.538186e-01  5.628798e+00  2.632059e+00  5.572237e+01  5.216904e+01  6.995670e+02  1.438175e+01  5.319987e+02  1.6607489292846154e+01
      2780  6.9500000000003865e+00  5.0219884427430757e-02  5.3950138064784392e-01  1.571705e-01  5.632324e+00  2.697500e+00  5.584602e+01  5.341210e+01  7.028659e+02  1.439539e+01  5.327483e+02  1.6538326316916823e+01
      2790  6.9750000000003904e+00  4.9950722155350416e-02  5.3714563925484349e-01  1.605202e-01  5.635896e+00  2.763002e+00  5.597147e+01  5.465844e+01  7.062139e+02  1.440729e+01  5.333577e+02  1.6468004243982364e+01
      2800  7.0000000000003944e+00  4.9682740821415584e-02  5.3477771329355550e-01  1.638663e-01  5.639513e+00  2.828537e+00  5.609865e+01  5.590758e+01  7.096097e+02  1.441750e+01  5.338314e+02  1.6396561109062816e+01
      2810  7.0250000000003983e+00  4.9415946390549512e-02  5.3239811169529916e-01  1.672077e-01  5.643173e+00  2.894083e+00  5.622751e+01  5.715907e+01  7.130518e+02  1.442609e+01  5.341742e+02  1.6324034712509722e+01
      2820  7.0500000000004022e+00  4.9150344573982561e-02  5.3000734025237950e-01  1.705432e-01  5.646875e+00  2.959615e+00  5.635800e+01  5.841245e+01  7.165387e+02  1.443310e+01  5.343909e+02  1.6250462592697314e+01
      2830  7.0750000000004061e+00  4.8885940830891150e-02  5.2760590134531404e-01  1.738718e-01  5.650617e+00  3.025111e+00  5.649004e+01  5.966728e+01  7.200690e+02  1.443861e+01  5.344862e+02  1.6175881999892511e+01
      2840  7.1000000000004100e+00  4.8622740370169393e-02  5.2519429368129678e-01  1.771925e-01  5.654396e+00  3.090549e+00  5.662359e+01  6.092311e+01  7.236412e+02  1.444265e+01  5.344647e+02  1.6100329871306354e+01
      2850  7.1250000000004139e+00  4.8360748152327791e-02  5.2277301204409576e-01  1.805042e-01  5.658211e+00  3.155905e+00  5.675858e+01  6.217952e+01  7.272535e+02  1.444529e+01  5.343311e+02  1.6023842807329441e+01
      2860  7.1500000000004178e+00  4.8099968891516486e-02  5.2034254705539418e-01  1.838060e-01  5.662059e+00  3.221161e+00  5.689494e+01  6.343607e+01  7.309045e+02  1.444658e+01  5.340900e+02  1.5946457048951732e+01
      2870  7.1750000000004217e+00  4.7840407057661773e-02  5.1790338494763466e-01  1.870971e-01  5.665940e+00  3.286295e+00  5.703261e+01  6.469234e+01  7.345923e+02  1.444658e+01  5.337461e+02  1.5868208456364700e+01
      2880  7.2000000000004256e+00  4.7582066878716994e-02  5.1545600734846775e-01  1.903766e-01  5.669850e+00  3.351287e+00  5.717152e+01  6.594794e+01  7.383153e+02  1.444533e+01  5.333038e+02  1.5789132488746398e+01
      2890  7.2250000000004295e+00  4.7324952343015751e-02  5.1300089107673608e-01  1.936438e-01  5.673788e+00  3.416120e+00  5.731161e+01  6.720245e+01  7.420719e+02  1.444289e+01  5.327675e+02  1.5709264185222942e+01
      2900  7.2500000000004334e+00  4.7069067201724012e-02  5.1053850794994027e-01  1.968980e-01  5.677751e+00  3.480775e+00  5.745280e+01  6.845547e+01  7.458601e+02  1.443931e+01  5.321417e+02  1.5628638147004363e+01
      2910  7.2750000000004373e+00  4.6814414971387691e-02  5.0806932460319665e-01  2.001384e-01  5.681738e+00  3.545234e+00  5.759502e+01  6.970663e+01  7.496782e+02  1.443464e+01  5.314305e+02  1.5547288520684706e+01
      2920  7.3000000000004412e+00  4.6560998936566560e-02  5.0559380231949969e-01  2.033644e-01  5.685747e+00  3.609481e+00  5.773821e+01  7.095553e+01  7.535244e+02  1.442892e+01  5.306382e+02  1.5465248982701690e+01
      2930  7.3250000000004452e+00  4.6308822152549819e-02  5.0311239687126852e-01  2.065755e-01  5.689775e+00  3.673499e+00  5.788230e+01  7.220182e+01  7.573968e+02  1.442221e+01  5.297689e+02  1.5382552724941672e+01
      2940  7.3500000000004491e+00  4.6057887448148552e-02  5.0062555837295031e-01  2.097710e-01  5.693820e+00  3.737272e+00  5.802721e+01  7.344512e+01  7.612936e+02  1.441455e+01  5.288265e+02  1.5299232441481610e+01
      2950  7.3750000000004530e+00  4.5808197428560953e-02  4.9813373114452764e-01  2.129505e-01  5.697880e+00  3.800786e+00  5.817288e+01  7.468508e+01  7.652130e+02  1.440598e+01  5.278150e+02  1.5215320316451429e+01
      2960  7.4000000000004569e+00  4.5559754478299685e-02  4.9563735358580074e-01  2.161134e-01  5.701953e+00  3.864026e+00  5.831923e+01  7.592135e+01  7.691529e+02  1.439655e+01  5.267381e+02  1.5130848013002129e+01
      2970  7.4250000000004608e+00  4.5312560764181657e-02  4.9313685806114660e-01  2.192593e-01  5.706037e+00  3.926978e+00  5.846618e+01  7.715360e+01  7.731116e+02  1.438630e+01  5.255994e+02  1.5045846663362049e+01
      2980  7.4500000000004647e+00  4.5066618238371978e-02  4.9063267079457973e-01  2.223878e-01  5.710131e+00  3.989630e+00  5.861368e+01  7.838150e+01  7.770871e+02  1.437527e+01  5.244027e+02  1.4960346859961888e+01
      2990  7.4750000000004686e+00  4.4821928641480706e-02  4.8812521177484203e-01  2.254986e-01  5.714231e+00  4.051969e+00  5.876164e+01  7.960473e+01  7.810775e+02  1.436351e+01  5.231512e+02  1.4874378647606459e+01
      3000  7.5000000000004725e+00  4.4578493505698202e-02  4.8561489467027796e-01  2.285912e-01  5.718336e+00  4.113982e+00  5.890999e+01  8.082297e+01  7.850808e+02  1.435105e+01  5.218484e+02  1.4787971516672471e+01
      3010  7.5250000000004764e+00  4.4336314157978632e-02  4.8310212675320535e-01  2.316654e-01  5.722443e+00  4.175658e+00  5.905867e+01  8.203592e+01  7.890953e+02  1.433792e+01  5.204975e+02  1.4701154397304453e+01
      3020  7.5500000000004803e+00  4.4095391723250263e-02  4.8058730883347567e-01  2.347208e-01  5.726552e+00  4.236987e+00  5.920760e+01  8.324329e+01  7.931189e+02  1.432417e+01  5.191015e+02  1.4613955654586656e+01
      3030  7.5750000000004842e+00  4.3855727127668533e-02  4.7807083520096061e-01  2.377572e-01  5.730659e+00  4.297957e+00  5.935671e+01  8.444479e+01  7.971497e+02  1.430983e+01  5.176635e+02  1.4526403084659687e+01
      3040  7.6000000000004881e+00  4.3617321101880296e-02  4.7555309357662939e-01  2.407744e-01  5.734763e+00  4.358559e+00  5.950594e+01  8.564014e+01  8.011858e+02  1.429494e+01  5.161863e+02  1.4438523911755755e+01
      3050  7.6250000000004921e+00  4.3380174184325208e-02  4.7303446507188768e-01  2.437722e-01  5.738861e+00  4.418784e+00  5.965520e+01  8.682908e+01  8.052254e+02  1.427952e+01  5.146727e+02  1.4350344786120885e+01
      3060  7.6500000000004960e+00  4.3144286724545088e-02  4.7051532415591413e-01  2.467503e-01  5.742953e+00  4.478622e+00  5.980443e+01  8.801134e+01  8.092665e+02  1.426361e+01  5.131254e+02  1.4261891782792649e+01
      3070  7.6750000000004999e+00  4.2909658886515420e-02  4.6799603863058470e-01  2.497085e-01  5.747035e+00  4.538065e+00  5.995356e+01  8.918667e+01  8.133073e+02  1.424724e+01  5.115469e+02  1.4173190401201854e+01
      3080  7.7000000000005038e+00  4.2676290651978740e-02  4.6547696961270701e-01  2.526469e-01  5.751107e+00  4.597106e+00  6.010253e+01  9.035484e+01  8.173458e+02  1.423043e+01  5.099396e+02  1.4084265565564673e+01
      3090  7.7250000000005077e+00  4.2444181823794870e-02  4.6295847152323921e-01  2.555651e-01  5.755166e+00  4.655736e+00  6.025126e+01  9.151560e+01  8.213802e+02  1.421322e+01  5.083058e+02  1.3995141626030208e+01
      3100  7.7500000000005116e+00  4.2213332029287759e-02  4.6044089208311834e-01  2.584631e-01  5.759210e+00  4.713948e+00  6.039970e+01  9.266874e+01  8.254088e+02  1.419563e+01  5.066479e+02  1.3905842360550338e+01
      3110  7.7750000000005155e+00  4.1983740723594599e-02  4.5792457231541528e-01  2.613408e-01  5.763237e+00  4.771737e+00  6.054776e+01  9.381402e+01  8.294296e+02  1.417769e+01  5.049678e+02  1.3816390977435422e+01
      3120  7.8000000000005194e+00  4.1755407193015841e-02  4.5540984655342293e-01  2.641981e-01  5.767247e+00  4.829095e+00  6.069539e+01  9.495125e+01  8.334408e+02  1.415943e+01  5.032676e+02  1.3726810118560159e+01
      3130  7.8250000000005233e+00  4.1528330558353796e-02  4.5289704245445250e-01  2.670349e-01  5.771236e+00  4.886017e+00  6.084253e+01  9.608022e+01  8.374407e+02  1.414085e+01  5.015493e+02  1.3637121863185431e+01
      3140  7.8500000000005272e+00  4.1302509778247724e-02  4.5038648101887957e-01  2.698513e-01  5.775204e+00  4.942497e+00  6.098910e+01  9.720074e+01  8.414276e+02  1.412200e+01  4.998146e+02  1.3547347732357888e+01
      3150  7.8750000000005311e+00  4.1077943652495778e-02  4.4787847661428515e-01  2.726471e-01  5.779148e+00  4.998531e+00  6.113505e+01  9.831263e+01  8.453996e+02  1.410288e+01  4.980654e+02  1.3457508693852581e+01
      3160  7.9000000000005350e+00  4.0854630825365369e-02  4.4537333700420284e-01  2.754223e-01  5.783068e+00  5.054113e+00  6.128032e+01  9.941570e+01  8.493551e+02  1.408353e+01  4.963031e+02  1.3367625167623364e+01
      3170  7.9250000000005389e+00  4.0632569788885645e-02  4.4287136338131772e-01  2.781770e-01  5.786960e+00  5.109238e+00  6.142484e+01  1.005098e+02  8.532923e+02  1.406395e+01  4.945294e+02  1.3277717031723533e+01
      3180  7.9500000000005429e+00  4.0411758886124804e-02  4.4037285040474622e-01  2.809110e-01  5.790824e+00  5.163904e+00  6.156855e+01  1.015947e+02  8.572096e+02  1.404417e+01  4.927458e+02  1.3187803628663298e+01
      3190  7.9750000000005468e+00  4.0192196314447204e-02  4.3787808624111380e-01  2.836244e-01  5.794659e+00  5.218106e+00  6.171140e+01  1.026704e+02  8.611054e+02  1.402420e+01  4.909536e+02  1.3097903772169065e+01
      3200  8.0000000000005507e+00  3.9973880128746725e-02  4.3538735260916295e-01  2.863173e-01  5.798461e+00  5.271840e+00  6.185333e+01  1.037366e+02  8.649781e+02  1.400407e+01  4.891541e+02  1.3008035754308555e+01
      3210  8.0250000000005457e+00  3.9756808244660616e-02  4.3290092482762688e-01  2.889895e-01  5.802231e+00  5.325104e+00  6.199429e+01  1.047932e+02  8.688261e+02  1.398378e+01  4.873487e+02  1.2918217352950872e+01
      3220  8.0500000000005407e+00  3.9540978441756559e-02  4.3041907186606743e-01  2.916412e-01  5.805967e+00  5.377895e+00  6.213420e+01  1.058401e+02  8.726478e+02  1.396336e+01  4.855383e+02  1.2828465839526816e+01
      3230  8.0750000000005357e+00  3.9326388366693089e-02  4.2794205639848593e-01  2.942723e-01  5.809666e+00  5.430209e+00  6.227303e+01  1.068771e+02  8.764416e+02  1.394281e+01  4.837242e+02  1.2738797987057392e+01
      3240  8.1000000000005308e+00  3.9113035536354611e-02  4.2547013485941687e-01  2.968830e-01  5.813328e+00  5.482045e+00  6.241072e+01  1.079042e+02  8.802062e+02  1.392215e+01  4.819072e+02  1.2649230078421098e+01
      3250  8.1250000000005258e+00  3.8900917340956326e-02  4.2300355750227658e-01  2.994732e-01  5.816952e+00  5.533400e+00  6.254722e+01  1.089211e+02  8.839401e+02  1.390139e+01  4.800885e+02  1.2559777914827304e+01
      3260  8.1500000000005208e+00  3.8690031047118108e-02  4.2054256845979476e-01  3.020429e-01  5.820535e+00  5.584272e+00  6.268247e+01  1.099279e+02  8.876418e+02  1.388055e+01  4.782688e+02  1.2470456824469370e+01
      3270  8.1750000000005159e+00  3.8480373800912598e-02  4.1808740580624426e-01  3.045923e-01  5.824077e+00  5.634661e+00  6.281643e+01  1.109244e+02  8.913099e+02  1.385963e+01  4.764491e+02  1.2381281671326668e+01
      3280  8.2000000000005109e+00  3.8271942630876125e-02  4.1563830162130716e-01  3.071213e-01  5.827576e+00  5.684564e+00  6.294904e+01  1.119105e+02  8.949431e+02  1.383864e+01  4.746300e+02  1.2292266864090585e+01
      3290  8.2250000000005059e+00  3.8064734450989471e-02  4.1319548205541651e-01  3.096301e-01  5.831031e+00  5.733979e+00  6.308027e+01  1.128862e+02  8.985400e+02  1.381760e+01  4.728123e+02  1.2203426365188115e+01
      3300  8.2500000000005009e+00  3.7858746063628247e-02  4.1075916739632384e-01  3.121186e-01  5.834440e+00  5.782907e+00  6.321006e+01  1.138513e+02  9.020993e+02  1.379651e+01  4.709967e+02  1.2114773699876835e+01
      3310  8.2750000000004960e+00  3.7653974162474464e-02  4.0832957213680265e-01  3.145869e-01  5.837803e+00  5.831346e+00  6.333837e+01  1.148057e+02  9.056198e+02  1.377539e+01  4.691837e+02  1.2026321965390753e+01
      3320  8.3000000000004910e+00  3.7450415335399119e-02  4.0590690504324345e-01  3.170351e-01  5.841119e+00  5.879295e+00  6.346515e+01  1.157494e+02  9.091003e+02  1.375423e+01  4.673740e+02  1.1938083840111890e+01
      3330  8.3250000000004860e+00  3.7248066067306990e-02  4.0349136922507550e-01  3.194632e-01  5.844385e+00  5.926753e+00  6.359036e+01  1.166824e+02  9.125394e+02  1.373305e+01  4.655680e+02  1.1850071592748206e+01
      3340  8.3500000000004810e+00  3.7046922742947921e-02  4.0108316220482571e-01  3.218713e-01  5.847601e+00  5.973722e+00  6.371396e+01  1.176045e+02  9.159361e+02  1.371185e+01  4.637662e+02  1.1762297091497221e+01
      3350  8.3750000000004761e+00  3.6846981649692287e-02  3.9868247598867679e-01  3.242594e-01  5.850766e+00  6.020199e+00  6.383591e+01  1.185157e+02  9.192892e+02  1.369065e+01  4.619691e+02  1.1674771813177362e+01
      3360  8.4000000000004711e+00  3.6648238980272412e-02  3.9628949713746164e-01  3.266276e-01  5.853879e+00  6.066185e+00  6.395616e+01  1.194159e+02  9.225976e+02  1.366944e+01  4.601771e+02  1.1587506852309186e+01
      3370  8.4250000000004661e+00  3.6450690835486181e-02  3.9390440683790945e-01  3.289759e-01  5.856938e+00  6.111680e+00  6.407469e+01  1.203051e+02  9.258603e+02  1.364823e+01  4.583905e+02  1.1500512930129986e+01
      3380  8.4500000000004611e+00  3.6254333226866900e-02  3.9152738097410400e-01  3.313044e-01  5.859943e+00  6.156684e+00  6.419145e+01  1.211833e+02  9.290762e+02  1.362703e+01  4.566097e+02  1.1413800403527777e+01
      3390  8.4750000000004562e+00  3.6059162079316920e-02  3.8915859019902044e-01  3.336132e-01  5.862892e+00  6.201197e+00  6.430641e+01  1.220504e+02  9.322442e+02  1.360583e+01  4.548349e+02  1.1327379273879576e+01
      3400  8.5000000000004512e+00  3.5865173233704778e-02  3.8679820000605791e-01  3.359022e-01  5.865785e+00  6.245220e+00  6.441952e+01  1.229064e+02  9.353635e+02  1.358465e+01  4.530664e+02  1.1241259195782259e+01
      3410  8.5250000000004462e+00  3.5672362449427591e-02  3.8444637080053939e-01  3.381716e-01  5.868620e+00  6.288752e+00  6.453076e+01  1.237512e+02  9.384331e+02  1.356349e+01  4.513044e+02  1.1155449485664473e+01
      3420  8.5500000000004412e+00  3.5480725406936899e-02  3.8210325797101063e-01  3.404214e-01  5.871397e+00  6.331796e+00  6.464010e+01  1.245848e+02  9.414520e+02  1.354235e+01  4.495492e+02  1.1069959130266945e+01
      3430  8.5750000000004363e+00  3.5290257710228874e-02  3.7976901196037149e-01  3.426517e-01  5.874114e+00  6.374350e+00  6.474750e+01  1.254071e+02  9.444194e+02  1.352123e+01  4.478009e+02  1.0984796794986270e+01
      3440  8.6000000000004313e+00  3.5100954889301261e-02  3.7744377833674292e-01  3.448624e-01  5.876771e+00  6.416417e+00  6.485292e+01  1.262183e+02  9.473344e+02  1.350014e+01  4.460597e+02  1.0899970832068265e+01
      3450  8.6250000000004263e+00  3.4912812402570333e-02  3.7512769786399197e-01  3.470537e-01  5.879367e+00  6.457996e+00  6.495635e+01  1.270181e+02  9.501962e+02  1.347908e+01  4.443256e+02  1.0815489288648484e+01
      3460  8.6500000000004214e+00  3.4725825639257836e-02  3.7282090657192063e-01  3.492255e-01  5.881901e+00  6.499089e+00  6.505775e+01  1.278067e+02  9.530041e+02  1.345804e+01  4.425988e+02  1.0731359914629394e+01
      3470  8.6750000000004164e+00  3.4539989921739421e-02  3.7052353582605035e-01  3.513780e-01  5.884372e+00  6.539696e+00  6.515709e+01  1.285840e+02  9.557572e+02  1.343704e+01  4.408795e+02  1.0647590170392196e+01
      3480  8.7000000000004114e+00  3.4355300507858955e-02  3.6823571239696967e-01  3.535111e-01  5.886779e+00  6.579818e+00  6.525434e+01  1.293500e+02  9.584549e+02  1.341607e+01  4.391675e+02  1.0564187234335510e+01
      3490  8.7250000000004064e+00  3.4171752593210494e-02  3.6595755852920864e-01  3.556249e-01  5.889122e+00  6.619457e+00  6.534949e+01  1.301046e+02  9.610965e+02  1.339514e+01  4.374631e+02  1.0481158010239241e+01
      3500  8.7500000000004015e+00  3.3989341313382632e-02  3.6368919200966043e-01  3.577194e-01  5.891399e+00  6.658614e+00  6.544249e+01  1.308479e+02  9.636812e+02  1.337423e+01  4.357662e+02  1.0398509134450315e+01
      3510  8.7750000000003965e+00  3.3808061746170681e-02  3.6143072623545658e-01  3.597947e-01  5.893610e+00  6.697289e+00  6.553334e+01  1.315800e+02  9.662085e+02  1.335337e+01  4.340769e+02  1.0316246982886573e+01
      3520  8.8000000000003915e+00  3.3627908913754535e-02  3.5918227028135113e-01  3.618508e-01  5.895754e+00  6.735484e+00  6.562201e+01  1.323006e+02  9.686777e+02  1.333254e+01  4.323950e+02  1.0234377677859138e+01
      3530  8.8250000000003865e+00  3.3448877784844323e-02  3.5694392896654248e-01  3.638878e-01  5.897831e+00  6.773201e+00  6.570847e+01  1.330100e+02  9.710882e+02  1.331175e+01  4.307207e+02  1.0152907094711127e+01
      3540  8.8500000000003816e+00  3.3270963276789578e-02  3.5471580292097338e-01  3.659056e-01  5.899839e+00  6.810439e+00  6.579270e+01  1.337080e+02  9.734396e+02  1.329099e+01  4.290539e+02  1.0071840868273284e+01
      3550  8.8750000000003766e+00  3.3094160257659502e-02  3.5249798865106741e-01  3.679043e-01  5.901779e+00  6.847202e+00  6.587468e+01  1.343947e+02  9.757312e+02  1.327026e+01  4.273946e+02  9.9911843991359639e+00
      3560  8.9000000000003716e+00  3.2918463548286835e-02  3.5029057860490365e-01  3.698839e-01  5.903649e+00  6.883489e+00  6.595440e+01  1.350702e+02  9.779626e+02  1.324958e+01  4.257427e+02  9.9109428597389524e+00
      3570  8.9250000000003666e+00  3.2743867924280870e-02  3.4809366123685520e-01  3.718444e-01  5.905448e+00  6.919303e+00  6.603183e+01  1.357343e+02  9.801333e+02  1.322892e+01  4.240981e+02  9.8311212002808155e+00
      3580  8.9500000000003617e+00  3.2570368118009924e-02  3.4590732107164990e-01  3.737859e-01  5.907176e+00  6.954645e+00  6.610696e+01  1.363871e+02  9.822429e+02  1.320830e+01  4.224608e+02  9.7517241544485671e+00
      3590  8.9750000000003567e+00  3.2397958820548932e-02  3.4373163876789575e-01  3.757084e-01  5.908833e+00  6.989516e+00  6.617977e+01  1.370286e+02  9.842909e+02  1.318771e+01  4.208307e+02  9.6727562449712252e+00
      3600  9.0000000000003517e+00  3.2226634683595830e-02  3.4156669118105015e-01  3.776119e-01  5.910418e+00  7.023917e+00  6.625023e+01  1.376589e+02  9.862770e+02  1.316716e+01  4.192077e+02  9.5942217889984285e+00
      3610  9.0250000000003467e+00  3.2056390321360276e-02  3.3941255142583504e-01  3.794964e-01  5.911930e+00  7.057851e+00  6.631835e+01  1.382779e+02  9.882008e+02  1.314663e+01  4.175917e+02  9.5161249033092101e+00
      3620  9.0500000000003418e+00  3.1887220312415206e-02  3.3726928893814984e-01  3.813620e-01  5.913368e+00  7.091319e+00  6.638410e+01  1.388857e+02  9.900619e+02  1.312614e+01  4.159827e+02  9.4384695093519859e+00
      3630  9.0750000000003368e+00  3.1719119201523510e-02  3.3513696953641958e-01  3.832087e-01  5.914733e+00  7.124322e+00  6.644747e+01  1.394824e+02  9.918601e+02  1.310567e+01  4.143804e+02  9.3612593381211191e+00
      3640  9.1000000000003318e+00  3.1552081501430386e-02  3.3301565548244788e-01  3.850364e-01  5.916023e+00  7.156862e+00  6.650844e+01  1.400678e+02  9.935951e+02  1.308523e+01  4.127849e+02  9.2844979348733503e+00
      3650  9.1250000000003268e+00  3.1386101694626793e-02  3.3090540554175196e-01  3.868453e-01  5.917238e+00  7.188941e+00  6.656701e+01  1.406420e+02  9.952665e+02  1.306481e+01  4.111959e+02  9.2081886636877961e+00
      3660  9.1500000000003219e+00  3.1221174235082201e-02  3.2880627504340648e-01  3.886352e-01  5.918378e+00  7.220559e+00  6.662316e+01  1.412051e+02  9.968742e+02  1.304442e+01  4.096134e+02  9.1323347118748117e+00
      3670  9.1750000000003169e+00  3.1057293549948385e-02  3.2671831593939871e-01  3.904063e-01  5.919442e+00  7.251719e+00  6.667689e+01  1.417572e+02  9.984179e+02  1.302404e+01  4.080372e+02  9.0569390942373964e+00
      3680  9.2000000000003119e+00  3.0894454041233588e-02  3.2464157686349582e-01  3.921586e-01  5.920429e+00  7.282422e+00  6.672818e+01  1.422981e+02  9.998974e+02  1.300369e+01  4.064672e+02  8.9820046571899450e+00
      3690  9.2250000000003070e+00  3.0732650087445888e-02  3.2257610318965985e-01  3.938921e-01  5.921339e+00  7.312671e+00  6.677702e+01  1.428279e+02  1.001313e+03  1.298336e+01  4.049033e+02  8.9075340827395380e+00
      3700  9.2500000000003020e+00  3.0571876045209778e-02  3.2052193708999943e-01  3.956067e-01  5.922173e+00  7.342466e+00  6.682341e+01  1.433468e+02  1.002663e+03  1.296304e+01  4.033453e+02  8.8335298923335976e+00
      3710  9.2750000000002970e+00  3.0412126250851660e-02  3.1847911759227837e-01  3.973025e-01  5.922928e+00  7.371809e+00  6.686733e+01  1.438546e+02  1.003950e+03  1.294273e+01  4.017931e+02  8.7599944505801570e+00
      3720  9.3000000000002920e+00  3.0253395021958517e-02  3.1644768063699608e-01  3.989796e-01  5.923606e+00  7.400702e+00  6.690879e+01  1.443515e+02  1.005171e+03  1.292244e+01  4.002465e+02  8.6869299688446038e+00
      3730  9.3250000000002871e+00  3.0095676658907299e-02  3.1442765913402976e-01  4.006379e-01  5.924205e+00  7.429147e+00  6.694778e+01  1.448374e+02  1.006328e+03  1.290216e+01  3.987054e+02  8.6143385087279878e+00
      3740  9.3500000000002821e+00  2.9938965446365703e-02  3.1241908301887111e-01  4.022774e-01  5.924725e+00  7.457146e+00  6.698428e+01  1.453125e+02  1.007420e+03  1.288188e+01  3.971697e+02  8.5422219854323078e+00
      3750  9.3750000000002771e+00  2.9783255654765799e-02  3.1042197930846616e-01  4.038983e-01  5.925166e+00  7.484700e+00  6.701830e+01  1.457767e+02  1.008447e+03  1.286161e+01  3.956391e+02  8.4705821710176217e+00
      3760  9.4000000000002721e+00  2.9628541541748609e-02  3.0843637215663083e-01  4.055004e-01  5.925528e+00  7.511811e+00  6.704984e+01  1.462300e+02  1.009409e+03  1.284134e+01  3.941137e+02  8.3994206975550867e+00
      3770  9.4250000000002672e+00  2.9474817353583632e-02  3.0646228290910715e-01  4.070838e-01  5.925809e+00  7.538480e+00  6.707888e+01  1.466726e+02  1.010307e+03  1.282108e+01  3.925931e+02  8.3287390601823788e+00
      3780  9.4500000000002622e+00  2.9322077326557523e-02  3.0449973015822396e-01  4.086486e-01  5.926011e+00  7.564711e+00  6.710543e+01  1.471044e+02  1.011139e+03  1.280081e+01  3.910773e+02  8.2585386200644635e+00
      3790  9.4750000000002572e+00  2.9170315688337535e-02  3.0254872979718145e-01  4.101948e-01  5.926132e+00  7.590503e+00  6.712949e+01  1.475256e+02  1.011907e+03  1.278054e+01  3.895661e+02  8.1888206072654661e+00
      3800  9.5000000000002522e+00  2.9019526659308043e-02  3.0060929507396184e-01  4.117223e-01  5.926172e+00  7.615861e+00  6.715106e+01  1.479360e+02  1.012610e+03  1.276026e+01  3.880594e+02  8.1195861235366404e+00
      3810  9.5250000000002473e+00  2.8869704453880547e-02  2.9868143664488728e-01  4.132312e-01  5.926132e+00  7.640784e+00  6.717013e+01  1.483359e+02  1.013249e+03  1.273998e+01  3.865570e+02  8.0508361450237480e+00
      3820  9.5500000000002423e+00  2.8720843281773344e-02  2.9676516262782310e-01  4.147215e-01  5.926011e+00  7.665276e+00  6.718671e+01  1.487252e+02  1.013823e+03  1.271968e+01  3.850588e+02  7.9825715248994742e+00
      3830  9.5750000000002373e+00  2.8572937349271167e-02  2.9486047865499571e-01  4.161933e-01  5.925808e+00  7.689337e+00  6.720079e+01  1.491039e+02  1.014333e+03  1.269937e+01  3.835646e+02  7.9147929959242287e+00
      3840  9.6000000000002323e+00  2.8425980860451942e-02  2.9296738792548710e-01  4.176466e-01  5.925523e+00  7.712971e+00  6.721238e+01  1.494722e+02  1.014779e+03  1.267905e+01  3.820743e+02  7.8475011729403370e+00
      3850  9.6250000000002274e+00  2.8279968018392207e-02  2.9108589125737816e-01  4.190813e-01  5.925157e+00  7.736178e+00  6.722149e+01  1.498300e+02  1.015160e+03  1.265871e+01  3.805877e+02  7.7806965553030576e+00
      3860  9.6500000000002224e+00  2.8134893026343321e-02  2.8921598713951147e-01  4.204976e-01  5.924710e+00  7.758961e+00  6.722811e+01  1.501775e+02  1.015478e+03  1.263835e+01  3.791046e+02  7.7143795292525326e+00
      3870  9.6750000000002174e+00  2.7990750088883860e-02  2.8735767178294314e-01  4.218955e-01  5.924180e+00  7.781323e+00  6.723226e+01  1.505146e+02  1.015733e+03  1.261797e+01  3.776250e+02  7.6485503702307067e+00
      3880  9.7000000000002125e+00  2.7847533413046483e-02  2.8551093917201947e-01  4.232750e-01  5.923568e+00  7.803264e+00  6.723392e+01  1.508414e+02  1.015924e+03  1.259757e+01  3.761487e+02  7.5832092451463655e+00
      3890  9.7250000000002075e+00  2.7705237209416832e-02  2.8367578111511871e-01  4.246362e-01  5.922874e+00  7.824787e+00  6.723312e+01  1.511580e+02  1.016052e+03  1.257714e+01  3.746756e+02  7.5183562145922149e+00
      3900  9.7500000000002025e+00  2.7563855693210314e-02  2.8185218729503658e-01  4.259790e-01  5.922098e+00  7.845894e+00  6.722985e+01  1.514644e+02  1.016117e+03  1.255668e+01  3.732055e+02  7.4539912350167139e+00
      3910  9.7750000000001975e+00  2.7423383085321346e-02  2.8004014531901228e-01  4.273035e-01  5.921239e+00  7.866588e+00  6.722413e+01  1.517607e+02  1.016120e+03  1.253618e+01  3.717383e+02  7.3901141608548482e+00
      3920  9.8000000000001926e+00  2.7283813613350319e-02  2.7823964076841190e-01  4.286099e-01  5.920298e+00  7.886869e+00  6.721596e+01  1.520469e+02  1.016060e+03  1.251566e+01  3.702738e+02  7.3267247466196634e+00
      3930  9.8250000000001876e+00  2.7145141512602129e-02  2.7645065724804546e-01  4.298980e-01  5.919275e+00  7.906741e+00  6.720535e+01  1.523232e+02  1.015939e+03  1.249510e+01  3.688119e+02  7.2638226489582838e+00
      3940  9.8500000000001826e+00  2.7007361027063574e-02  2.7467317643510702e-01  4.311679e-01  5.918169e+00  7.926206e+00  6.719230e+01  1.525894e+02  1.015756e+03  1.247450e+01  3.673525e+02  7.2014074286746741e+00
      3950  9.8750000000001776e+00  2.6870466410354614e-02  2.7290717812777293e-01  4.324198e-01  5.916981e+00  7.945266e+00  6.717683e+01  1.528458e+02  1.015512e+03  1.245387e+01  3.658955e+02  7.1394785527219309e+00
      3960  9.9000000000001727e+00  2.6734451926656036e-02  2.7115264029340647e-01  4.336537e-01  5.915710e+00  7.963922e+00  6.715895e+01  1.530924e+02  1.015208e+03  1.243319e+01  3.644407e+02  7.0780353961663156e+00
      3970  9.9250000000001677e+00  2.6599311851612288e-02  2.6940953911640336e-01  4.348695e-01  5.914357e+00  7.982178e+00  6.713866e+01  1.533292e+02  1.014842e+03  1.241247e+01  3.629880e+02  7.0170772441252858e+00
      3980  9.9500000000001627e+00  2.6465040473211777e-02  2.6767784904561609e-01  4.360674e-01  5.912922e+00  8.000036e+00  6.711599e+01  1.535562e+02  1.014417e+03  1.239170e+01  3.615372e+02  6.9566032936816553e+00
      3990  9.9750000000001577e+00  2.6331632092642530e-02  2.6595754284143230e-01  4.372474e-01  5.911405e+00  8.017497e+00  6.709093e+01  1.537737e+02  1.013933e+03  1.237088e+01  3.600884e+02  6.8966126557760390e+00
      4000  1.0000000000000153e+01  2.6199081025124329e-02  2.6424859162242825e-01  4.384096e-01  5.909806e+00  8.034565e+00  6.706351e+01  1.539816e+02  1.013389e+03  1.235002e+01  3.586413e+02  6.8371043570786423e+00
