         0  0.0000000000000000e+00  1.2500000000000000e-01  3.7500000000000000e-01 -0.000000e+00  3.375000e+00 -0.000000e+00  1.562500e+01 -0.000000e+00  8.374023e+01  3.375000e+00  1.562500e+01  1.1250000000000000e+00
        10  2.4999999999999998e-02  1.2490628306717062e-01  3.7474322182771824e-01  1.325194e-02  3.375301e+00  1.325290e-01  1.563092e+01  1.087337e+00  8.381017e+01  3.373817e+00  1.561448e+01  1.1244246695551181e+00
        20  5.0000000000000010e-02  1.2481262426056772e-01  3.7453520657976269e-01  2.649229e-02  3.376202e+00  2.649999e-01  1.564866e+01  2.175314e+00  8.401985e+01  3.370285e+00  1.558309e+01  1.1243846581109094e+00
        30  7.5000000000000025e-02  1.2471901142104240e-01  3.7437570369807555e-01  3.972269e-02  3.377702e+00  3.974866e-01  1.567819e+01  3.265649e+00  8.436935e+01  3.364446e+00  1.553129e+01  1.1248783248171677e+00
        40  1.0000000000000005e-01  1.2462543244848576e-01  3.7426449031323605e-01  5.294470e-02  3.379800e+00  5.300622e-01  1.571953e+01  4.360048e+00  8.485905e+01  3.356365e+00  1.545981e+01  1.1259048741251154e+00
        50  1.2500000000000006e-01  1.2453187529498730e-01  3.7420137063171988e-01  6.615983e-02  3.382496e+00  6.627989e-01  1.577265e+01  5.460213e+00  8.548968e+01  3.346130e+00  1.536960e+01  1.1274643452737168e+00
        60  1.5000000000000008e-01  1.2443832795815100e-01  3.7418617530492188e-01  7.936945e-02  3.385789e+00  7.957678e-01  1.583759e+01  6.567835e+00  8.626224e+01  3.333849e+00  1.526186e+01  1.1295576033140751e+00
        70  1.7500000000000010e-01  1.2434477847457194e-01  3.7421876078023092e-01  9.257485e-02  3.389679e+00  9.290388e-01  1.591435e+01  7.684598e+00  8.717809e+01  3.319649e+00  1.513797e+01  1.1321863316348570e+00
        80  2.0000000000000012e-01  1.2425121491347781e-01  3.7429900863465559e-01  1.057771e-01  3.394167e+00  1.062681e+00  1.600298e+01  8.812180e+00  8.823884e+01  3.303675e+00  1.499953e+01  1.1353530259613216e+00
        90  2.2500000000000014e-01  1.2415762537054072e-01  3.7442682489161877e-01  1.189773e-01  3.399252e+00  1.196761e+00  1.610351e+01  9.952253e+00  8.944643e+01  3.286087e+00  1.484827e+01  1.1390609898094599e+00
       100  2.5000000000000017e-01  1.2406399796186181e-01  3.7460213932165481e-01  1.321762e-01  3.404936e+00  1.331344e+00  1.621600e+01  1.110648e+01  9.080308e+01  3.267062e+00  1.468608e+01  1.1433143313850989e+00
       110  2.7500000000000019e-01  1.2397032081813333e-01  3.7482490472787933e-01  1.453745e-01  3.411218e+00  1.466495e+00  1.634049e+01  1.227651e+01  9.231126e+01  3.246785e+00  1.451496e+01  1.1481179619253949e+00
       120  3.0000000000000021e-01  1.2387658207898174e-01  3.7509509621719084e-01  1.585724e-01  3.418098e+00  1.602274e+00  1.647704e+01  1.346401e+01  9.397374e+01  3.225453e+00  1.433698e+01  1.1534775954871963e+00
       130  3.2500000000000023e-01  1.2378276988749377e-01  3.7541271045821123e-01  1.717703e-01  3.425578e+00  1.738742e+00  1.662573e+01  1.467059e+01  9.579351e+01  3.203272e+00  1.415430e+01  1.1593997501930424e+00
       140  3.5000000000000026e-01  1.2368887238493047e-01  3.7577776492706749e-01  1.849681e-01  3.433657e+00  1.875956e+00  1.678662e+01  1.589789e+01  9.777382e+01  3.180451e+00  1.396910e+01  1.1658917509513729e+00
       150  3.7500000000000028e-01  1.2359487770563123e-01  3.7619029714212837e-01  1.981655e-01  3.442334e+00  2.013969e+00  1.695977e+01  1.714752e+01  9.991815e+01  3.157204e+00  1.378357e+01  1.1729617336725537e+00
       160  4.0000000000000030e-01  1.2350077397210905e-01  3.7665036388885093e-01  2.113619e-01  3.451610e+00  2.152835e+00  1.714527e+01  1.842106e+01  1.022301e+02  3.133746e+00  1.359990e+01  1.1806186510069252e+00
       170  4.2500000000000032e-01  1.2340654929034227e-01  3.7715804043587253e-01  2.245566e-01  3.461483e+00  2.292599e+00  1.734318e+01  1.972009e+01  1.047137e+02  3.110291e+00  1.342025e+01  1.1888722796346920e+00
       180  4.5000000000000034e-01  1.2331219174525955e-01  3.7771341974350175e-01  2.377484e-01  3.471952e+00  2.433309e+00  1.755357e+01  2.104616e+01  1.073728e+02  3.087053e+00  1.324674e+01  1.1977332291409486e+00
       190  4.7500000000000037e-01  1.2321768939642685e-01  3.7831661166569114e-01  2.509360e-01  3.483015e+00  2.575004e+00  1.777651e+01  2.240076e+01  1.102117e+02  3.064239e+00  1.308141e+01  1.2072129525114441e+00
       200  5.0000000000000033e-01  1.2312303027393075e-01  3.7896774214657036e-01  2.641175e-01  3.494668e+00  2.717721e+00  1.801204e+01  2.378539e+01  1.132345e+02  3.042051e+00  1.292625e+01  1.2173237582866419e+00
       210  5.2499999999999980e-01  1.2302820237446523e-01  3.7966695241251763e-01  2.772910e-01  3.506909e+00  2.861493e+00  1.826023e+01  2.520148e+01  1.164458e+02  3.020685e+00  1.278315e+01  1.2280788244127607e+00
       220  5.4999999999999927e-01  1.2293319365761754e-01  3.8041439816070199e-01  2.904541e-01  3.519732e+00  3.006347e+00  1.852112e+01  2.665041e+01  1.198498e+02  3.000326e+00  1.265391e+01  1.2394922138288353e+00
       230  5.7499999999999873e-01  1.2283799204235885e-01  3.8121024874491360e-01  3.036042e-01  3.533132e+00  3.152305e+00  1.879473e+01  2.813351e+01  1.234511e+02  2.981151e+00  1.254022e+01  1.2515788918285140e+00
       240  5.9999999999999820e-01  1.2274258540373616e-01  3.8205468635940987e-01  3.167382e-01  3.547103e+00  3.299385e+00  1.908108e+01  2.965205e+01  1.272541e+02  2.963326e+00  1.244369e+01  1.2643547452340851e+00
       250  6.2499999999999767e-01  1.2264696156976969e-01  3.8294790522140093e-01  3.298528e-01  3.561636e+00  3.447598e+00  1.938016e+01  3.120721e+01  1.312630e+02  2.947005e+00  1.236580e+01  1.2778366034180146e+00
       260  6.4999999999999714e-01  1.2255110831855240e-01  3.8389011075264368e-01  3.429443e-01  3.576724e+00  3.596947e+00  1.969197e+01  3.280010e+01  1.354821e+02  2.932330e+00  1.230793e+01  1.2920422612044602e+00
       270  6.7499999999999660e-01  1.2245501337555291e-01  3.8488151876052534e-01  3.560086e-01  3.592356e+00  3.747430e+00  2.001645e+01  3.443173e+01  1.399154e+02  2.919428e+00  1.227134e+01  1.3069905036787381e+00
       280  6.9999999999999607e-01  1.2235866441112601e-01  3.8592235461882696e-01  3.690414e-01  3.608521e+00  3.899039e+00  2.035355e+01  3.610300e+01  1.445667e+02  2.908416e+00  1.225719e+01  1.3227011329280398e+00
       290  7.2499999999999554e-01  1.2226204903822258e-01  3.8701285244829442e-01  3.820380e-01  3.625205e+00  4.051755e+00  2.070317e+01  3.781470e+01  1.494397e+02  2.899395e+00  1.226653e+01  1.3391949967295411e+00
       300  7.4999999999999500e-01  1.2216515481030894e-01  3.8815325429688535e-01  3.949933e-01  3.642394e+00  4.205554e+00  2.106520e+01  3.956747e+01  1.545374e+02  2.892453e+00  1.230031e+01  1.3564940191949026e+00
       310  7.7499999999999447e-01  1.2206796921948526e-01  3.8934380931953777e-01  4.079018e-01  3.660072e+00  4.360403e+00  2.143948e+01  4.136183e+01  1.598625e+02  2.887662e+00  1.235935e+01  1.3746212333702945e+00
       320  7.9999999999999394e-01  1.2197047969481410e-01  3.9058477295705163e-01  4.207580e-01  3.678222e+00  4.516260e+00  2.182583e+01  4.319812e+01  1.654175e+02  2.885084e+00  1.244439e+01  1.3936008157804076e+00
       330  8.2499999999999341e-01  1.2187267360085000e-01  3.9187640611361652e-01  4.335556e-01  3.696824e+00  4.673073e+00  2.222402e+01  4.507653e+01  1.712039e+02  2.884765e+00  1.255606e+01  1.4134581228919254e+00
       340  8.4999999999999287e-01  1.2177453823637646e-01  3.9321897433230391e-01  4.462884e-01  3.715858e+00  4.830782e+00  2.263380e+01  4.699703e+01  1.772227e+02  2.886735e+00  1.269489e+01  1.4342197294572716e+00
       350  8.7499999999999234e-01  1.2167606083334839e-01  3.9461274696777415e-01  4.589496e-01  3.735301e+00  4.989316e+00  2.305486e+01  4.895943e+01  1.834743e+02  2.891015e+00  1.286128e+01  1.4559134686821467e+00
       360  8.9999999999999181e-01  1.2157722855604269e-01  3.9605799635526823e-01  4.715323e-01  3.755129e+00  5.148595e+00  2.348686e+01  5.096328e+01  1.899582e+02  2.897610e+00  1.305557e+01  1.4785684741412346e+00
       370  9.2499999999999127e-01  1.2147802850041488e-01  3.9755499697486074e-01  4.840292e-01  3.775314e+00  5.308528e+00  2.392939e+01  5.300794e+01  1.966729e+02  2.906512e+00  1.327795e+01  1.5022152233439088e+00
       380  9.4999999999999074e-01  1.2137844769366773e-01  3.9910402460988187e-01  4.964328e-01  3.795831e+00  5.469014e+00  2.438201e+01  5.509248e+01  2.036161e+02  2.917703e+00  1.352854e+01  1.5268855828269676e+00
       390  9.7499999999999021e-01  1.2127847309402931e-01  4.0070535549822428e-01  5.087352e-01  3.816648e+00  5.629940e+00  2.484423e+01  5.721575e+01  2.107842e+02  2.931150e+00  1.380732e+01  1.5526128546231521e+00
       400  9.9999999999998967e-01  1.2117809159074450e-01  4.0235926547531253e-01  5.209283e-01  3.837736e+00  5.791183e+00  2.531550e+01  5.937632e+01  2.181726e+02  2.946810e+00  1.411415e+01  1.5794318239223510e+00
       410  1.0249999999999893e+00  1.2107729000428295e-01  4.0406602910733397e-01  5.330039e-01  3.859059e+00  5.952610e+00  2.579521e+01  6.157244e+01  2.257753e+02  2.964628e+00  1.444880e+01  1.6073788077073767e+00
       420  1.0499999999999887e+00  1.2097605508676333e-01  4.0582591881339314e-01  5.449534e-01  3.880585e+00  6.114075e+00  2.628271e+01  6.380212e+01  2.335853e+02  2.984540e+00  1.481087e+01  1.6364917041068392e+00
       430  1.0749999999999882e+00  1.2087437352259937e-01  4.0763920397514825e-01  5.567682e-01  3.902277e+00  6.275424e+00  2.677727e+01  6.606302e+01  2.415939e+02  3.006470e+00  1.519986e+01  1.6668100421643652e+00
       440  1.0999999999999877e+00  1.2077223192937213e-01  4.0950615003259511e-01  5.684393e-01  3.924096e+00  6.436489e+00  2.727813e+01  6.835250e+01  2.497910e+02  3.030332e+00  1.561511e+01  1.6983750316762003e+00
       450  1.1249999999999871e+00  1.2066961685892591e-01  4.1142701756462247e-01  5.799577e-01  3.946004e+00  6.597095e+00  2.778446e+01  7.066761e+01  2.581650e+02  3.056032e+00  1.605582e+01  1.7312296126970568e+00
       460  1.1499999999999866e+00  1.2056651479870079e-01  4.1340206135309077e-01  5.913142e-01  3.967960e+00  6.757053e+00  2.829536e+01  7.300508e+01  2.667029e+02  3.083467e+00  1.652104e+01  1.7654185042584916e+00
       470  1.1749999999999861e+00  1.2046291217329828e-01  4.1543152942925665e-01  6.024995e-01  3.989922e+00  6.916167e+00  2.880989e+01  7.536131e+01  2.753899e+02  3.112525e+00  1.700964e+01  1.8009882517832940e+00
       480  1.1999999999999855e+00  1.2035879534628929e-01  4.1751566210148444e-01  6.135042e-01  4.011846e+00  7.074232e+00  2.932706e+01  7.773237e+01  2.842096e+02  3.143087e+00  1.752035e+01  1.8379872726153601e+00
       490  1.2249999999999850e+00  1.2025415062226621e-01  4.1965469096345309e-01  6.243189e-01  4.033690e+00  7.231032e+00  2.984582e+01  8.011404e+01  2.931440e+02  3.175028e+00  1.805173e+01  1.8764658990165333e+00
       500  1.2499999999999845e+00  1.2014896424914812e-01  4.2184883788209049e-01  6.349340e-01  4.055408e+00  7.386344e+00  3.036507e+01  8.250176e+01  3.021737e+02  3.208215e+00  1.860216e+01  1.9164764179105831e+00
       510  1.2749999999999839e+00  1.2004322242073762e-01  4.2409831396493802e-01  6.453401e-01  4.076954e+00  7.539939e+00  3.088366e+01  8.489072e+01  3.112774e+02  3.242509e+00  1.916986e+01  1.9580731065815948e+00
       520  1.2999999999999834e+00  1.1993691127954320e-01  4.2640331850673213e-01  6.555276e-01  4.098283e+00  7.691580e+00  3.140040e+01  8.727579e+01  3.204325e+02  3.277769e+00  1.975286e+01  2.0013122634586873e+00
       530  1.3249999999999829e+00  1.1983001691986357e-01  4.2876403791547057e-01  6.654870e-01  4.119348e+00  7.841025e+00  3.191407e+01  8.965160e+01  3.296149e+02  3.313846e+00  2.034905e+01  2.0462522330448913e+00
       540  1.3499999999999823e+00  1.1972252539114475e-01  4.3118064461849176e-01  6.752091e-01  4.140103e+00  7.988028e+00  3.242341e+01  9.201255e+01  3.387991e+02  3.350590e+00  2.095613e+01  2.0929534239742105e+00
       550  1.3749999999999818e+00  1.1961442270161382e-01  4.3365329594958490e-01  6.846844e-01  4.160501e+00  8.132340e+00  3.292714e+01  9.435282e+01  3.479583e+02  3.387847e+00  2.157168e+01  2.1414783191112985e+00
       560  1.3999999999999813e+00  1.1950569482219173e-01  4.3618213301853642e-01  6.939038e-01  4.180495e+00  8.273708e+00  3.342395e+01  9.666641e+01  3.570647e+02  3.425463e+00  2.219311e+01  2.1918914765438675e+00
       570  1.4249999999999807e+00  1.1939632769069110e-01  4.3876727956506612e-01  7.028583e-01  4.200042e+00  8.411881e+00  3.391252e+01  9.894720e+01  3.660896e+02  3.463279e+00  2.281770e+01  2.2442595202616626e+00
       580  1.4499999999999802e+00  1.1928630721630207e-01  4.4140884079958520e-01  7.115390e-01  4.219095e+00  8.546607e+00  3.439153e+01  1.011889e+02  3.750034e+02  3.501141e+00  2.344265e+01  2.2986511192705930e+00
       590  1.4749999999999797e+00  1.1917561928437083e-01  4.4410690223379767e-01  7.199372e-01  4.237612e+00  8.677637e+00  3.485967e+01  1.033853e+02  3.837760e+02  3.538892e+00  2.406503e+01  2.3551369538594349e+00
       600  1.4999999999999791e+00  1.1906424976146858e-01  4.4686152850476712e-01  7.280446e-01  4.255549e+00  8.804724e+00  3.531561e+01  1.055300e+02  3.923770e+02  3.576377e+00  2.468186e+01  2.4137896677228325e+00
       610  1.5249999999999786e+00  1.1895218450075792e-01  4.4967276219663493e-01  7.358530e-01  4.272865e+00  8.927626e+00  3.575806e+01  1.076167e+02  4.007758e+02  3.613445e+00  2.529009e+01  2.4746838046508248e+00
       620  1.5499999999999781e+00  1.1883940934765033e-01  4.5254062266486716e-01  7.433545e-01  4.289522e+00  9.046109e+00  3.618577e+01  1.096392e+02  4.089419e+02  3.649949e+00  2.588668e+01  2.5378957285274080e+00
       630  1.5749999999999775e+00  1.1872591014576003e-01  4.5546510486851388e-01  7.505416e-01  4.305482e+00  9.159946e+00  3.659751e+01  1.115915e+02  4.168455e+02  3.685743e+00  2.646856e+01  2.6035035254393764e+00
       640  1.5999999999999770e+00  1.1861167274314552e-01  4.5844617821662204e-01  7.574070e-01  4.320710e+00  9.268920e+00  3.699209e+01  1.134675e+02  4.244570e+02  3.720691e+00  2.703272e+01  2.6715868867877601e+00
       650  1.6249999999999765e+00  1.1849668299883891e-01  4.6148378543552143e-01  7.639438e-01  4.335173e+00  9.372822e+00  3.736840e+01  1.152615e+02  4.317482e+02  3.754660e+00  2.757621e+01  2.7422269724191759e+00
       660  1.6499999999999759e+00  1.1838092678965176e-01  4.6457784146441211e-01  7.701457e-01  4.348842e+00  9.471457e+00  3.772536e+01  1.169682e+02  4.386916e+02  3.787526e+00  2.809617e+01  2.8155062529555557e+00
       670  1.6749999999999754e+00  1.1826439001725773e-01  4.6772823238716615e-01  7.760064e-01  4.361689e+00  9.564646e+00  3.806200e+01  1.185824e+02  4.452616e+02  3.819171e+00  2.858988e+01  2.8915083307016691e+00
       680  1.6999999999999749e+00  1.1814705861553274e-01  4.7093481440877694e-01  7.815203e-01  4.373692e+00  9.652219e+00  3.837739e+01  1.200994e+02  4.514341e+02  3.849488e+00  2.905475e+01  2.9703177387483501e+00
       690  1.7249999999999743e+00  1.1802891855814586e-01  4.7419741288545214e-01  7.866821e-01  4.384827e+00  9.734027e+00  3.867073e+01  1.215148e+02  4.571870e+02  3.878379e+00  2.948840e+01  3.0520197181686637e+00
       700  1.7499999999999738e+00  1.1790995586638463e-01  4.7751582141759119e-01  7.914871e-01  4.395080e+00  9.809934e+00  3.894127e+01  1.228248e+02  4.625002e+02  3.905755e+00  2.988867e+01  3.1366999735198080e+00
       710  1.7749999999999733e+00  1.1779015661719860e-01  4.8088980101530304e-01  7.959308e-01  4.404436e+00  9.879824e+00  3.918839e+01  1.240259e+02  4.673562e+02  3.931538e+00  3.025361e+01  3.2244444072156391e+00
       720  1.7999999999999727e+00  1.1766950695144232e-01  4.8431907934626900e-01  8.000094e-01  4.412884e+00  9.943596e+00  3.941157e+01  1.251152e+02  4.717400e+02  3.955663e+00  3.058156e+01  3.3153388337159795e+00
       730  1.8249999999999722e+00  1.1754799308229236e-01  4.8780335007575681e-01  8.037193e-01  4.420420e+00  1.000117e+01  3.961040e+01  1.260904e+02  4.756392e+02  3.978074e+00  3.087113e+01  3.4094686748874894e+00
       740  1.8499999999999717e+00  1.1742560130381809e-01  4.9134227230871030e-01  8.070578e-01  4.427040e+00  1.005249e+01  3.978458e+01  1.269497e+02  4.790442e+02  3.998729e+00  3.112122e+01  3.5069186383160975e+00
       750  1.8749999999999711e+00  1.1730231799968265e-01  4.9493547014346084e-01  8.100222e-01  4.432746e+00  1.009751e+01  3.993392e+01  1.276917e+02  4.819484e+02  4.017598e+00  3.133106e+01  3.6077723807877904e+00
       760  1.8999999999999706e+00  1.1717812965192971e-01  4.9858253234638883e-01  8.126105e-01  4.437544e+00  1.013621e+01  4.005835e+01  1.283160e+02  4.843481e+02  4.034661e+00  3.150018e+01  3.7121121595920279e+00
       770  1.9249999999999701e+00  1.1705302284984809e-01  5.0228301215638393e-01  8.148213e-01  4.441443e+00  1.016859e+01  4.015792e+01  1.288222e+02  4.862424e+02  4.049914e+00  3.162846e+01  3.8200184747300963e+00
       780  1.9499999999999695e+00  1.1692698429885989e-01  5.0603642722720288e-01  8.166533e-01  4.444458e+00  1.019466e+01  4.023281e+01  1.292111e+02  4.876336e+02  4.063361e+00  3.171608e+01  3.9315697055193506e+00
       790  1.9749999999999690e+00  1.1680000082940600e-01  5.0984225971521424e-01  8.181061e-01  4.446605e+00  1.021446e+01  4.028329e+01  1.294835e+02  4.885267e+02  4.075021e+00  3.176356e+01  4.0468417454623244e+00
       800  1.9999999999999685e+00  1.1667205940579535e-01  5.1369995651894473e-01  8.191794e-01  4.447906e+00  1.022804e+01  4.030976e+01  1.296412e+02  4.889296e+02  4.084923e+00  3.177173e+01  4.1659076395859760e+00
       810  2.0249999999999679e+00  1.1654314713496980e-01  5.1760892967587246e-01  8.198735e-01  4.448387e+00  1.023548e+01  4.031271e+01  1.296861e+02  4.888528e+02  4.093109e+00  3.174173e+01  4.2888372287414072e+00
       820  2.0499999999999674e+00  1.1641325127515240e-01  5.2156855692066539e-01  8.201891e-01  4.448076e+00  1.023686e+01  4.029276e+01  1.296210e+02  4.883094e+02  4.099629e+00  3.167499e+01  4.4156968055789161e+00
       830  2.0749999999999669e+00  1.1628235924433447e-01  5.2557818240783849e-01  8.201272e-01  4.447006e+00  1.023228e+01  4.025062e+01  1.294489e+02  4.873149e+02  4.104547e+00  3.157322e+01  4.5465487870685797e+00
       840  2.0999999999999663e+00  1.1615045862856085e-01  5.2963711760034615e-01  8.196894e-01  4.445213e+00  1.022187e+01  4.018707e+01  1.291732e+02  4.858870e+02  4.107933e+00  3.143839e+01  4.6814514085184662e+00
       850  2.1249999999999658e+00  1.1601753718997584e-01  5.3374464232424801e-01  8.188776e-01  4.442736e+00  1.020575e+01  4.010303e+01  1.287979e+02  4.840453e+02  4.109869e+00  3.127269e+01  4.8204584440436058e+00
       860  2.1499999999999653e+00  1.1588358287458091e-01  5.3790000598797150e-01  8.176939e-01  4.439618e+00  1.018407e+01  3.999944e+01  1.283272e+02  4.818113e+02  4.110443e+00  3.107855e+01  4.9636189583608381e+00
       870  2.1749999999999647e+00  1.1574858381966745e-01  5.4210242896333205e-01  8.161409e-01  4.435905e+00  1.015697e+01  3.987736e+01  1.277656e+02  4.792079e+02  4.109751e+00  3.085857e+01  5.1109770946230810e+00
       880  2.1999999999999642e+00  1.1561252836088730e-01  5.4635110412373233e-01  8.142217e-01  4.431644e+00  1.012463e+01  3.973789e+01  1.271179e+02  4.762595e+02  4.107898e+00  3.061551e+01  5.2625719027677391e+00
       890  2.2249999999999637e+00  1.1547540503892047e-01  5.5064519853361671e-01  8.119392e-01  4.426887e+00  1.008720e+01  3.958220e+01  1.263890e+02  4.729914e+02  4.104992e+00  3.035228e+01  5.4184372125386275e+00
       900  2.2499999999999631e+00  1.1533720260569441e-01  5.5498385528175853e-01  8.092972e-01  4.421687e+00  1.004486e+01  3.941150e+01  1.255841e+02  4.694299e+02  4.101148e+00  3.007191e+01  5.5786015549580323e+00
       910  2.2749999999999626e+00  1.1519791003014086e-01  5.5936619544943544e-01  8.062992e-01  4.416098e+00  9.997800e+00  3.922707e+01  1.247083e+02  4.656018e+02  4.096485e+00  2.977750e+01  5.7430881355796259e+00
       920  2.2999999999999621e+00  1.1505751650343271e-01  5.6379132020345069e-01  8.029492e-01  4.410180e+00  9.946190e+00  3.903020e+01  1.237670e+02  4.615343e+02  4.091124e+00  2.947222e+01  5.9119148623574453e+00
       930  2.3249999999999615e+00  1.1491601144369112e-01  5.6825831300259344e-01  7.992516e-01  4.403989e+00  9.890217e+00  3.882221e+01  1.227655e+02  4.572548e+02  4.085191e+00  2.915930e+01  6.0850944304265200e+00
       940  2.3499999999999610e+00  1.1477338450012611e-01  5.7276624190511205e-01  7.952107e-01  4.397588e+00  9.830062e+00  3.860446e+01  1.217089e+02  4.527907e+02  4.078813e+00  2.884196e+01  6.2626344655214918e+00
       950  2.3749999999999605e+00  1.1462962555658698e-01  5.7731416196388330e-01  7.908312e-01  4.391038e+00  9.765906e+00  3.837831e+01  1.206026e+02  4.481693e+02  4.072119e+00  2.852342e+01  6.4445377271694504e+00
       960  2.3999999999999599e+00  1.1448472473450588e-01  5.8190111769510289e-01  7.861179e-01  4.384402e+00  9.697927e+00  3.814513e+01  1.194516e+02  4.434174e+02  4.065237e+00  2.820691e+01  6.6308023721944309e+00
       970  2.4249999999999594e+00  1.1433867239522028e-01  5.8652614560578087e-01  7.810757e-01  4.377743e+00  9.626298e+00  3.790630e+01  1.182607e+02  4.385615e+02  4.058297e+00  2.789559e+01  6.8214222784732428e+00
       980  2.4499999999999589e+00  1.1419145914165127e-01  5.9118827676479857e-01  7.757097e-01  4.371125e+00  9.551186e+00  3.766321e+01  1.170347e+02  4.336272e+02  4.051426e+00  2.759259e+01  7.0163874282954186e+00
       990  2.4749999999999583e+00  1.1404307581934077e-01  5.9588653940203828e-01  7.700252e-01  4.364615e+00  9.472752e+00  3.741721e+01  1.157782e+02  4.286397e+02  4.044752e+00  2.730094e+01  7.2156843501147891e+00
      1000  2.4999999999999578e+00  1.1389351351683333e-01  6.0061996151994512e-01  7.640274e-01  4.358276e+00  9.391148e+00  3.716968e+01  1.144954e+02  4.236231e+02  4.038400e+00  2.702363e+01  7.4192966169396826e+00
      1010  2.5249999999999573e+00  1.1374276356541113e-01  6.0538757350195460e-01  7.577220e-01  4.352173e+00  9.306519e+00  3.692197e+01  1.131901e+02  4.186010e+02  4.032493e+00  2.676353e+01  7.6272053991042625e+00
      1020  2.5499999999999567e+00  1.1359081753816852e-01  6.1018841070233820e-01  7.511144e-01  4.346371e+00  9.218997e+00  3.667540e+01  1.118663e+02  4.135958e+02  4.027152e+00  2.652345e+01  7.8393900686971971e+00
      1030  2.5749999999999562e+00  1.1343766724845535e-01  6.1502151600245092e-01  7.442103e-01  4.340934e+00  9.128707e+00  3.643130e+01  1.105271e+02  4.086292e+02  4.022495e+00  2.630607e+01  8.0558288524989727e+00
      1040  2.5999999999999557e+00  1.1328330474767971e-01  6.1988594231879202e-01  7.370154e-01  4.335925e+00  9.035761e+00  3.619095e+01  1.091757e+02  4.037217e+02  4.018635e+00  2.611397e+01  8.2764995298987341e+00
      1050  2.6249999999999551e+00  1.1312772232248923e-01  6.2478075504887942e-01  7.295356e-01  4.331409e+00  8.940260e+00  3.595564e+01  1.078147e+02  3.988932e+02  4.015685e+00  2.594963e+01  8.5013801719267477e+00
      1060  2.6499999999999546e+00  1.1297091249136139e-01  6.2970503444171788e-01  7.217766e-01  4.327445e+00  8.842293e+00  3.572660e+01  1.064464e+02  3.941624e+02  4.013752e+00  2.581541e+01  8.7304499172449646e+00
      1070  2.6749999999999541e+00  1.1281286800059526e-01  6.3465787788040817e-01  7.137445e-01  4.324095e+00  8.741938e+00  3.550508e+01  1.050728e+02  3.895475e+02  4.012940e+00  2.571358e+01  8.9636897806911691e+00
      1080  2.6999999999999535e+00  1.1265358181976043e-01  6.3963840206538847e-01  7.054452e-01  4.321418e+00  8.639258e+00  3.529227e+01  1.036955e+02  3.850657e+02  4.013349e+00  2.564628e+01  9.2010834897598208e+00
      1090  2.7249999999999530e+00  1.1249304713660666e-01  6.4464574508774608e-01  6.968848e-01  4.319471e+00  8.534307e+00  3.508935e+01  1.023156e+02  3.807334e+02  4.015076e+00  2.561558e+01  9.4426183442298193e+00
      1100  2.7499999999999525e+00  1.1233125735146716e-01  6.4967906838308442e-01  6.880694e-01  4.318311e+00  8.427123e+00  3.489749e+01  1.009340e+02  3.765667e+02  4.018214e+00  2.562344e+01  9.6882860940040878e+00
      1110  2.7749999999999519e+00  1.1216820607119833e-01  6.5473755855753568e-01  6.790051e-01  4.317991e+00  8.317737e+00  3.471780e+01  9.955107e+01  3.725808e+02  4.022853e+00  2.567171e+01  9.9380838301108589e+00
      1120  2.7999999999999514e+00  1.1200388710266754e-01  6.5982042907854455e-01  6.696983e-01  4.318565e+00  8.206164e+00  3.455141e+01  9.816693e+01  3.687905e+02  4.029081e+00  2.576221e+01  1.0192014883717320e+01
      1130  2.8249999999999509e+00  1.1183829444584868e-01  6.6492692182420043e-01  6.601551e-01  4.320080e+00  8.092410e+00  3.439940e+01  9.678122e+01  3.652104e+02  4.036979e+00  2.589664e+01  1.0450089727926212e+01
      1140  2.8499999999999504e+00  1.1167142228654134e-01  6.7005630848603204e-01  6.503818e-01  4.322586e+00  7.976471e+00  3.426284e+01  9.539328e+01  3.618546e+02  4.046630e+00  2.607670e+01  1.0712326877050280e+01
      1150  2.8749999999999498e+00  1.1150326498875646e-01  6.7520789182117646e-01  6.403849e-01  4.326127e+00  7.858331e+00  3.414277e+01  9.400208e+01  3.587373e+02  4.058113e+00  2.630400e+01  1.0978753777992237e+01
      1160  2.8999999999999493e+00  1.1133381708681470e-01  6.8038100675088464e-01  6.301708e-01  4.330746e+00  7.737968e+00  3.404021e+01  9.260623e+01  3.558722e+02  4.071505e+00  2.658016e+01  1.1249407688277419e+01
      1170  2.9249999999999488e+00  1.1116307327718201e-01  6.8557502130355885e-01  6.197459e-01  4.336482e+00  7.615349e+00  3.395617e+01  9.120403e+01  3.532734e+02  4.086882e+00  2.690678e+01  1.1524336535209427e+01
      1180  2.9499999999999482e+00  1.1099102841009986e-01  6.9078933740102544e-01  6.091169e-01  4.343372e+00  7.490437e+00  3.389163e+01  8.979348e+01  3.509549e+02  4.104320e+00  2.728547e+01  1.1803599750512511e+01
      1190  2.9749999999999477e+00  1.1081767748102218e-01  6.9602339148808667e-01  5.982901e-01  4.351451e+00  7.363186e+00  3.384755e+01  8.837224e+01  3.489309e+02  4.123893e+00  2.771789e+01  1.2087269074706057e+01
      1200  2.9999999999999472e+00  1.1064301562193168e-01  7.0127665500578673e-01  5.872724e-01  4.360749e+00  7.233547e+00  3.382486e+01  8.693776e+01  3.472158e+02  4.145678e+00  2.820574e+01  1.2375429325305991e+01
      1210  3.0249999999999466e+00  1.1046703809254735e-01  7.0654863470983464e-01  5.760704e-01  4.371294e+00  7.101466e+00  3.382448e+01  8.548719e+01  3.458243e+02  4.169752e+00  2.875084e+01  1.2668179122767743e+01
      1220  3.0499999999999461e+00  1.1028974027147126e-01  7.1183887283596770e-01  5.646909e-01  4.383110e+00  6.966889e+00  3.384729e+01  8.401750e+01  3.447715e+02  4.196192e+00  2.935508e+01  1.2965631567862610e+01
      1230  3.0749999999999456e+00  1.1011111764731778e-01  7.1714694711469817e-01  5.531407e-01  4.396219e+00  6.829757e+00  3.389415e+01  8.252542e+01  3.440727e+02  4.225082e+00  3.002053e+01  1.3267914863923671e+01
      1240  3.0999999999999450e+00  1.0993116580985518e-01  7.2247247063811026e-01  5.414267e-01  4.410638e+00  6.690015e+00  3.396589e+01  8.100756e+01  3.437439e+02  4.256505e+00  3.074941e+01  1.3575172877084860e+01
      1250  3.1249999999999445e+00  1.0974988044119691e-01  7.2781509158180624e-01  5.295558e-01  4.426382e+00  6.547606e+00  3.406331e+01  7.946036e+01  3.438011e+02  4.290550e+00  3.154415e+01  1.3887565627288843e+01
      1260  3.1499999999999440e+00  1.0956725730708286e-01  7.3317449278503111e-01  5.175351e-01  4.443461e+00  6.402480e+00  3.418718e+01  7.788021e+01  3.442609e+02  4.327311e+00  3.240742e+01  1.4205269702431753e+01
      1270  3.1749999999999434e+00  1.0938329224828004e-01  7.3855039119225940e-01  5.053717e-01  4.461882e+00  6.254586e+00  3.433823e+01  7.626340e+01  3.451400e+02  4.366886e+00  3.334216e+01  1.4528478587568337e+01
      1280  3.1999999999999429e+00  1.0919798117214773e-01  7.4394253715929526e-01  4.930727e-01  4.481648e+00  6.103881e+00  3.451712e+01  7.460622e+01  3.464555e+02  4.409381e+00  3.435161e+01  1.4857402900603415e+01
      1290  3.2249999999999424e+00  1.0901132004437618e-01  7.4935071362695704e-01  4.806453e-01  4.502761e+00  5.950330e+00  3.472451e+01  7.290498e+01  3.482246e+02  4.454907e+00  3.543934e+01  1.5192270525371557e+01
      1300  3.2499999999999418e+00  1.0882330488096771e-01  7.5477473516516080e-01  4.680970e-01  4.525215e+00  5.793902e+00  3.496097e+01  7.115603e+01  3.504646e+02  4.503585e+00  3.660928e+01  1.5533326632449906e+01
      1310  3.2749999999999413e+00  1.0863393174045785e-01  7.6021444688999207e-01  4.554350e-01  4.549004e+00  5.634577e+00  3.522704e+01  6.935586e+01  3.531924e+02  4.555540e+00  3.786579e+01  1.5880833577493604e+01
      1320  3.2999999999999408e+00  1.0844319671643089e-01  7.6566972325624172e-01  4.426670e-01  4.574116e+00  5.472344e+00  3.552318e+01  6.750108e+01  3.564252e+02  4.610910e+00  3.921365e+01  1.6235070666338892e+01
      1330  3.3249999999999402e+00  1.0825109593034701e-01  7.7114046672766778e-01  4.298005e-01  4.600537e+00  5.307202e+00  3.584981e+01  6.558849e+01  3.601793e+02  4.669839e+00  4.065810e+01  1.6596333775632090e+01
      1340  3.3499999999999397e+00  1.0805762552472503e-01  7.7662660632717939e-01  4.168433e-01  4.628249e+00  5.139162e+00  3.620727e+01  6.361511e+01  3.644708e+02  4.732483e+00  4.220490e+01  1.6964934817341803e+01
      1350  3.3749999999999392e+00  1.0786278165668786e-01  7.8212809606923051e-01  4.038031e-01  4.657228e+00  4.968246e+00  3.659580e+01  6.157826e+01  3.693148e+02  4.799008e+00  4.386036e+01  1.7341201035262095e+01
      1360  3.3999999999999386e+00  1.0766656049193504e-01  7.8764491327691366e-01  3.906878e-01  4.687450e+00  4.794489e+00  3.701558e+01  5.947552e+01  3.747253e+02  4.869589e+00  4.563138e+01  1.7725474121567071e+01
      1370  3.4249999999999381e+00  1.0746895819912555e-01  7.9317705678670936e-01  3.775056e-01  4.718885e+00  4.617938e+00  3.746672e+01  5.730485e+01  3.807156e+02  4.944417e+00  4.752553e+01  1.8118109141712985e+01
      1380  3.4499999999999376e+00  1.0726997094474561e-01  7.9872454504439205e-01  3.642646e-01  4.751500e+00  4.438653e+00  3.794920e+01  5.506456e+01  3.872969e+02  5.023691e+00  4.955111e+01  1.8519473256575331e+01
      1390  3.4749999999999370e+00  1.0706959488845171e-01  8.0428741409666527e-01  3.509731e-01  4.785258e+00  4.256708e+00  3.846294e+01  5.275336e+01  3.944792e+02  5.107628e+00  5.171724e+01  1.8929944231744678e+01
      1400  3.4999999999999365e+00  1.0686782617893212e-01  8.0986571548404884e-01  3.376396e-01  4.820120e+00  4.072189e+00  3.900772e+01  5.037040e+01  4.022704e+02  5.196456e+00  5.403396e+01  1.9349908725466221e+01
      1410  3.5249999999999360e+00  1.0666466095030630e-01  8.1545951404197781e-01  3.242727e-01  4.856042e+00  3.885195e+00  3.958325e+01  4.791527e+01  4.106764e+02  5.290423e+00  5.651244e+01  1.9779760348874710e+01
      1420  3.5499999999999354e+00  1.0646009531908673e-01  8.2106888561845504e-01  3.108811e-01  4.892975e+00  3.695838e+00  4.018911e+01  4.538799e+01  4.197005e+02  5.389792e+00  5.916509e+01  2.0219897495008095e+01
      1430  3.5749999999999349e+00  1.0625412538172019e-01  8.2669391471822828e-01  2.974738e-01  4.930870e+00  3.504241e+00  4.082475e+01  4.278909e+01  4.293438e+02  5.494849e+00  6.200583e+01  2.0670720936636620e+01
      1440  3.5999999999999344e+00  1.0604674721271773e-01  8.3233469208492905e-01  2.840599e-01  4.969672e+00  3.310540e+00  4.148953e+01  4.011952e+01  4.396042e+02  5.605900e+00  6.505043e+01  2.1132631197214430e+01
      1450  3.6249999999999338e+00  1.0583795686341088e-01  8.3799131223384626e-01  2.706486e-01  5.009323e+00  3.114883e+00  4.218265e+01  3.738074e+01  4.504770e+02  5.723278e+00  6.831677e+01  2.1606025704261281e+01
      1460  3.6499999999999333e+00  1.0562775036131775e-01  8.4366387094926099e-01  2.572494e-01  5.049761e+00  2.917426e+00  4.290322e+01  3.457463e+01  4.619542e+02  5.847345e+00  7.182540e+01  2.2091295740111072e+01
      1470  3.6749999999999328e+00  1.0541612371014043e-01  8.4935246276051890e-01  2.438719e-01  5.090922e+00  2.718338e+00  4.365017e+01  3.170351e+01  4.740246e+02  5.978494e+00  7.560000e+01  2.2588823211155955e+01
      1480  3.6999999999999322e+00  1.0520307289039366e-01  8.5505717841117568e-01  2.305259e-01  5.132738e+00  2.517794e+00  4.442235e+01  2.877015e+01  4.866736e+02  6.117159e+00  7.966806e+01  2.3098977263272584e+01
      1490  3.7249999999999317e+00  1.0498859386067208e-01  8.6077810233453533e-01  2.172214e-01  5.175137e+00  2.315981e+00  4.521844e+01  2.577767e+01  4.998831e+02  6.263810e+00  8.406164e+01  2.3622110777849802e+01
      1500  3.7499999999999312e+00  1.0477268255953416e-01  8.6651531014720351e-01  2.039686e-01  5.218046e+00  2.113091e+00  4.603699e+01  2.272961e+01  5.136315e+02  6.418968e+00  8.881832e+01  2.4158556789461919e+01
      1510  3.7749999999999306e+00  1.0455533490802355e-01  8.7226886616946764e-01  1.907777e-01  5.261387e+00  1.909325e+00  4.687642e+01  1.962980e+01  5.278936e+02  6.583205e+00  9.398225e+01  2.4708624872438353e+01
      1520  3.7999999999999301e+00  1.0433654681279365e-01  8.7803882097763697e-01  1.776595e-01  5.305079e+00  1.704890e+00  4.773500e+01  1.648240e+01  5.426406e+02  6.757151e+00  9.960539e+01  2.5272597549019967e+01
      1530  3.8249999999999296e+00  1.0411631416985101e-01  8.8382520898858563e-01  1.646245e-01  5.349040e+00  1.499999e+00  4.861089e+01  1.329185e+01  5.578402e+02  6.941499e+00  1.057490e+02  2.5850726776087637e+01
      1540  3.8499999999999290e+00  1.0389463286889092e-01  8.8962804607116452e-01  1.516836e-01  5.393186e+00  1.294871e+00  4.950210e+01  1.006282e+01  5.734565e+02  7.137014e+00  1.124853e+02  2.6443230570241262e+01
      1550  3.8749999999999285e+00  1.0367149879822900e-01  8.9544732717272890e-01  1.388480e-01  5.437430e+00  1.089730e+00  5.040653e+01  6.800215e+00  5.894501e+02  7.344532e+00  1.198993e+02  2.7050289831971817e+01
      1560  3.8999999999999280e+00  1.0344690785032964e-01  9.0128302394223248e-01  1.261289e-01  5.481682e+00  8.848077e-01  5.132194e+01  3.509123e+00  6.057785e+02  7.564975e+00  1.280908e+02  2.7672045428551975e+01
      1570  3.9249999999999274e+00  1.0322085592793201e-01  9.0713508232437690e-01  1.135377e-01  5.525854e+00  6.803373e-01  5.224600e+01  1.948113e-01  6.223958e+02  7.799346e+00  1.371769e+02  2.8308595591904343e+01
      1580  3.9499999999999269e+00  1.0299333895077734e-01  9.1300342009256608e-01  1.010859e-01  5.569856e+00  4.765598e-01  5.317628e+01 -3.137290e+00  6.392530e+02  8.048737e+00  1.472942e+02  2.8959993682080057e+01
      1590  3.9749999999999264e+00  1.0276435286297080e-01  9.1888792428250698e-01  8.878539e-02  5.613596e+00  2.737209e-01  5.411025e+01 -6.481596e+00  6.562985e+02  8.314328e+00  1.586014e+02  2.9626246359185885e+01
      1600  3.9999999999999258e+00  1.0253389364099902e-01  9.2478844848328601e-01  7.664798e-02  5.656985e+00  7.207223e-02  5.504530e+01 -9.832374e+00  6.734780e+02  8.597391e+00  1.712819e+02  3.0307312196878510e+01
      1610  4.0249999999999293e+00  1.0230195730244976e-01  9.3070480993964722e-01  6.468575e-02  5.699934e+00 -1.281283e-01  5.597877e+01 -1.318373e+01  6.907350e+02  8.899278e+00  1.855462e+02  3.1003100759292462e+01
      1620  4.0499999999999332e+00  1.0206853991547921e-01  9.3663678641742143e-01  5.291094e-02  5.742355e+00 -3.266162e-01  5.690796e+01 -1.652963e+01  7.080109e+02  9.221423e+00  2.016341e+02  3.1713472150920488e+01
      1630  4.0749999999999371e+00  1.0183363760910377e-01  9.4258411278528509e-01  4.133594e-02  5.784163e+00 -5.231200e-01  5.783014e+01 -1.986384e+01  7.252459e+02  9.565328e+00  2.198167e+02  3.2438237036073090e+01
      1640  4.0999999999999410e+00  1.0159724658438155e-01  9.4854647726871866e-01  2.997330e-02  5.825276e+00 -7.173603e-01  5.874258e+01 -2.317996e+01  7.423786e+02  9.932545e+00  2.403970e+02  3.3177157111686228e+01
      1650  4.1249999999999449e+00  1.0135936312657537e-01  9.5452351733798024e-01  1.883576e-02  5.865615e+00 -9.090500e-01  5.964257e+01 -2.647140e+01  7.593472e+02  1.032466e+01  2.637110e+02  3.3929946004974539e+01
      1660  4.1499999999999488e+00  1.0111998361839498e-01  9.6051481519954729e-01  7.936209e-03  5.905106e+00 -1.097893e+00  6.052746e+01 -2.973136e+01  7.760899e+02  1.074327e+01  2.901264e+02  3.4696270556317160e+01
      1670  4.1749999999999527e+00  1.0087910455441845e-01  9.6651989287092466e-01 -2.712248e-03  5.943680e+00 -1.283585e+00  6.139466e+01 -3.295282e+01  7.925450e+02  1.118995e+01  3.200403e+02  3.5475752438332449e+01
      1680  4.1999999999999567e+00  1.0063672255679182e-01  9.7253820683048686e-01 -1.309631e-02  5.981275e+00 -1.465812e+00  6.224168e+01 -3.612855e+01  8.086524e+02  1.166621e+01  3.538760e+02  3.6267970054782253e+01
      1690  4.2249999999999606e+00  1.0039283439232452e-01  9.7856914224776537e-01 -2.320245e-02  6.017833e+00 -1.644250e+00  6.306616e+01 -3.925110e+01  8.243533e+02  1.217347e+01  3.920768e+02  3.7072460658149076e+01
      1700  4.2499999999999645e+00  1.0014743699107667e-01  9.8461200681427496e-01 -3.301691e-02  6.053305e+00 -1.818566e+00  6.386590e+01 -4.231279e+01  8.395916e+02  1.271300e+01  4.350987e+02  3.7888722622638795e+01
      1710  4.2749999999999684e+00  9.9900527466532982e-02  9.9066602421002203e-01 -4.252564e-02  6.087648e+00 -1.988418e+00  6.463887e+01 -4.530576e+01  8.543146e+02  1.328590e+01  4.834008e+02  3.8716217810125428e+01
      1720  4.2999999999999723e+00  9.9652103137449530e-02  9.9673032725630240e-01 -5.171431e-02  6.120829e+00 -2.153452e+00  6.538325e+01 -4.822195e+01  8.684731e+02  1.389299e+01  5.374336e+02  3.9554373970007532e+01
      1730  4.3249999999999762e+00  9.9402161551450957e-02  1.0028039508196884e+00 -6.056823e-02  6.152822e+00 -2.313306e+00  6.609745e+01 -5.105315e+01  8.820228e+02  1.453486e+01  5.976257e+02  4.0402587119811201e+01
      1740  4.3499999999999801e+00  9.9150700510413747e-02  1.0088858245459693e+00 -6.907238e-02  6.183609e+00 -2.467607e+00  6.678014e+01 -5.379098e+01  8.949249e+02  1.521170e+01  6.643683e+02  4.1260223861200444e+01
      1750  4.3749999999999840e+00  9.8897718097689533e-02  1.0149747655142984e+00 -7.721130e-02  6.213183e+00 -2.615971e+00  6.743025e+01 -5.642697e+01  9.071463e+02  1.592336e+01  7.379992e+02  4.2126623595227663e+01
      1760  4.3999999999999879e+00  9.8643212707157799e-02  1.0210694709113248e+00 -8.496912e-02  6.241545e+00 -2.758005e+00  6.804701e+01 -5.895255e+01  9.186606e+02  1.666924e+01  8.187860e+02  4.3001100610681775e+01
      1770  4.4249999999999918e+00  9.8387183074092152e-02  1.0271685108323467e+00 -9.232950e-02  6.268703e+00 -2.893305e+00  6.862994e+01 -6.135907e+01  9.294485e+02  1.744831e+01  9.069088e+02  4.3882946029781557e+01
      1780  4.4499999999999957e+00  9.8129628307815742e-02  1.0332703213206775e+00 -9.927560e-02  6.294675e+00 -3.021455e+00  6.917887e+01 -6.363785e+01  9.394982e+02  1.825904e+01  1.002445e+03  4.4771429605985560e+01
      1790  4.4749999999999996e+00  9.7870547926033988e-02  1.0393731977578453e+00 -1.057901e-01  6.319487e+00 -3.142032e+00  6.969394e+01 -6.578017e+01  9.488055e+02  1.909942e+01  1.105355e+03  4.5665801379285362e+01
      1800  4.5000000000000036e+00  9.7609941890781010e-02  1.0454752887162497e+00 -1.118552e-01  6.343173e+00 -3.254597e+00  7.017561e+01 -6.777728e+01  9.573743e+02  1.996693e+01  1.215472e+03  4.6565293204986069e+01
      1810  4.5250000000000075e+00  9.7347810645829522e-02  1.0515745903821530e+00 -1.174526e-01  6.365774e+00 -3.358704e+00  7.062466e+01 -6.962044e+01  9.652165e+02  2.085860e+01  1.332492e+03  4.7469120182525558e+01
      1820  4.5500000000000114e+00  9.7084155155404833e-02  1.0576689416510030e+00 -1.225636e-01  6.387338e+00 -3.453897e+00  7.104216e+01 -7.130088e+01  9.723519e+02  2.177098e+01  1.455973e+03  4.8376482020744135e+01
      1830  4.5750000000000153e+00  9.6818976944047369e-02  1.0637560199893834e+00 -1.271692e-01  6.407918e+00 -3.539708e+00  7.142945e+01 -7.280981e+01  9.788084e+02  2.270022e+01  1.585335e+03  4.9286564384010170e+01
      1840  4.6000000000000192e+00  9.6552278137393574e-02  1.0698333381485887e+00 -1.312502e-01  6.427573e+00 -3.615665e+00  7.178818e+01 -7.413844e+01  9.846209e+02  2.364211e+01  1.719869e+03  5.0198540267828811e+01
      1850  4.6250000000000231e+00  9.6284061503667362e-02  1.0758982418042207e+00 -1.347872e-01  6.446367e+00 -3.681287e+00  7.212023e+01 -7.527795e+01  9.898316e+02  2.459214e+01  1.858745e+03  5.1111571450731226e+01
      1860  4.6500000000000270e+00  9.6014330495644284e-02  1.0819479081847914e+00 -1.377610e-01  6.464367e+00 -3.736095e+00  7.242770e+01 -7.621953e+01  9.944893e+02  2.554556e+01  2.001029e+03  5.2024810059190393e+01
      1870  4.6750000000000309e+00  9.5743089292826600e-02  1.0879793457408005e+00 -1.401528e-01  6.481643e+00 -3.779607e+00  7.271292e+01 -7.695433e+01  9.986485e+02  2.649750e+01  2.145703e+03  5.2937400262870312e+01
      1880  4.7000000000000348e+00  9.5470342843567799e-02  1.0939893948944153e+00 -1.419444e-01  6.498269e+00 -3.811347e+00  7.297837e+01 -7.747358e+01  1.002369e+03  2.744301e+01  2.291683e+03  5.3848480089373666e+01
      1890  4.7250000000000387e+00  9.5196096906874750e-02  1.0999747299008569e+00 -1.431185e-01  6.514320e+00 -3.830853e+00  7.322669e+01 -7.776854e+01  1.005715e+03  2.837714e+01  2.437846e+03  5.4757183314110790e+01
      1900  4.7500000000000426e+00  9.4920358093598806e-02  1.1059318618449443e+00 -1.436589e-01  6.529872e+00 -3.837677e+00  7.346066e+01 -7.783060e+01  1.008753e+03  2.929507e+01  2.583052e+03  5.5662641347923724e+01
      1910  4.7750000000000465e+00  9.4643133906744809e-02  1.1118571427930293e+00 -1.435511e-01  6.545001e+00 -3.831396e+00  7.368311e+01 -7.765134e+01  1.011555e+03  3.019213e+01  2.726168e+03  5.6563985020620422e+01
      1920  4.8000000000000504e+00  9.4364432780584748e-02  1.1177467711199027e+00 -1.427827e-01  6.559785e+00 -3.811617e+00  7.389698e+01 -7.722259e+01  1.014194e+03  3.106391e+01  2.866093e+03  5.7460346151065963e+01
      1930  4.8250000000000544e+00  9.4084264118298261e-02  1.1235967980331838e+00 -1.413433e-01  6.574300e+00 -3.777984e+00  7.410522e+01 -7.653651e+01  1.016742e+03  3.190628e+01  3.001777e+03  5.8350858810589891e+01
      1940  4.8500000000000583e+00  9.3802638327832005e-02  1.1294031353211322e+00 -1.392254e-01  6.588623e+00 -3.730187e+00  7.431078e+01 -7.558568e+01  1.019275e+03  3.271548e+01  3.132245e+03  5.9234660228820303e+01
      1950  4.8750000000000622e+00  9.3519566855660347e-02  1.1351615643522894e+00 -1.364244e-01  6.602826e+00 -3.667966e+00  7.451657e+01 -7.436311e+01  1.021865e+03  3.348815e+01  3.256612e+03  6.0110891356318398e+01
      1960  4.9000000000000661e+00  9.3235062218146009e-02  1.1408677463526418e+00 -1.329390e-01  6.616980e+00 -3.591118e+00  7.472544e+01 -7.286236e+01  1.024586e+03  3.422131e+01  3.374098e+03  6.0978697176807856e+01
      1970  4.9250000000000700e+00  9.2949138030159528e-02  1.1465172339756666e+00 -1.287716e-01  6.631155e+00 -3.499506e+00  7.494010e+01 -7.107758e+01  1.027507e+03  3.491245e+01  3.484040e+03  6.1837226938238359e+01
      1980  4.9500000000000739e+00  9.2661809030657544e-02  1.1521054841602956e+00 -1.239281e-01  6.645413e+00 -3.393056e+00  7.516315e+01 -6.900355e+01  1.030693e+03  3.555947e+01  3.585894e+03  6.2685634528808805e+01
      1990  4.9750000000000778e+00  9.2373091104877153e-02  1.1576278722409490e+00 -1.184184e-01  6.659815e+00 -3.271770e+00  7.539696e+01 -6.663582e+01  1.034208e+03  3.616068e+01  3.679238e+03  6.3523079245368727e+01
      2000  5.0000000000000817e+00  9.2083001302865911e-02  1.1630797072348456e+00 -1.122564e-01  6.674412e+00 -3.135721e+00  7.564371e+01 -6.397076e+01  1.038107e+03  3.671479e+01  3.763767e+03  6.4348727177173174e+01
      2010  5.0250000000000856e+00  9.1791557854039529e-02  1.1684562481882816e+00 -1.054597e-01  6.689253e+00 -2.985059e+00  7.590534e+01 -6.100571e+01  1.042443e+03  3.722088e+01  3.839279e+03  6.5161753356804297e+01
      2020  5.0500000000000895e+00  9.1498780177550088e-02  1.1737527214219741e+00 -9.804984e-02  6.704375e+00 -2.820011e+00  7.618353e+01 -5.773910e+01  1.047263e+03  3.767833e+01  3.905664e+03  6.5961344721707036e+01
      2030  5.0750000000000934e+00  9.1204688888240237e-02  1.1789643384813928e+00 -9.005212e-02  6.719809e+00 -2.640879e+00  7.647969e+01 -5.417056e+01  1.052608e+03  3.808683e+01  3.962888e+03  6.6746703802877789e+01
      2040  5.1000000000000973e+00  9.0909305798050372e-02  1.1840863145776752e+00 -8.149511e-02  6.735579e+00 -2.448041e+00  7.679493e+01 -5.030107e+01  1.058517e+03  3.844630e+01  4.010971e+03  6.7517052935814121e+01
      2050  5.1250000000001013e+00  9.0612653912768987e-02  1.1891138873004301e+00 -7.241056e-02  6.751697e+00 -2.241946e+00  7.713011e+01 -4.613303e+01  1.065020e+03  3.875689e+01  4.049983e+03  6.8271638696859867e+01
      2060  5.1500000000001052e+00  9.0314757424096545e-02  1.1940423353963521e+00 -6.283302e-02  6.768167e+00 -2.023113e+00  7.748579e+01 -4.167038e+01  1.072145e+03  3.901897e+01  4.080028e+03  6.9009736224108053e+01
      2070  5.1750000000001091e+00  9.0015641697019477e-02  1.1988669974337349e+00 -5.279943e-02  6.784983e+00 -1.792129e+00  7.786227e+01 -3.691860e+01  1.079917e+03  3.923309e+01  4.101247e+03  6.9730653094588945e+01
      2080  5.2000000000001130e+00  8.9715333252553042e-02  1.2035832902076709e+00 -4.234875e-02  6.802130e+00 -1.549640e+00  7.825960e+01 -3.188481e+01  1.088353e+03  3.940002e+01  4.113817e+03  7.0433732495642687e+01
      2090  5.2250000000001169e+00  8.9413859745920504e-02  1.2081867267758697e+00 -3.152150e-02  6.819587e+00 -1.296354e+00  7.867757e+01 -2.657777e+01  1.097470e+03  3.952075e+01  4.117958e+03  7.1118355534289989e+01
      2100  5.2500000000001208e+00  8.9111249940277998e-02  1.2126729340457651e+00 -2.035937e-02  6.837321e+00 -1.033030e+00  7.911578e+01 -2.100783e+01  1.107279e+03  3.959651e+01  4.113944e+03  7.1783942653146994e+01
      2110  5.2750000000001247e+00  8.8807533676104597e-02  1.2170376698530696e+00 -8.904772e-03  6.855295e+00 -7.604751e-01  7.957358e+01 -1.518702e+01  1.117789e+03  3.962879e+01  4.102107e+03  7.2429954241525763e+01
      2120  5.3000000000001286e+00  8.8502741836387580e-02  1.2212768394786815e+00  2.799558e-03  6.873464e+00 -4.795419e-01  8.005018e+01 -9.128912e+00  1.129003e+03  3.961938e+01  4.082849e+03  7.3055890625192148e+01
      2130  5.3250000000001325e+00  8.8196906307761974e-02  1.2253865115454332e+00  1.471096e-02  6.891780e+00 -1.911190e-01  8.054460e+01 -2.848643e+00  1.140923e+03  3.957031e+01  4.056641e+03  7.3661291673823570e+01
      2140  5.3500000000001364e+00  8.7890059937748122e-02  1.2293629332205067e+00  2.678721e-02  6.910188e+00  1.038737e-01  8.105570e+01  3.637180e+00  1.153544e+03  3.948393e+01  4.024025e+03  7.4245736276260175e+01
      2150  5.3750000000001403e+00  8.7582236488291942e-02  1.2332025446297568e+00  3.898688e-02  6.928631e+00  4.044924e-01  8.158219e+01  1.031057e+01  1.166858e+03  3.936279e+01  3.985608e+03  7.4808841903722623e+01
      2160  5.4000000000001442e+00  8.7273470585811280e-02  1.2369019923707618e+00  5.126963e-02  6.947051e+00  7.097766e-01  8.212265e+01  1.715226e+01  1.180850e+03  3.920969e+01  3.942048e+03  7.5350264420611808e+01
      2170  5.4250000000001481e+00  8.6963797667987258e-02  1.2404581419971548e+00  6.359652e-02  6.965385e+00  1.018757e+00  8.267552e+01  2.414187e+01  1.195501e+03  3.902755e+01  3.894042e+03  7.5869698225528168e+01
      2180  5.4500000000001521e+00  8.6653253927576862e-02  1.2438680893424148e+00  7.593025e-02  6.983573e+00  1.330464e+00  8.323911e+01  3.125806e+01  1.210783e+03  3.881939e+01  3.842300e+03  7.6366876726678299e+01
      2190  5.4750000000001560e+00  8.6341876253552302e-02  1.2471291705557943e+00  8.823539e-02  7.001552e+00  1.643934e+00  8.381159e+01  3.847870e+01  1.226663e+03  3.858823e+01  3.787525e+03  7.6841573088440384e+01
      2200  5.5000000000001599e+00  8.6029702169907060e-02  1.2502389707393573e+00  1.004785e-01  7.019260e+00  1.958219e+00  8.439104e+01  4.578110e+01  1.243102e+03  3.833706e+01  3.730394e+03  7.7293601138197033e+01
      2210  5.5250000000001638e+00  8.5716769772486018e-02  1.2531953310983230e+00  1.126286e-01  7.036637e+00  2.272396e+00  8.497543e+01  5.314220e+01  1.260051e+03  3.806873e+01  3.671536e+03  7.7722816298357600e+01
      2220  5.5500000000001677e+00  8.5403117664218764e-02  1.2559963545466091e+00  1.246566e-01  7.053623e+00  2.585570e+00  8.556263e+01  6.053880e+01  1.277456e+03  3.778595e+01  3.611518e+03  7.8129116407151002e+01
      2230  5.5750000000001716e+00  8.5088784889149463e-02  1.2586404097406427e+00  1.365362e-01  7.070162e+00  2.896883e+00  8.615043e+01  6.794775e+01  1.295255e+03  3.749118e+01  3.550837e+03  7.8512442309135537e+01
      2240  5.6000000000001755e+00  8.4773810865658286e-02  1.2611261335453285e+00  1.482435e-01  7.086198e+00  3.205522e+00  8.673660e+01  7.534618e+01  1.313381e+03  3.718668e+01  3.489915e+03  7.8872778126464993e+01
      2250  5.6250000000001794e+00  8.4458235319255337e-02  1.2634524319636569e+00  1.597571e-01  7.101680e+00  3.510719e+00  8.731883e+01  8.271169e+01  1.331760e+03  3.687446e+01  3.429097e+03  7.9210151158095670e+01
      2260  5.6500000000001833e+00  8.4142098215330849e-02  1.2656184795835586e+00  1.710579e-01  7.116557e+00  3.811761e+00  8.789485e+01  9.002253e+01  1.350316e+03  3.655627e+01  3.368658e+03  7.9524631390458950e+01
      2270  5.6750000000001872e+00  8.3825439692225598e-02  1.2676237176132048e+00  1.821296e-01  7.130785e+00  4.107988e+00  8.846236e+01  9.725779e+01  1.368965e+03  3.623363e+01  3.308806e+03  7.9816330634971294e+01
      2280  5.7000000000001911e+00  8.3508299994954169e-02  1.2694678505870587e+00  1.929581e-01  7.144320e+00  4.398798e+00  8.901912e+01  1.043975e+02  1.387623e+03  3.590785e+01  3.249693e+03  8.0085401332390518e+01
      2290  5.7250000000001950e+00  8.3190719409919150e-02  1.2711508418315449e+00  2.035318e-01  7.157124e+00  4.683648e+00  8.956295e+01  1.114229e+02  1.406206e+03  3.558004e+01  3.191422e+03  8.0332035080097285e+01
      2300  5.7500000000001990e+00  8.2872738200895468e-02  1.2726729077822503e+00  2.138411e-01  7.169162e+00  4.962055e+00  9.009176e+01  1.183163e+02  1.424627e+03  3.525114e+01  3.134056e+03  8.0556460946189574e+01
      2310  5.7750000000002029e+00  8.2554396546576078e-02  1.2740345112439897e+00  2.238789e-01  7.180405e+00  5.233596e+00  9.060355e+01  1.250614e+02  1.442800e+03  3.492192e+01  3.077628e+03  8.0758943634810720e+01
      2320  5.8000000000002068e+00  8.2235734479924757e-02  1.2752363536835909e+00  2.336398e-01  7.190824e+00  5.497904e+00  9.109645e+01  1.316433e+02  1.460643e+03  3.459307e+01  3.022149e+03  8.0939781562106248e+01
      2330  5.8250000000002107e+00  8.1916791829562519e-02  1.2762793666423822e+00  2.431205e-01  7.200399e+00  5.754671e+00  9.156873e+01  1.380485e+02  1.478074e+03  3.426514e+01  2.967613e+03  8.1099304893379156e+01
      2340  5.8500000000002146e+00  8.1597608163415478e-02  1.2771647023528805e+00  2.523195e-01  7.209111e+00  6.003646e+00  9.201881e+01  1.442650e+02  1.495018e+03  3.393862e+01  2.914008e+03  8.1237873581076286e+01
      2350  5.8750000000002185e+00  8.1278222734783981e-02  1.2778937236417760e+00  2.612369e-01  7.216946e+00  6.244629e+00  9.244529e+01  1.502824e+02  1.511402e+03  3.361393e+01  2.861313e+03  8.1355875431662525e+01
      2360  5.9000000000002224e+00  8.0958674431029026e-02  1.2784679931996479e+00  2.698743e-01  7.223895e+00  6.477474e+00  9.284694e+01  1.560915e+02  1.527162e+03  3.329143e+01  2.809510e+03  8.1453724218301176e+01
      2370  5.9250000000002263e+00  8.0639001725005738e-02  1.2788892622969015e+00  2.782347e-01  7.229953e+00  6.702080e+00  9.322271e+01  1.616851e+02  1.542237e+03  3.297147e+01  2.758581e+03  8.1531857846394104e+01
      2380  5.9500000000002302e+00  8.0319242629382948e-02  1.2791594590251649e+00  2.863223e-01  7.235117e+00  6.918396e+00  9.357177e+01  1.670570e+02  1.556576e+03  3.265435e+01  2.708514e+03  8.1590736570872295e+01
      2390  5.9750000000002341e+00  7.9999434653951096e-02  1.2792806761433604e+00  2.941424e-01  7.239392e+00  7.126410e+00  9.389344e+01  1.722027e+02  1.570134e+03  3.234036e+01  2.659301e+03  8.1630841257967916e+01
      2400  6.0000000000002380e+00  7.9679614766008683e-02  1.2792551586080825e+00  3.017013e-01  7.242782e+00  7.326154e+00  9.418726e+01  1.771192e+02  1.582873e+03  3.202976e+01  2.610941e+03  8.1652671680053530e+01
      2410  6.0250000000002419e+00  7.9359819353902947e-02  1.2790852908684214e+00  3.090063e-01  7.245299e+00  7.517695e+00  9.445296e+01  1.818048e+02  1.594763e+03  3.172283e+01  2.563439e+03  8.1656744829882086e+01
      2420  6.0500000000002458e+00  7.9040084193759699e-02  1.2787735840052448e+00  3.160651e-01  7.246955e+00  7.701132e+00  9.469044e+01  1.862590e+02  1.605784e+03  3.141981e+01  2.516807e+03  8.1643593240045732e+01
      2430  6.0750000000002498e+00  7.8720444419447699e-02  1.2783226627950977e+00  3.228864e-01  7.247768e+00  7.876599e+00  9.489980e+01  1.904828e+02  1.615920e+03  3.112097e+01  2.471064e+03  8.1613763294376440e+01
      2440  6.1000000000002537e+00  7.8400934495769084e-02  1.2777352527777150e+00  3.294790e-01  7.247755e+00  8.044255e+00  9.508127e+01  1.944781e+02  1.625166e+03  3.082656e+01  2.426232e+03  8.1567813520043217e+01
      2450  6.1250000000002576e+00  7.8081588194884172e-02  1.2770141674050137e+00  3.358524e-01  7.246941e+00  8.204284e+00  9.523527e+01  1.982481e+02  1.633521e+03  3.053683e+01  2.382341e+03  8.1506312851972510e+01
      2460  6.1500000000002615e+00  7.7762438575921258e-02  1.2761622953471052e+00  3.420163e-01  7.245348e+00  8.356892e+00  9.536235e+01  2.017970e+02  1.640992e+03  3.025205e+01  2.339422e+03  8.1429838864596377e+01
      2470  6.1750000000002654e+00  7.7443517967740905e-02  1.2751825880279541e+00  3.479806e-01  7.243004e+00  8.502305e+00  9.546317e+01  2.051297e+02  1.647592e+03  2.997246e+01  2.297510e+03  8.1338975969584780e+01
      2480  6.2000000000002693e+00  7.7124857954773376e-02  1.2740780474595481e+00  3.537554e-01  7.239938e+00  8.640763e+00  9.553853e+01  2.082522e+02  1.653339e+03  2.969832e+01  2.256644e+03  8.1234313581860476e+01
      2490  6.2250000000002732e+00  7.6806489365854713e-02  1.2728517144391143e+00  3.593509e-01  7.236177e+00  8.772520e+00  9.558931e+01  2.111710e+02  1.658256e+03  2.942988e+01  2.216861e+03  8.1116444259709439e+01
      2500  6.2500000000002771e+00  7.6488442265969320e-02  1.2715066571688032e+00  3.647770e-01  7.231754e+00  8.897842e+00  9.561648e+01  2.138933e+02  1.662370e+03  2.916740e+01  2.178200e+03  8.0985961827899303e+01
      2510  6.2750000000002810e+00  7.6170745950765964e-02  1.2700459603513492e+00  3.700440e-01  7.226701e+00  9.017001e+00  9.562107e+01  2.164267e+02  1.665711e+03  2.891110e+01  2.140700e+03  8.0843459495442886e+01
      2520  6.3000000000002849e+00  7.5853428943745041e-02  1.2684727148093251e+00  3.751617e-01  7.221048e+00  9.130275e+00  9.560417e+01  2.187793e+02  1.668314e+03  2.866124e+01  2.104397e+03  8.0689527981740582e+01
      2530  6.3250000000002888e+00  7.5536518995968915e-02  1.2667900076688734e+00  3.801400e-01  7.214829e+00  9.237946e+00  9.556690e+01  2.209596e+02  1.670213e+03  2.841803e+01  2.069326e+03  8.0524753666399761e+01
      2540  6.3500000000002927e+00  7.5220043088150168e-02  1.2650009131419844e+00  3.849884e-01  7.208075e+00  9.340298e+00  9.551040e+01  2.229761e+02  1.671446e+03  2.818170e+01  2.035519e+03  8.0349716778925313e+01
      2550  6.3750000000002967e+00  7.4904027434965742e-02  1.2631084839344227e+00  3.897162e-01  7.200820e+00  9.437611e+00  9.543584e+01  2.248376e+02  1.672052e+03  2.795244e+01  2.003006e+03  8.0164989644789671e+01
      2560  6.4000000000003006e+00  7.4588497491445138e-02  1.2611157432996278e+00  3.943325e-01  7.193094e+00  9.530166e+00  9.534438e+01  2.265528e+02  1.672068e+03  2.773045e+01  1.971811e+03  7.9971135004115126e+01
      2570  6.4250000000003045e+00  7.4273477961252526e-02  1.2590256777518554e+00  3.988461e-01  7.184929e+00  9.618238e+00  9.523716e+01  2.281305e+02  1.671536e+03  2.751588e+01  1.941956e+03  7.9768704418387728e+01
      2580  6.4500000000003084e+00  7.3958992806717139e-02  1.2568412304453411e+00  4.032654e-01  7.176355e+00  9.702094e+00  9.511532e+01  2.295794e+02  1.670492e+03  2.730890e+01  1.913457e+03  7.9558236779363256e+01
      2590  6.4750000000003123e+00  7.3645065260428577e-02  1.2545652952201412e+00  4.075985e-01  7.167400e+00  9.781999e+00  9.497996e+01  2.309078e+02  1.668975e+03  2.710964e+01  1.886328e+03  7.9340256932657582e+01
      2600  6.5000000000003162e+00  7.3331717838242119e-02  1.2522007113092015e+00  4.118533e-01  7.158094e+00  9.858204e+00  9.483215e+01  2.321242e+02  1.667024e+03  2.691820e+01  1.860575e+03  7.9115274426551679e+01
      2610  6.5250000000003201e+00  7.3018972353523698e-02  1.2497502586962070e+00  4.160370e-01  7.148462e+00  9.930954e+00  9.467292e+01  2.332364e+02  1.664672e+03  2.673467e+01  1.836203e+03  7.8883782394368097e+01
      2620  6.5500000000003240e+00  7.2706849932475046e-02  1.2472166541086538e+00  4.201567e-01  7.138529e+00  1.000048e+01  9.450326e+01  2.342521e+02  1.661956e+03  2.655911e+01  1.813209e+03  7.8646256576436343e+01
      2630  6.5750000000003279e+00  7.2395371030384154e-02  1.2446025476266025e+00  4.242192e-01  7.128321e+00  1.006701e+01  9.432410e+01  2.351787e+02  1.658907e+03  2.639155e+01  1.791587e+03  7.8403154485315824e+01
      2640  6.6000000000003318e+00  7.2084555448650833e-02  1.2419105198839859e+00  4.282305e-01  7.117860e+00  1.013075e+01  9.413633e+01  2.360231e+02  1.655557e+03  2.623200e+01  1.771326e+03  7.8154914715586955e+01
      2650  6.6250000000003357e+00  7.1774422352435086e-02  1.2391430798361649e+00  4.321967e-01  7.107166e+00  1.019190e+01  9.394078e+01  2.367919e+02  1.651936e+03  2.608045e+01  1.752410e+03  7.7901956397278340e+01
      2660  6.6500000000003396e+00  7.1464990288802072e-02  1.2363026630652747e+00  4.361233e-01  7.096260e+00  1.025065e+01  9.373822e+01  2.374911e+02  1.648070e+03  2.593684e+01  1.734821e+03  7.7644678789904646e+01
      2670  6.6750000000003435e+00  7.1156277205224078e-02  1.2333916305928478e+00  4.400153e-01  7.085159e+00  1.030716e+01  9.352937e+01  2.381265e+02  1.643985e+03  2.580111e+01  1.718532e+03  7.7383461012211811e+01
      2680  6.7000000000003475e+00  7.0848300468314987e-02  1.2304122681683254e+00  4.438776e-01  7.073879e+00  1.036161e+01  9.331490e+01  2.387034e+02  1.639703e+03  2.567315e+01  1.703517e+03  7.7118661901079037e+01
      2690  6.7250000000003514e+00  7.0541076882696896e-02  1.2273667860007416e+00  4.477146e-01  7.062437e+00  1.041413e+01  9.309540e+01  2.392265e+02  1.635247e+03  2.555283e+01  1.689743e+03  7.6850619991675757e+01
      2700  6.7500000000003553e+00  7.0234622709869923e-02  1.2242573189011097e+00  4.515304e-01  7.050845e+00  1.046487e+01  9.287141e+01  2.397003e+02  1.630634e+03  2.544001e+01  1.677173e+03  7.6579653609892304e+01
      2710  6.7750000000003592e+00  6.9928953687007273e-02  1.2210859268027630e+00  4.553286e-01  7.039115e+00  1.051395e+01  9.264342e+01  2.401287e+02  1.625883e+03  2.533449e+01  1.665770e+03  7.6306061067271401e+01
      2720  6.8000000000003631e+00  6.9624085045571521e-02  1.2178545956274098e+00  4.591125e-01  7.027258e+00  1.056148e+01  9.241187e+01  2.405153e+02  1.621009e+03  2.523607e+01  1.655489e+03  7.6030120948197464e+01
      2730  6.8250000000003670e+00  6.9320031529679083e-02  1.2145652384654282e+00  4.628853e-01  7.015283e+00  1.060755e+01  9.217713e+01  2.408633e+02  1.616025e+03  2.514453e+01  1.646284e+03  7.5752092478841348e+01
      2740  6.8500000000003709e+00  6.9016807414125136e-02  1.2112196970398781e+00  4.666496e-01  7.003197e+00  1.065227e+01  9.193952e+01  2.411755e+02  1.610942e+03  2.505959e+01  1.638108e+03  7.5472215967417185e+01
      2750  6.8750000000003748e+00  6.8714426522020866e-02  1.2078197434245213e+00  4.704079e-01  6.991008e+00  1.069571e+01  9.169932e+01  2.414541e+02  1.605770e+03  2.498098e+01  1.630908e+03  7.5190713305510513e+01
      2760  6.9000000000003787e+00  6.8412902241965043e-02  1.2043670819878614e+00  4.741621e-01  6.978720e+00  1.073793e+01  9.145675e+01  2.417013e+02  1.600518e+03  2.490842e+01  1.624630e+03  7.4907788520685301e+01
      2770  6.9250000000003826e+00  6.8112247544705323e-02  1.2008633515360125e+00  4.779142e-01  6.966338e+00  1.077901e+01  9.121200e+01  2.419189e+02  1.595192e+03  2.484156e+01  1.619218e+03  7.4623628371128319e+01
      2780  6.9500000000003865e+00  6.7812474999246614e-02  1.1973101276289131e+00  4.816655e-01  6.953864e+00  1.081898e+01  9.096519e+01  2.421082e+02  1.589797e+03  2.478009e+01  1.614615e+03  7.4338402973756615e+01
      2790  6.9750000000003904e+00  6.7513596788349742e-02  1.1937089250456738e+00  4.854173e-01  6.941299e+00  1.085789e+01  9.071641e+01  2.422703e+02  1.584336e+03  2.472364e+01  1.610759e+03  7.4052266457961764e+01
      2800  7.0000000000003944e+00  6.7215624723414552e-02  1.1900612003761066e+00  4.891706e-01  6.928647e+00  1.089578e+01  9.046574e+01  2.424062e+02  1.578813e+03  2.467185e+01  1.607590e+03  7.3765357637912189e+01
      2810  7.0250000000003983e+00  6.6918570258684626e-02  1.1863683547170432e+00  4.929259e-01  6.915905e+00  1.093267e+01  9.021318e+01  2.425164e+02  1.573229e+03  2.462434e+01  1.605046e+03  7.3477800697128430e+01
      2820  7.0500000000004022e+00  6.6622444504777611e-02  1.1826317364530770e+00  4.966838e-01  6.903073e+00  1.096859e+01  8.995871e+01  2.426014e+02  1.567583e+03  2.458072e+01  1.603062e+03  7.3189705879767260e+01
      2830  7.0750000000004061e+00  6.6327258241508924e-02  1.1788526441030891e+00  5.004443e-01  6.890150e+00  1.100355e+01  8.970231e+01  2.426615e+02  1.561876e+03  2.454059e+01  1.601576e+03  7.2901170183748192e+01
      2840  7.1000000000004100e+00  6.6033021929995356e-02  1.1750323292145737e+00  5.042075e-01  6.877133e+00  1.103756e+01  8.944388e+01  2.426965e+02  1.556105e+03  2.450355e+01  1.600521e+03  7.2612278051509890e+01
      2850  7.1250000000004139e+00  6.5739745724033322e-02  1.1711719992895218e+00  5.079728e-01  6.864020e+00  1.107062e+01  8.918335e+01  2.427065e+02  1.550268e+03  2.446919e+01  1.599835e+03  7.2323102054726348e+01
      2860  7.1500000000004178e+00  6.5447439480745426e-02  1.1672728207264613e+00  5.117398e-01  6.850808e+00  1.110275e+01  8.892060e+01  2.426912e+02  1.544362e+03  2.443710e+01  1.599453e+03  7.2033703569832795e+01
      2870  7.1750000000004217e+00  6.5156112770482527e-02  1.1633359217644432e+00  5.155077e-01  6.837492e+00  1.113393e+01  8.865548e+01  2.426503e+02  1.538384e+03  2.440687e+01  1.599310e+03  7.1744133441637757e+01
      2880  7.2000000000004256e+00  6.4865774886001495e-02  1.1593623954160257e+00  5.192753e-01  6.824069e+00  1.116415e+01  8.838786e+01  2.425833e+02  1.532329e+03  2.437809e+01  1.599345e+03  7.1454432632680877e+01
      2890  7.2250000000004295e+00  6.4576434850905085e-02  1.1553533023771851e+00  5.230414e-01  6.810534e+00  1.119342e+01  8.811757e+01  2.424897e+02  1.526192e+03  2.435035e+01  1.599495e+03  7.1164632856313233e+01
      2900  7.2500000000004334e+00  6.4288101427360758e-02  1.1513096739031146e+00  5.268045e-01  6.796884e+00  1.122170e+01  8.784444e+01  2.423689e+02  1.519970e+03  2.432326e+01  1.599700e+03  7.0874757191791687e+01
      2910  7.2750000000004373e+00  6.4000783123107016e-02  1.1472325146402018e+00  5.305627e-01  6.783114e+00  1.124900e+01  8.756830e+01  2.422204e+02  1.513657e+03  2.429642e+01  1.599900e+03  7.0584820679928228e+01
      2920  7.3000000000004412e+00  6.3714488197755020e-02  1.1431228054050502e+00  5.343143e-01  6.769219e+00  1.127529e+01  8.728896e+01  2.420433e+02  1.507249e+03  2.426945e+01  1.600039e+03  7.0294830898104919e+01
      2930  7.3250000000004452e+00  6.3429224668406489e-02  1.1389815059026125e+00  5.380569e-01  6.755196e+00  1.130056e+01  8.700625e+01  2.418371e+02  1.500739e+03  2.424199e+01  1.600061e+03  7.0004788513716193e+01
      2940  7.3500000000004491e+00  6.3145000314597646e-02  1.1348095573764065e+00  5.417882e-01  6.741040e+00  1.132477e+01  8.671997e+01  2.416012e+02  1.494123e+03  2.421366e+01  1.599913e+03  6.9714687815356854e+01
      2950  7.3750000000004530e+00  6.2861822682591065e-02  1.1306078851844736e+00  5.455055e-01  6.726748e+00  1.134791e+01  8.642996e+01  2.413347e+02  1.487397e+03  2.418412e+01  1.599545e+03  6.9424517221338547e+01
      2960  7.4000000000004569e+00  6.2579699089035323e-02  1.1263774012958325e+00  5.492060e-01  6.712315e+00  1.136996e+01  8.613604e+01  2.410370e+02  1.480554e+03  2.415305e+01  1.598909e+03  6.9134259765403996e+01
      2970  7.4250000000004608e+00  6.2298636624003423e-02  1.1221190067024880e+00  5.528867e-01  6.697739e+00  1.139088e+01  8.583805e+01  2.407076e+02  1.473592e+03  2.412011e+01  1.597960e+03  6.8843893559783169e+01
      2980  7.4500000000004647e+00  6.2018642153451493e-02  1.1178335937432786e+00  5.565443e-01  6.683018e+00  1.141066e+01  8.553583e+01  2.403457e+02  1.466505e+03  2.408502e+01  1.596656e+03  6.8553392236045582e+01
      2990  7.4750000000004686e+00  6.1739722321095612e-02  1.1135220483359738e+00  5.601754e-01  6.668148e+00  1.142927e+01  8.522924e+01  2.399508e+02  1.459289e+03  2.404748e+01  1.594958e+03  6.8262725364489967e+01
      3000  7.5000000000004725e+00  6.1461883549749269e-02  1.1091852521147467e+00  5.637764e-01  6.653128e+00  1.144666e+01  8.491815e+01  2.395224e+02  1.451942e+03  2.400723e+01  1.592828e+03  6.7971858853119656e+01
      3010  7.5250000000004764e+00  6.1185132042139288e-02  1.1048240844707216e+00  5.673435e-01  6.637957e+00  1.146283e+01  8.460243e+01  2.390600e+02  1.444460e+03  2.396403e+01  1.590236e+03  6.7680755327524523e+01
      3020  7.5500000000004803e+00  6.0909473781219262e-02  1.1004394244933406e+00  5.708728e-01  6.622634e+00  1.147773e+01  8.428199e+01  2.385631e+02  1.436840e+03  2.391764e+01  1.587151e+03  6.7389374493278467e+01
      3030  7.5750000000004842e+00  6.0634914530013448e-02  1.0960321528109087e+00  5.743601e-01  6.607160e+00  1.149135e+01  8.395673e+01  2.380314e+02  1.429080e+03  2.386786e+01  1.583546e+03  6.7097673482686446e+01
      3040  7.6000000000004881e+00  6.0361459831012682e-02  1.0916031533288302e+00  5.778011e-01  6.591533e+00  1.150364e+01  8.362658e+01  2.374645e+02  1.421179e+03  2.381450e+01  1.579399e+03  6.6805607187950315e+01
      3050  7.6250000000004921e+00  6.0089115005149428e-02  1.0871533148638841e+00  5.811914e-01  6.575757e+00  1.151458e+01  8.329150e+01  2.368621e+02  1.413136e+03  2.375738e+01  1.574691e+03  6.6513128582981551e+01
      3060  7.6500000000004960e+00  5.9817885150374048e-02  1.0826835326735822e+00  5.845266e-01  6.559831e+00  1.152413e+01  8.295143e+01  2.362241e+02  1.404949e+03  2.369636e+01  1.569404e+03  6.6220189036247007e+01
      3070  7.6750000000004999e+00  5.9547775139869107e-02  1.0781947098790541e+00  5.878019e-01  6.543759e+00  1.153227e+01  8.260637e+01  2.355503e+02  1.396620e+03  2.363131e+01  1.563526e+03  6.5926738617109180e+01
      3080  7.7000000000005038e+00  5.9278789619910954e-02  1.0736877587804095e+00  5.910127e-01  6.527544e+00  1.153897e+01  8.225631e+01  2.348406e+02  1.388148e+03  2.356211e+01  1.557046e+03  6.5632726398181717e+01
      3090  7.7250000000005077e+00  5.9010933007428532e-02  1.0691636020630850e+00  5.941541e-01  6.511188e+00  1.154420e+01  8.190125e+01  2.340950e+02  1.379534e+03  2.348867e+01  1.549958e+03  6.5338100756213265e+01
      3100  7.7500000000005116e+00  5.8744209487260383e-02  1.0646231738940195e+00  5.972213e-01  6.494696e+00  1.154792e+01  8.154125e+01  2.333136e+02  1.370780e+03  2.341092e+01  1.542259e+03  6.5042809673954721e+01
      3110  7.7750000000005155e+00  5.8478623009167258e-02  1.0600674209059511e+00  6.002093e-01  6.478072e+00  1.155011e+01  8.117633e+01  2.324963e+02  1.361888e+03  2.332881e+01  1.533946e+03  6.4746801045377737e+01
      3120  7.8000000000005194e+00  5.8214177284597136e-02  1.0554973030683814e+00  6.031133e-01  6.461320e+00  1.155074e+01  8.080657e+01  2.316435e+02  1.352860e+03  2.324229e+01  1.525023e+03  6.4450022986442463e+01
      3130  7.8250000000005233e+00  5.7950875783259304e-02  1.0509137944435882e+00  6.059282e-01  6.444447e+00  1.154979e+01  8.043205e+01  2.307553e+02  1.343700e+03  2.315136e+01  1.515494e+03  6.4152424153441146e+01
      3140  7.8500000000005272e+00  5.7688721729516737e-02  1.0463178838256779e+00  6.086491e-01  6.427458e+00  1.154722e+01  8.005285e+01  2.298320e+02  1.334411e+03  2.305601e+01  1.505367e+03  6.3853954070669488e+01
      3150  7.8750000000005311e+00  5.7427718098636053e-02  1.0417105752611111e+00  6.112712e-01  6.410359e+00  1.154301e+01  7.966909e+01  2.288740e+02  1.324996e+03  2.295625e+01  1.494650e+03  6.3554563468931931e+01
      3160  7.9000000000005350e+00  5.7167867612922668e-02  1.0370928884483943e+00  6.137895e-01  6.393155e+00  1.153713e+01  7.928089e+01  2.278816e+02  1.315461e+03  2.285212e+01  1.483357e+03  6.3254204636029414e+01
      3170  7.9250000000005389e+00  5.6909172737770276e-02  1.0324658590153406e+00  6.161992e-01  6.375854e+00  1.152957e+01  7.888838e+01  2.268552e+02  1.305808e+03  2.274366e+01  1.471502e+03  6.2952831780055966e+01
      3180  7.9500000000005429e+00  5.6651635677656603e-02  1.0278305386715725e+00  6.184957e-01  6.358463e+00  1.152030e+01  7.849169e+01  2.257954e+02  1.296045e+03  2.263094e+01  1.459101e+03  6.2650401405918515e+01
      3190  7.9750000000005468e+00  5.6395258372119880e-02  1.0231879952345753e+00  6.206744e-01  6.340987e+00  1.150929e+01  7.809100e+01  2.247027e+02  1.286175e+03  2.251403e+01  1.446172e+03  6.2346872705108183e+01
      3200  8.0000000000005507e+00  5.6140042491736847e-02  1.0185393125272615e+00  6.227307e-01  6.323435e+00  1.149655e+01  7.768645e+01  2.235777e+02  1.276204e+03  2.239302e+01  1.432735e+03  6.2042207958318869e+01
      3210  8.0250000000005457e+00  5.5885989434155320e-02  1.0138855901454347e+00  6.246604e-01  6.305813e+00  1.148203e+01  7.727823e+01  2.224209e+02  1.266138e+03  2.226800e+01  1.418811e+03  6.1736372950072912e+01
      3220  8.0500000000005407e+00  5.5633100320186368e-02  1.0092279430934865e+00  6.264593e-01  6.288128e+00  1.146574e+01  7.686649e+01  2.212331e+02  1.255982e+03  2.213909e+01  1.404424e+03  6.1429337394089075e+01
      3230  8.0750000000005357e+00  5.5381375990018265e-02  1.0045675012871278e+00  6.281233e-01  6.270388e+00  1.144765e+01  7.645144e+01  2.200150e+02  1.245744e+03  2.200641e+01  1.389596e+03  6.1121075367687411e+01
      3240  8.1000000000005308e+00  5.5130816999559629e-02  9.9990540892208557e-01  6.296487e-01  6.252599e+00  1.142776e+01  7.603325e+01  2.187671e+02  1.235428e+03  2.187009e+01  1.374353e+03  6.0811565753120554e+01
      3250  8.1250000000005258e+00  5.4881423616966366e-02  9.9524282370797090e-01  6.310320e-01  6.234769e+00  1.140605e+01  7.561211e+01  2.174904e+02  1.225041e+03  2.173026e+01  1.358720e+03  6.0500792683317471e+01
      3260  8.1500000000005208e+00  5.4633195819371622e-02  9.9058091596720688e-01  6.322696e-01  6.216904e+00  1.138253e+01  7.518822e+01  2.161855e+02  1.214590e+03  2.158707e+01  1.342724e+03  6.0188745989168893e+01
      3270  8.1750000000005159e+00  5.4386133289858953e-02  9.8592086759909603e-01  6.333587e-01  6.199012e+00  1.135718e+01  7.476178e+01  2.148533e+02  1.204080e+03  2.144067e+01  1.326391e+03  5.9875421645154120e+01
      3280  8.2000000000005109e+00  5.4140235414712461e-02  9.8126387090951794e-01  6.342962e-01  6.181099e+00  1.133000e+01  7.433297e+01  2.134946e+02  1.193519e+03  2.129122e+01  1.309748e+03  5.9560822209816934e+01
      3290  8.2250000000005059e+00  5.3895501280975651e-02  9.7661112730760835e-01  6.350795e-01  6.163171e+00  1.130098e+01  7.390201e+01  2.121101e+02  1.182912e+03  2.113887e+01  1.292822e+03  5.9244957257367780e+01
      3300  8.2500000000005009e+00  5.3651929674352991e-02  9.7196384587089246e-01  6.357065e-01  6.145235e+00  1.127014e+01  7.346907e+01  2.107008e+02  1.172265e+03  2.098379e+01  1.275640e+03  5.8927843796499801e+01
      3310  8.2750000000004960e+00  5.3409519077481218e-02  9.6732324178128226e-01  6.361750e-01  6.127298e+00  1.123748e+01  7.303435e+01  2.092674e+02  1.161585e+03  2.082613e+01  1.258231e+03  5.8609506672366308e+01
      3320  8.3000000000004910e+00  5.3168267668619332e-02  9.6269053463459764e-01  6.364834e-01  6.109366e+00  1.120299e+01  7.259805e+01  2.078109e+02  1.150878e+03  2.066607e+01  1.240619e+03  5.8289978947595159e+01
      3330  8.3250000000004860e+00  5.2928173320762523e-02  9.5806694662721026e-01  6.366302e-01  6.091444e+00  1.116670e+01  7.216035e+01  2.063320e+02  1.140149e+03  2.050378e+01  1.222832e+03  5.7969302258190986e+01
      3340  8.3500000000004810e+00  5.2689233601236299e-02  9.5345370062361723e-01  6.366144e-01  6.073538e+00  1.112860e+01  7.172144e+01  2.048316e+02  1.129405e+03  2.033940e+01  1.204895e+03  5.7647527140194448e+01
      3350  8.3750000000004761e+00  5.2451445771778293e-02  9.4885201810972908e-01  6.364352e-01  6.055655e+00  1.108871e+01  7.128151e+01  2.033106e+02  1.118650e+03  2.017312e+01  1.186833e+03  5.7324713323052308e+01
      3360  8.4000000000004711e+00  5.2214806789154154e-02  9.4426311703697086e-01  6.360922e-01  6.037800e+00  1.104705e+01  7.084072e+01  2.017699e+02  1.107891e+03  2.000509e+01  1.168672e+03  5.7000929985776089e+01
      3370  8.4250000000004661e+00  5.1979313306319455e-02  9.3968820956301569e-01  6.355852e-01  6.019979e+00  1.100364e+01  7.039925e+01  2.002102e+02  1.097132e+03  1.983546e+01  1.150433e+03  5.6676255972115499e+01
      3380  8.4500000000004611e+00  5.1744961674159616e-02  9.3512849969551226e-01  6.349146e-01  6.002198e+00  1.095848e+01  6.995728e+01  1.986324e+02  1.086379e+03  1.966440e+01  1.132140e+03  5.6350779961191016e+01
      3390  8.4750000000004562e+00  5.1511747943834230e-02  9.3058518084563369e-01  6.340809e-01  5.984462e+00  1.091161e+01  6.951496e+01  1.970373e+02  1.075636e+03  1.949205e+01  1.113814e+03  5.6024600590236560e+01
      3400  8.5000000000004512e+00  5.1279667869737658e-02  9.2605943329910889e-01  6.330850e-01  5.966777e+00  1.086304e+01  6.907246e+01  1.954258e+02  1.064907e+03  1.931856e+01  1.095477e+03  5.5697826526368630e+01
      3410  8.5250000000004462e+00  5.1048716913106237e-02  9.2155242161254747e-01  6.319284e-01  5.949150e+00  1.081281e+01  6.862994e+01  1.937987e+02  1.054198e+03  1.914406e+01  1.077147e+03  5.5370576484553546e+01
      3420  8.5500000000004412e+00  5.0818890246281126e-02  9.1706529194361508e-01  6.306125e-01  5.931584e+00  1.076094e+01  6.818754e+01  1.921567e+02  1.043513e+03  1.896870e+01  1.058842e+03  5.5042979189241947e+01
      3430  8.5750000000004363e+00  5.0590182757649621e-02  9.1259916932427210e-01  6.291394e-01  5.914088e+00  1.070747e+01  6.774541e+01  1.905006e+02  1.032854e+03  1.879260e+01  1.040580e+03  5.4715173277405768e+01
      3440  8.6000000000004313e+00  5.0362589057270812e-02  9.0815515488650422e-01  6.275115e-01  5.896668e+00  1.065242e+01  6.730371e+01  1.888314e+02  1.022226e+03  1.861589e+01  1.022378e+03  5.4387307141032053e+01
      3450  8.6250000000004263e+00  5.0136103483201647e-02  9.0373432305068102e-01  6.257313e-01  5.879329e+00  1.059583e+01  6.686256e+01  1.871496e+02  1.011633e+03  1.843867e+01  1.004249e+03  5.4059538707405039e+01
      3460  8.6500000000004214e+00  4.9910720108529052e-02  8.9933771868712931e-01  6.238019e-01  5.862078e+00  1.053774e+01  6.642212e+01  1.854561e+02  1.001078e+03  1.826107e+01  9.862070e+02  5.3732035155810991e+01
      3470  8.6750000000004164e+00  4.9686432749114204e-02  8.9496635426221027e-01  6.217266e-01  5.844924e+00  1.047819e+01  6.598251e+01  1.837516e+02  9.905641e+02  1.808318e+01  9.682650e+02  5.3404972569603387e+01
      3480  8.7000000000004114e+00  4.9463234972050220e-02  8.9062120698030522e-01  6.195092e-01  5.827873e+00  1.041722e+01  6.554388e+01  1.820369e+02  9.800939e+02  1.790510e+01  9.504342e+02  5.3078535522854352e+01
      3490  8.7250000000004064e+00  4.9241120104833877e-02  8.8630321593420303e-01  6.171536e-01  5.810934e+00  1.035488e+01  6.510635e+01  1.803127e+02  9.696704e+02  1.772693e+01  9.327245e+02  5.2752916601123275e+01
      3500  8.7500000000004015e+00  4.9020081245248232e-02  8.8201327927639550e-01  6.146640e-01  5.794114e+00  1.029122e+01  6.467008e+01  1.785798e+02  9.592963e+02  1.754875e+01  9.151452e+02  5.2428315856176710e+01
      3510  8.7750000000003965e+00  4.8800111271946590e-02  8.7775225142470281e-01  6.120451e-01  5.777423e+00  1.022629e+01  6.423518e+01  1.768389e+02  9.489742e+02  1.737064e+01  8.977043e+02  5.2104940194816507e+01
      3520  8.8000000000003915e+00  4.8581202855731753e-02  8.7352094031595318e-01  6.093018e-01  5.760869e+00  1.016015e+01  6.380182e+01  1.750909e+02  9.387065e+02  1.719268e+01  8.804088e+02  5.1783002702288741e+01
      3530  8.8250000000003865e+00  4.8363348471512413e-02  8.6932010472206134e-01  6.064393e-01  5.744464e+00  1.009284e+01  6.337011e+01  1.733363e+02  9.284956e+02  1.701492e+01  8.632649e+02  5.1462721901095207e+01
      3540  8.8500000000003816e+00  4.8146540410922818e-02  8.6515045164340720e-01  6.034629e-01  5.728217e+00  1.002443e+01  6.294022e+01  1.715761e+02  9.183437e+02  1.683745e+01  8.462777e+02  5.1144320946406133e+01
      3550  8.8750000000003766e+00  4.7930770795578836e-02  8.6101263379472792e-01  6.003784e-01  5.712140e+00  9.954981e+00  6.251230e+01  1.698110e+02  9.082530e+02  1.666032e+01  8.294517e+02  5.0828026759648154e+01
      3560  8.9000000000003716e+00  4.7716031590957352e-02  8.5690724719930045e-01  5.971916e-01  5.696243e+00  9.884562e+00  6.208649e+01  1.680417e+02  8.982258e+02  1.648359e+01  8.127905e+02  5.0514069102289866e+01
      3570  8.9250000000003666e+00  4.7502314620853275e-02  8.5283482890753737e-01  5.939088e-01  5.680539e+00  9.813239e+00  6.166297e+01  1.662692e+02  8.882642e+02  1.630731e+01  7.962971e+02  5.0202679592287510e+01
      3580  8.9500000000003617e+00  4.7289611582394322e-02  8.4879585485635500e-01  5.905362e-01  5.665041e+00  9.741085e+00  6.124191e+01  1.644943e+02  8.783706e+02  1.613154e+01  7.799738e+02  4.9894090666169916e+01
      3590  8.9750000000003567e+00  4.7077914061570872e-02  8.4479073788597336e-01  5.870804e-01  5.649762e+00  9.668174e+00  6.082348e+01  1.627178e+02  8.685471e+02  1.595632e+01  7.638224e+02  4.9588534490272352e+01
      3600  9.0000000000003517e+00  4.6867213549241143e-02  8.4081982593083904e-01  5.835482e-01  5.634715e+00  9.594583e+00  6.040788e+01  1.609407e+02  8.587961e+02  1.578172e+01  7.478443e+02  4.9286241825211832e+01
      3610  9.0250000000003467e+00  4.6657501457562006e-02  8.3688340040136555e-01  5.799462e-01  5.619915e+00  9.520394e+00  5.999530e+01  1.591639e+02  8.491202e+02  1.560778e+01  7.320405e+02  4.8987440848316972e+01
      3620  9.0500000000003418e+00  4.6448769136802723e-02  8.3298167477289464e-01  5.762816e-01  5.605376e+00  9.445690e+00  5.958596e+01  1.573884e+02  8.395218e+02  1.543456e+01  7.164117e+02  4.8692355939378018e+01
      3630  9.0750000000003368e+00  4.6241007892480770e-02  8.2911479339826311e-01  5.725614e-01  5.591113e+00  9.370559e+00  5.918007e+01  1.556153e+02  8.300036e+02  1.526210e+01  7.009585e+02  4.8401206435771336e+01
      3640  9.1000000000003318e+00  4.6034209002766599e-02  8.2528283055925622e-01  5.687928e-01  5.577140e+00  9.295090e+00  5.877786e+01  1.538455e+02  8.205686e+02  1.509048e+01  6.856813e+02  4.8114205363718312e+01
      3650  9.1250000000003268e+00  4.5828363736094543e-02  8.2148578977218800e-01  5.649831e-01  5.563475e+00  9.219374e+00  5.837959e+01  1.520804e+02  8.112198e+02  1.491976e+01  6.705804e+02  4.7831558153156507e+01
      3660  9.1500000000003219e+00  4.5623463368911370e-02  8.1772360336127403e-01  5.611394e-01  5.550131e+00  9.143508e+00  5.798550e+01  1.503209e+02  8.019605e+02  1.474999e+01  6.556565e+02  4.7553461344434183e+01
      3670  9.1750000000003169e+00  4.5419499203500954e-02  8.1399613231272583e-01  5.572691e-01  5.537123e+00  9.067588e+00  5.759587e+01  1.485685e+02  7.927942e+02  1.458127e+01  6.409101e+02  4.7280101295726610e+01
      3680  9.2000000000003119e+00  4.5216462585804827e-02  8.1030316642087485e-01  5.533795e-01  5.524469e+00  8.991713e+00  5.721097e+01  1.468245e+02  7.837246e+02  1.441367e+01  6.263422e+02  4.7011652900773271e+01
      3690  9.2250000000003070e+00  4.5014344923172439e-02  8.0664442473610409e-01  5.494780e-01  5.512181e+00  8.915986e+00  5.683108e+01  1.450901e+02  7.747558e+02  1.424729e+01  6.119539e+02  4.6748278327142756e+01
      3700  9.2500000000003020e+00  4.4813137701956655e-02  8.0301955632237199e-01  5.455716e-01  5.500276e+00  8.840510e+00  5.645652e+01  1.433668e+02  7.658920e+02  1.408221e+01  5.977470e+02  4.6490125785815437e+01
      3710  9.2750000000002970e+00  4.4612832504885964e-02  7.9942814133028695e-01  5.416676e-01  5.488766e+00  8.765390e+00  5.608758e+01  1.416561e+02  7.571377e+02  1.391857e+01  5.837236e+02  4.6237328343331086e+01
      3720  9.3000000000002920e+00  4.4413421028122929e-02  7.9586969238902272e-01  5.377731e-01  5.477666e+00  8.690730e+00  5.572458e+01  1.399597e+02  7.484978e+02  1.375646e+01  5.698866e+02  4.5990002788131122e+01
      3730  9.3250000000002871e+00  4.4214895097938869e-02  7.9234365631824577e-01  5.338950e-01  5.466989e+00  8.616639e+00  5.536785e+01  1.382790e+02  7.399773e+02  1.359603e+01  5.562392e+02  4.5748248562956931e+01
      3740  9.3500000000002821e+00  4.4017246686919864e-02  7.8884941615834492e-01  5.300401e-01  5.456745e+00  8.543224e+00  5.501770e+01  1.366159e+02  7.315818e+02  1.343741e+01  5.427856e+02  4.5512146775267958e+01
      3750  9.3750000000002771e+00  4.3820467929622617e-02  7.8538629351455858e-01  5.262152e-01  5.446946e+00  8.470591e+00  5.467448e+01  1.349720e+02  7.233167e+02  1.328077e+01  5.295308e+02  4.5281759297566353e+01
      3760  9.4000000000002721e+00  4.3624551137611510e-02  7.8195355120771226e-01  5.224267e-01  5.437602e+00  8.398849e+00  5.433851e+01  1.333492e+02  7.151882e+02  1.312625e+01  5.164803e+02  4.5057127969279946e+01
      3770  9.4250000000002672e+00  4.3429488813789531e-02  7.7855039622132116e-01  5.186809e-01  5.428721e+00  8.328104e+00  5.401013e+01  1.317493e+02  7.072023e+02  1.297404e+01  5.036408e+02  4.4838273911404805e+01
      3780  9.4500000000002622e+00  4.3235273665962470e-02  7.7517598293182877e-01  5.149839e-01  5.420310e+00  8.258460e+00  5.368966e+01  1.301742e+02  6.993654e+02  1.282432e+01  4.910196e+02  4.4625196964487223e+01
      3790  9.4750000000002572e+00  4.3041898619557012e-02  7.7182941660592153e-01  5.113417e-01  5.412373e+00  8.190021e+00  5.337743e+01  1.286258e+02  6.916843e+02  1.267727e+01  4.786250e+02  4.4417875259674744e+01
      3800  9.5000000000002522e+00  4.2849356829435602e-02  7.6850975714587366e-01  5.077599e-01  5.404915e+00  8.122890e+00  5.307376e+01  1.271062e+02  6.841657e+02  1.253311e+01  4.664661e+02  4.4216264931537523e+01
      3810  9.5250000000002473e+00  4.2657641690746831e-02  7.6521602306127268e-01  5.042437e-01  5.397938e+00  8.057165e+00  5.277894e+01  1.256173e+02  6.768166e+02  1.239203e+01  4.545529e+02  4.4020299980118637e+01
      3820  9.5500000000002423e+00  4.2466746848755781e-02  7.6194719564287328e-01  5.007984e-01  5.391442e+00  7.992942e+00  5.249327e+01  1.241611e+02  6.696440e+02  1.225424e+01  4.428961e+02  4.3829892288253220e+01
      3830  9.5750000000002373e+00  4.2276666207605340e-02  7.5870222331197779e-01  4.974288e-01  5.385424e+00  7.930314e+00  5.221702e+01  1.227396e+02  6.626553e+02  1.211995e+01  4.315070e+02  4.3644931798606024e+01
      3840  9.6000000000002323e+00  4.2087393937980125e-02  7.5548002611677467e-01  4.941394e-01  5.379882e+00  7.869369e+00  5.195047e+01  1.213548e+02  6.558575e+02  1.198937e+01  4.203976e+02  4.3465286853139574e+01
      3850  9.6250000000002274e+00  4.1898924483620870e-02  7.5227950034520807e-01  4.909345e-01  5.374809e+00  7.810191e+00  5.169384e+01  1.200088e+02  6.492578e+02  1.186272e+01  4.095805e+02  4.3290804695857815e+01
      3860  9.6500000000002224e+00  4.1711252566680034e-02  7.4909952322263762e-01  4.878179e-01  5.370198e+00  7.752861e+00  5.144735e+01  1.187034e+02  6.428635e+02  1.174019e+01  3.990684e+02  4.3121312137727358e+01
      3870  9.6750000000002174e+00  4.1524373191895683e-02  7.4593895766148333e-01  4.847932e-01  5.366039e+00  7.697451e+00  5.121119e+01  1.174406e+02  6.366815e+02  1.162199e+01  3.888744e+02  4.2956616380650793e+01
      3880  9.7000000000002125e+00  4.1338281649572164e-02  7.4279665702938691e-01  4.818638e-01  5.362321e+00  7.644030e+00  5.098553e+01  1.162222e+02  6.307188e+02  1.150828e+01  3.790114e+02  4.2796505995346450e+01
      3890  9.7250000000002075e+00  4.1152973517372189e-02  7.3967146990221200e-01  4.790325e-01  5.359029e+00  7.592659e+00  5.077049e+01  1.150499e+02  6.249819e+02  1.139925e+01  3.694923e+02  4.2640752045963396e+01
      3900  9.7500000000002025e+00  4.0968444660926973e-02  7.3656224476850984e-01  4.763020e-01  5.356149e+00  7.543395e+00  5.056617e+01  1.139256e+02  6.194772e+02  1.129505e+01  3.603295e+02  4.2489109352305583e+01
      3910  9.7750000000001975e+00  4.0784691233275168e-02  7.3346783465246146e-01  4.736744e-01  5.353663e+00  7.496286e+00  5.037264e+01  1.128506e+02  6.142108e+02  1.119581e+01  3.515349e+02  4.2341317878669301e+01
      3920  9.8000000000001926e+00  4.0601709673165919e-02  7.3038710162363552e-01  4.711517e-01  5.351551e+00  7.451372e+00  5.018993e+01  1.118266e+02  6.091881e+02  1.110166e+01  3.431193e+02  4.2197104236586064e+01
      3930  9.8250000000001876e+00  4.0419496702245095e-02  7.2731892116303709e-01  4.687353e-01  5.349793e+00  7.408687e+00  5.001804e+01  1.108548e+02  6.044143e+02  1.101267e+01  3.350926e+02  4.2056183287194166e+01
      3940  9.8500000000001826e+00  4.0238049321176542e-02  7.2426218635696604e-01  4.664265e-01  5.348366e+00  7.368256e+00  4.985691e+01  1.099363e+02  5.998939e+02  1.092892e+01  3.274634e+02  4.1918259827626287e+01
      3950  9.8750000000001776e+00  4.0057364804735859e-02  7.2121581189220096e-01  4.642261e-01  5.347247e+00  7.330096e+00  4.970646e+01  1.090723e+02  5.956309e+02  1.085044e+01  3.202387e+02  4.1783030344689436e+01
      3960  9.9000000000001727e+00  3.9877440695935185e-02  7.1817873782848740e-01  4.621345e-01  5.346411e+00  7.294216e+00  4.956656e+01  1.082634e+02  5.916284e+02  1.077725e+01  3.134238e+02  4.1650184818257983e+01
      3970  9.9250000000001677e+00  3.9698274799231499e-02  7.1514993312708008e-01  4.601518e-01  5.345831e+00  7.260613e+00  4.943704e+01  1.075104e+02  5.878890e+02  1.070933e+01  3.070221e+02  4.1519408556239220e+01
      3980  9.9500000000001627e+00  3.9519865172888233e-02  7.1212839891691615e-01  4.582777e-01  5.345479e+00  7.229280e+00  4.931769e+01  1.068137e+02  5.844142e+02  1.064662e+01  3.010349e+02  4.1390384042678413e+01
      3990  9.9750000000001577e+00  3.9342210120553514e-02  7.0911317148319242e-01  4.565116e-01  5.345327e+00  7.200196e+00  4.920826e+01  1.061735e+02  5.812048e+02  1.058904e+01  2.954612e+02  4.1262792780601046e+01
      4000  1.0000000000000153e+01  3.9165308182127545e-02  7.0610332496612838e-01  4.548525e-01  5.345347e+00  7.173335e+00  4.910844e+01  1.055897e+02  5.782605e+02  1.053649e+01  2.902978e+02  4.1136317111484466e+01
