         0  0.0000000000000000e+00  1.2500000000000000e-01  3.7500000000000000e-01 -0.000000e+00  3.375000e+00 -0.000000e+00  1.562500e+01 -0.000000e+00  8.374023e+01  3.375000e+00  1.562500e+01  1.1250000000000000e+00
        10  2.4999999999999998e-02  1.2495313275519214e-01  3.7488379222815266e-01  1.325525e-02  3.375301e+00  1.325621e-01  1.563092e+01  1.087609e+00  8.381020e+01  3.373816e+00  1.561447e+01  1.1248465514827335e+00
        20  5.0000000000000010e-02  1.2490627702068742e-01  3.7481633538110831e-01  2.650555e-02  3.376203e+00  2.651325e-01  1.564868e+01  2.176405e+00  8.402014e+01  3.370280e+00  1.558304e+01  1.1252294098131606e+00
        30  7.5000000000000025e-02  1.2485942670920043e-01  3.7479752461678939e-01  3.975252e-02  3.377706e+00  3.977855e-01  1.567828e+01  3.268113e+00  8.437032e+01  3.364430e+00  1.553115e+01  1.1261483965805084e+00
        40  1.0000000000000005e-01  1.2481257574470633e-01  3.7482728250115316e-01  5.299777e-02  3.379810e+00  5.305947e-01  1.571972e+01  4.364454e+00  8.486135e+01  3.356328e+00  1.545947e+01  1.1276041851785368e+00
        50  1.2500000000000006e-01  1.2476571805904017e-01  3.7490555866897635e-01  6.624281e-02  3.382515e+00  6.636333e-01  1.577303e+01  5.467149e+00  8.549418e+01  3.346059e+00  1.536895e+01  1.1295982974434777e+00
        60  1.5000000000000008e-01  1.2471884758854075e-01  3.7503232946218090e-01  7.948906e-02  3.385822e+00  7.969735e-01  1.583824e+01  6.577915e+00  8.627006e+01  3.333728e+00  1.526076e+01  1.1321331018323626e+00
        70  1.7500000000000010e-01  1.2467195827074239e-01  3.7520759754619404e-01  9.273786e-02  3.389731e+00  9.306867e-01  1.591539e+01  7.698468e+00  8.719057e+01  3.319461e+00  1.513628e+01  1.1352118131412872e+00
        80  2.0000000000000012e-01  1.2462504404111732e-01  3.7543139150496685e-01  1.059904e-01  3.394244e+00  1.064843e+00  1.600454e+01  8.830524e+00  8.825759e+01  3.303401e+00  1.499707e+01  1.1388384937727927e+00
        90  2.2500000000000014e-01  1.2457809882987037e-01  3.7570376541545247e-01  1.192477e-01  3.399363e+00  1.199513e+00  1.610574e+01  9.975796e+00  8.947332e+01  3.285708e+00  1.484489e+01  1.1430180565713020e+00
       100  2.5000000000000017e-01  1.2453111655878804e-01  3.7602479840245512e-01  1.325106e-01  3.405087e+00  1.334762e+00  1.621906e+01  1.113600e+01  9.084026e+01  3.266558e+00  1.468163e+01  1.1477562692546457e+00
       110  2.7500000000000019e-01  1.2448409113814776e-01  3.7639459417490539e-01  1.457799e-01  3.411420e+00  1.470658e+00  1.634458e+01  1.231285e+01  9.236119e+01  3.246137e+00  1.450929e+01  1.1530597604787287e+00
       120  3.0000000000000021e-01  1.2443701646368327e-01  3.7681328054471347e-01  1.590560e-01  3.418362e+00  1.607266e+00  1.648238e+01  1.350804e+01  9.403918e+01  3.224645e+00  1.432999e+01  1.1589360275809619e+00
       130  3.2500000000000023e-01  1.2438988641361279e-01  3.7728100892944755e-01  1.723392e-01  3.425914e+00  1.744646e+00  1.663255e+01  1.472330e+01  9.587758e+01  3.202288e+00  1.414588e+01  1.1653934460565354e+00
       140  3.5000000000000026e-01  1.2434269484573114e-01  3.7779795384014941e-01  1.856296e-01  3.434078e+00  1.882861e+00  1.679517e+01  1.596032e+01  9.788001e+01  3.179279e+00  1.395920e+01  1.1724412808296683e+00
       150  3.7500000000000028e-01  1.2429543559456542e-01  3.7836431235569129e-01  1.989270e-01  3.442854e+00  2.021968e+00  1.697036e+01  1.722078e+01  1.000503e+02  3.155834e+00  1.377217e+01  1.1800896993898102e+00
       160  4.0000000000000030e-01  1.2424810246859762e-01  3.7898030358507062e-01  2.122308e-01  3.452243e+00  2.162021e+00  1.715819e+01  1.850638e+01  1.023926e+02  3.132174e+00  1.358704e+01  1.1883497868704476e+00
       170  4.2500000000000032e-01  1.2420068924755535e-01  3.7964616811910890e-01  2.255403e-01  3.462245e+00  2.303074e+00  1.735877e+01  1.981877e+01  1.049111e+02  3.108518e+00  1.340601e+01  1.1972335631554361e+00
       180  4.5000000000000034e-01  1.2415318967977000e-01  3.8036216747300494e-01  2.388545e-01  3.472860e+00  2.445174e+00  1.757219e+01  2.115961e+01  1.076104e+02  3.085083e+00  1.323126e+01  1.2067540021050143e+00
       190  4.7500000000000037e-01  1.2410559747960545e-01  3.8112858352117640e-01  2.521721e-01  3.484086e+00  2.588367e+00  1.779854e+01  2.253052e+01  1.104951e+02  3.062083e+00  1.306491e+01  1.2169250530005089e+00
       200  5.0000000000000033e-01  1.2405790632495688e-01  3.8194571792582716e-01  2.654914e-01  3.495923e+00  2.732695e+00  1.803791e+01  2.393309e+01  1.135701e+02  3.039727e+00  1.290899e+01  1.2277616643134972e+00
       210  5.2499999999999980e-01  1.2401010985482135e-01  3.8281389156058876e-01  2.788103e-01  3.508366e+00  2.878193e+00  1.829038e+01  2.536888e+01  1.168403e+02  3.018214e+00  1.276546e+01  1.2392798099115550e+00
       220  5.4999999999999927e-01  1.2396220166693918e-01  3.8373344393056480e-01  2.921267e-01  3.521413e+00  3.024895e+00  1.855602e+01  2.683941e+01  1.203108e+02  2.997739e+00  1.263621e+01  1.2514965178192510e+00
       230  5.7499999999999873e-01  1.2391417531550686e-01  3.8470473258999616e-01  3.054378e-01  3.535060e+00  3.172826e+00  1.883489e+01  2.834614e+01  1.239864e+02  2.978485e+00  1.252300e+01  1.2644299016587421e+00
       240  5.9999999999999820e-01  1.2386602430896479e-01  3.8572813255871002e-01  3.187406e-01  3.549300e+00  3.322009e+00  1.912704e+01  2.989048e+01  1.278725e+02  2.960624e+00  1.242750e+01  1.2780991949004759e+00
       250  6.2499999999999767e-01  1.2381774210785318e-01  3.8680403573836331e-01  3.320318e-01  3.564128e+00  3.472458e+00  1.943248e+01  3.147376e+01  1.319739e+02  2.944317e+00  1.235129e+01  1.2925247880598956e+00
       260  6.4999999999999714e-01  1.2376932212274304e-01  3.8793285032942171e-01  3.453077e-01  3.579534e+00  3.624183e+00  1.975125e+01  3.309723e+01  1.362957e+02  2.929713e+00  1.229580e+01  1.3077282689814422e+00
       270  6.7499999999999660e-01  1.2372075771223878e-01  3.8911500024963575e-01  3.585641e-01  3.595511e+00  3.777185e+00  2.008331e+01  3.476207e+01  1.408425e+02  2.916946e+00  1.226239e+01  1.3237324663560930e+00
       280  6.9999999999999607e-01  1.2367204218105202e-01  3.9035092455468773e-01  3.717966e-01  3.612047e+00  3.931460e+00  2.042865e+01  3.646932e+01  1.456191e+02  2.906138e+00  1.225230e+01  1.3405614966234549e+00
       290  7.2499999999999554e-01  1.2362316877814718e-01  3.9164107686146821e-01  3.850003e-01  3.629131e+00  4.086993e+00  2.078719e+01  3.821994e+01  1.506298e+02  2.897398e+00  1.226666e+01  1.3582408144135329e+00
       300  7.4999999999999500e-01  1.2357413069495983e-01  3.9298592477434369e-01  3.981702e-01  3.646747e+00  4.243763e+00  2.115886e+01  4.001472e+01  1.558785e+02  2.890818e+00  1.230650e+01  1.3767972666872335e+00
       310  7.7499999999999447e-01  1.2352492106368262e-01  3.9438594931456089e-01  4.113006e-01  3.664882e+00  4.401741e+00  2.154352e+01  4.185434e+01  1.613688e+02  2.886479e+00  1.237272e+01  1.3962591507377584e+00
       320  7.9999999999999394e-01  1.2347553295562641e-01  3.9584164435279129e-01  4.243856e-01  3.683517e+00  4.560886e+00  2.194101e+01  4.373930e+01  1.671038e+02  2.884444e+00  1.246616e+01  1.4166562762174919e+00
       330  8.2499999999999341e-01  1.2342595937964784e-01  3.9735351604464036e-01  4.374190e-01  3.702633e+00  4.721150e+00  2.235113e+01  4.566992e+01  1.730860e+02  2.884765e+00  1.258752e+01  1.4380200313568388e+00
       340  8.4999999999999287e-01  1.2337619328064914e-01  3.9892208226873466e-01  4.503941e-01  3.722211e+00  4.882473e+00  2.277365e+01  4.764634e+01  1.793173e+02  2.887477e+00  1.273742e+01  1.4603834535418354e+00
       350  8.7499999999999234e-01  1.2332622753814705e-01  4.0054787206687137e-01  4.633040e-01  3.742227e+00  5.044786e+00  2.320828e+01  4.966846e+01  1.857988e+02  2.892604e+00  1.291635e+01  1.4837813044168682e+00
       360  8.9999999999999181e-01  1.2327605496491022e-01  4.0223142508550652e-01  4.761412e-01  3.762657e+00  5.208008e+00  2.365469e+01  5.173599e+01  1.925306e+02  2.900155e+00  1.312471e+01  1.5082501496768590e+00
       370  9.2499999999999127e-01  1.2322566830567064e-01  4.0397329101767299e-01  4.888983e-01  3.783474e+00  5.372047e+00  2.411248e+01  5.384836e+01  1.995121e+02  2.910124e+00  1.336280e+01  1.5338284437091461e+00
       380  9.4999999999999074e-01  1.2317506023589658e-01  4.0577402904425353e-01  5.015672e-01  3.804649e+00  5.536800e+00  2.458122e+01  5.600476e+01  2.067415e+02  2.922494e+00  1.363080e+01  1.5605566192394549e+00
       390  9.7499999999999021e-01  1.2312422336064469e-01  4.0763420727341876e-01  5.141397e-01  3.826153e+00  5.702151e+00  2.506042e+01  5.820409e+01  2.142159e+02  2.937234e+00  1.392877e+01  1.5884771821279280e+00
       400  9.9999999999998967e-01  1.2307315021347512e-01  4.0955440217675326e-01  5.266073e-01  3.847953e+00  5.867974e+00  2.554952e+01  6.044495e+01  2.219310e+02  2.954302e+00  1.425665e+01  1.6176348114494643e+00
       410  1.0249999999999893e+00  1.2302183325544147e-01  4.1153519802059046e-01  5.389610e-01  3.870015e+00  6.034129e+00  2.604791e+01  6.272562e+01  2.298814e+02  2.973642e+00  1.461424e+01  1.6480764649779853e+00
       420  1.0499999999999887e+00  1.2297026487414997e-01  4.1357718629081658e-01  5.511918e-01  3.892302e+00  6.200464e+00  2.655491e+01  6.504409e+01  2.380600e+02  2.995190e+00  1.500122e+01  1.6798514901749022e+00
       430  1.0749999999999882e+00  1.2291843738289186e-01  4.1568096510935310e-01  5.632904e-01  3.914776e+00  6.366816e+00  2.706978e+01  6.739797e+01  2.464583e+02  3.018866e+00  1.541711e+01  1.7130117407586609e+00
       440  1.0999999999999877e+00  1.2286634301985010e-01  4.1784713864035011e-01  5.752472e-01  3.937399e+00  6.533008e+00  2.759172e+01  6.978455e+01  2.550663e+02  3.044584e+00  1.586130e+01  1.7476116989028574e+00
       450  1.1249999999999871e+00  1.2281397394738081e-01  4.2007631648408161e-01  5.870525e-01  3.960127e+00  6.698852e+00  2.811985e+01  7.220073e+01  2.638719e+02  3.072246e+00  1.633298e+01  1.7837086030751628e+00
       460  1.1499999999999866e+00  1.2276132225136929e-01  4.2236911305637409e-01  5.986963e-01  3.982919e+00  6.864149e+00  2.865323e+01  7.464307e+01  2.728615e+02  3.101744e+00  1.683121e+01  1.8213625814869208e+00
       470  1.1749999999999861e+00  1.2270837994066768e-01  4.2472614695142791e-01  6.101685e-01  4.005729e+00  7.028687e+00  2.919088e+01  7.710776e+01  2.820198e+02  3.132962e+00  1.735484e+01  1.8606367910724984e+00
       480  1.1999999999999855e+00  1.2265513894661212e-01  4.2714804028577924e-01  6.214590e-01  4.028511e+00  7.192244e+00  2.973171e+01  7.959060e+01  2.913293e+02  3.165775e+00  1.790256e+01  1.9015975618584628e+00
       490  1.2249999999999850e+00  1.2260159112262349e-01  4.2963541802113980e-01  6.325572e-01  4.051218e+00  7.354588e+00  3.027461e+01  8.208706e+01  3.007710e+02  3.200049e+00  1.847284e+01  1.9443145465127141e+00
       500  1.2499999999999845e+00  1.2254772824389365e-01  4.3218890726388015e-01  6.434529e-01  4.073802e+00  7.515475e+00  3.081838e+01  8.459221e+01  3.103237e+02  3.235646e+00  1.906397e+01  1.9888608747833967e+00
       510  1.2749999999999839e+00  1.2249354200716189e-01  4.3480913653894349e-01  6.541356e-01  4.096213e+00  7.674654e+00  3.136179e+01  8.710080e+01  3.199646e+02  3.272418e+00  1.967405e+01  2.0353133124444489e+00
       520  1.2999999999999834e+00  1.2243902403058286e-01  4.3749673503603737e-01  6.645946e-01  4.118401e+00  7.831867e+00  3.190355e+01  8.960724e+01  3.296688e+02  3.310214e+00  2.030096e+01  2.0837524242589831e+00
       530  1.3249999999999829e+00  1.2238416585369298e-01  4.4025233182604512e-01  6.748196e-01  4.140317e+00  7.986846e+00  3.244230e+01  9.210561e+01  3.394099e+02  3.348876e+00  2.094241e+01  2.1342627403510837e+00
       540  1.3499999999999823e+00  1.2232895893747137e-01  4.4307655504572074e-01  6.848001e-01  4.161908e+00  8.139320e+00  3.297668e+01  9.458975e+01  3.491599e+02  3.388242e+00  2.159589e+01  2.1869329252422336e+00
       550  1.3749999999999818e+00  1.2227339466451184e-01  4.4597003104894301e-01  6.945255e-01  4.183125e+00  8.289012e+00  3.350526e+01  9.705318e+01  3.588890e+02  3.428149e+00  2.225872e+01  2.2418559486571494e+00
       560  1.3999999999999813e+00  1.2221746433929846e-01  4.4893338352294465e-01  7.039857e-01  4.203916e+00  8.435643e+00  3.402659e+01  9.948923e+01  3.685663e+02  3.468427e+00  2.292806e+01  2.2991292570375554e+00
       570  1.4249999999999807e+00  1.2216115918859398e-01  4.5196723256821764e-01  7.131703e-01  4.224231e+00  8.578929e+00  3.453922e+01  1.018911e+02  3.781595e+02  3.508910e+00  2.360089e+01  2.3588549445192051e+00
       580  1.4499999999999802e+00  1.2210447036194977e-01  4.5507219374113062e-01  7.220694e-01  4.244021e+00  8.718589e+00  3.504167e+01  1.042516e+02  3.876354e+02  3.549427e+00  2.427406e+01  2.4211399219289702e+00
       590  1.4749999999999797e+00  1.2204738893233036e-01  4.5824887705855510e-01  7.306731e-01  4.263237e+00  8.854343e+00  3.553246e+01  1.065639e+02  3.969601e+02  3.589811e+00  2.494431e+01  2.4860960821455347e+00
       600  1.4999999999999791e+00  1.2198990589687234e-01  4.6149788596426505e-01  7.389716e-01  4.281833e+00  8.985913e+00  3.601012e+01  1.088207e+02  4.060992e+02  3.629894e+00  2.560830e+01  2.5538404599399089e+00
       610  1.5249999999999786e+00  1.2193201217776951e-01  4.6481981625728613e-01  7.469557e-01  4.299762e+00  9.113026e+00  3.647319e+01  1.110148e+02  4.150178e+02  3.669512e+00  2.626259e+01  2.6244953841750682e+00
       620  1.5499999999999781e+00  1.2187369862329855e-01  4.6821525498288313e-01  7.546161e-01  4.316981e+00  9.235414e+00  3.692025e+01  1.131393e+02  4.236814e+02  3.708506e+00  2.690376e+01  2.6981886199975982e+00
       630  1.5749999999999775e+00  1.2181495600898072e-01  4.7168477928742214e-01  7.619440e-01  4.333448e+00  9.352821e+00  3.734993e+01  1.151871e+02  4.320557e+02  3.746720e+00  2.752835e+01  2.7750534984055806e+00
       640  1.5999999999999770e+00  1.2175577503889255e-01  4.7522895523898800e-01  7.689309e-01  4.349124e+00  9.464997e+00  3.776087e+01  1.171516e+02  4.401071e+02  3.784007e+00  2.813297e+01  2.8552290303287720e+00
       650  1.6249999999999765e+00  1.2169614634712496e-01  4.7884833661625781e-01  7.755686e-01  4.363973e+00  9.571706e+00  3.815181e+01  1.190261e+02  4.478031e+02  3.820223e+00  2.871429e+01  2.9388600021174938e+00
       660  1.6499999999999759e+00  1.2163606049939464e-01  4.8254346366888323e-01  7.818493e-01  4.377961e+00  9.672725e+00  3.852154e+01  1.208046e+02  4.551124e+02  3.855237e+00  2.926911e+01  3.0260970491118018e+00
       670  1.6749999999999754e+00  1.2157550799481259e-01  4.8631486185343731e-01  7.877658e-01  4.391059e+00  9.767844e+00  3.886893e+01  1.224811e+02  4.620055e+02  3.888925e+00  2.979437e+01  3.1170967037621704e+00
       680  1.6999999999999749e+00  1.2151447926781189e-01  4.9016304054974086e-01  7.933109e-01  4.403240e+00  9.856871e+00  3.919297e+01  1.240502e+02  4.684549e+02  3.921174e+00  3.028722e+01  3.2120214146061512e+00
       690  1.7249999999999743e+00  1.2145296469023635e-01  4.9408849176327996e-01  7.984782e-01  4.414481e+00  9.939632e+00  3.949271e+01  1.255069e+02  4.744351e+02  3.951882e+00  3.074504e+01  3.3110395322835808e+00
       700  1.7499999999999738e+00  1.2139095457359347e-01  4.9809168882036214e-01  8.032615e-01  4.424764e+00  1.001597e+01  3.976735e+01  1.268469e+02  4.799236e+02  3.980961e+00  3.116545e+01  3.4143252587079962e+00
       710  1.7749999999999733e+00  1.2132843917146663e-01  5.0217308506352987e-01  8.076554e-01  4.434073e+00  1.008575e+01  4.001616e+01  1.280662e+02  4.849003e+02  4.008335e+00  3.154640e+01  3.5220585555145512e+00
       720  1.7999999999999727e+00  1.2126540868209476e-01  5.0633311255575153e-01  8.116546e-01  4.442400e+00  1.014886e+01  4.023857e+01  1.291616e+02  4.893482e+02  4.033940e+00  3.188616e+01  3.6344250079910667e+00
       730  1.8249999999999722e+00  1.2120185325110976e-01  5.1057218080274303e-01  8.152544e-01  4.449737e+00  1.020520e+01  4.043413e+01  1.301304e+02  4.932537e+02  4.057730e+00  3.218336e+01  3.7516156408767634e+00
       740  1.8499999999999717e+00  1.2113776297443281e-01  5.1489067550393153e-01  8.184508e-01  4.456085e+00  1.025471e+01  4.060252e+01  1.309707e+02  4.966064e+02  4.079671e+00  3.243698e+01  3.8738266826985281e+00
       750  1.8749999999999711e+00  1.2107312790132388e-01  5.1928895734321601e-01  8.212401e-01  4.461447e+00  1.029733e+01  4.074356e+01  1.316812e+02  4.993994e+02  4.099744e+00  3.264643e+01  4.0012592757151220e+00
       760  1.8999999999999706e+00  1.2100793803757953e-01  5.2376736083177311e-01  8.236189e-01  4.465831e+00  1.033303e+01  4.085721e+01  1.322611e+02  5.016293e+02  4.117948e+00  3.281152e+01  4.1341191290652581e+00
       770  1.9249999999999701e+00  1.2094218334887316e-01  5.2832619321581087e-01  8.255848e-01  4.469251e+00  1.036182e+01  4.094355e+01  1.327106e+02  5.032962e+02  4.134293e+00  3.293245e+01  4.2726161133706206e+00
       780  1.9499999999999695e+00  1.2087585376422524e-01  5.3296573346298548e-01  8.271353e-01  4.471726e+00  1.038371e+01  4.100284e+01  1.330304e+02  5.044038e+02  4.148810e+00  3.300987e+01  4.4169637958338352e+00
       790  1.9749999999999690e+00  1.2080893917959000e-01  5.3768623134178606e-01  8.282689e-01  4.473277e+00  1.039874e+01  4.103544e+01  1.332220e+02  5.049591e+02  4.161539e+00  3.304482e+01  4.5673789157913767e+00
       800  1.9999999999999685e+00  1.2074142946156408e-01  5.4248790660865387e-01  8.289841e-01  4.473934e+00  1.040697e+01  4.104185e+01  1.332872e+02  5.049728e+02  4.172539e+00  3.303878e+01  4.7240808017265090e+00
       810  2.0249999999999679e+00  1.2067331445117321e-01  5.4737094831806954e-01  8.292801e-01  4.473729e+00  1.040847e+01  4.102272e+01  1.332288e+02  5.044583e+02  4.181883e+00  3.299360e+01  4.8872907319099541e+00
       820  2.0499999999999674e+00  1.2060458396774693e-01  5.5233551427090011e-01  8.291565e-01  4.472699e+00  1.040335e+01  4.097882e+01  1.330501e+02  5.034324e+02  4.189655e+00  3.291151e+01  5.0572312420980161e+00
       830  2.0749999999999669e+00  1.2053522781285173e-01  5.5738173061644447e-01  8.286132e-01  4.470887e+00  1.039172e+01  4.091101e+01  1.327546e+02  5.019146e+02  4.195954e+00  3.279515e+01  5.2341253850619225e+00
       840  2.0999999999999663e+00  1.2046523577425686e-01  5.6250969162338416e-01  8.276508e-01  4.468339e+00  1.037370e+01  4.082031e+01  1.323468e+02  4.999268e+02  4.200893e+00  3.264744e+01  5.4181959481259803e+00
       850  2.1249999999999658e+00  1.2039459762992913e-01  5.6771945963454373e-01  8.262699e-01  4.465106e+00  1.034945e+01  4.070780e+01  1.318311e+02  4.974935e+02  4.204595e+00  3.247168e+01  5.6096646363272527e+00
       860  2.1499999999999653e+00  1.2032330315200798e-01  5.7301106521971512e-01  8.244716e-01  4.461243e+00  1.031912e+01  4.057469e+01  1.312128e+02  4.946410e+02  4.207192e+00  3.227144e+01  5.8087512302484861e+00
       870  2.1749999999999647e+00  1.2025134211076142e-01  5.7838450754015935e-01  8.222574e-01  4.456808e+00  1.028287e+01  4.042226e+01  1.304970e+02  4.913974e+02  4.208829e+00  3.205056e+01  6.0156727289903982e+00
       880  2.1999999999999642e+00  1.2017870427846994e-01  5.8383975493733276e-01  8.196290e-01  4.451864e+00  1.024088e+01  4.025188e+01  1.296895e+02  4.877923e+02  4.209659e+00  3.181315e+01  6.2306424901040565e+00
       890  2.2249999999999637e+00  1.2010537943323336e-01  5.8937674575726240e-01  8.165885e-01  4.446478e+00  1.019332e+01  4.006500e+01  1.287960e+02  4.838565e+02  4.209842e+00  3.156352e+01  6.4538693795789399e+00
       900  2.2499999999999631e+00  1.2003135736265247e-01  5.9499538942063257e-01  8.131383e-01  4.440719e+00  1.014038e+01  3.986311e+01  1.278224e+02  4.796216e+02  4.209546e+00  3.130620e+01  6.6855569461388464e+00
       910  2.2749999999999626e+00  1.1995662786736294e-01  6.0069556774715793e-01  8.092808e-01  4.434659e+00  1.008225e+01  3.964777e+01  1.267747e+02  4.751200e+02  4.208944e+00  3.104588e+01  6.9259026351244488e+00
       920  2.2999999999999621e+00  1.1988118076439114e-01  6.0647713654110846e-01  8.050188e-01  4.428375e+00  1.001910e+01  3.942059e+01  1.256588e+02  4.703841e+02  4.208215e+00  3.078743e+01  7.1750970581097153e+00
       930  2.3249999999999615e+00  1.1980500589028728e-01  6.1233992744311749e-01  8.003555e-01  4.421945e+00  9.951119e+00  3.918322e+01  1.244807e+02  4.654469e+02  4.207542e+00  3.053583e+01  7.4333233350994616e+00
       940  2.3499999999999610e+00  1.1972809310401868e-01  6.1828375005144898e-01  7.952939e-01  4.415449e+00  9.878484e+00  3.893734e+01  1.232462e+02  4.603408e+02  4.207109e+00  3.029619e+01  7.7007565266747982e+00
       950  2.3749999999999605e+00  1.1965043228957717e-01  6.2430839431397689e-01  7.898375e-01  4.408970e+00  9.801361e+00  3.868465e+01  1.219608e+02  4.550984e+02  4.207103e+00  3.007372e+01  7.9775631737928308e+00
       960  2.3999999999999599e+00  1.1957201335826995e-01  6.3041363319012889e-01  7.839898e-01  4.402593e+00  9.719914e+00  3.842689e+01  1.206300e+02  4.497515e+02  4.207715e+00  2.987370e+01  8.2639009630980844e+00
       970  2.4249999999999594e+00  1.1949282625066471e-01  6.3659922558000759e-01  7.777545e-01  4.396404e+00  9.634290e+00  3.816580e+01  1.192587e+02  4.443316e+02  4.209132e+00  2.970149e+01  8.5599185355824758e+00
       980  2.4499999999999589e+00  1.1941286093814647e-01  6.4286491951588554e-01  7.711354e-01  4.390493e+00  9.544626e+00  3.790315e+01  1.178516e+02  4.388693e+02  4.211541e+00  2.956251e+01  8.8657554562405423e+00
       990  2.4749999999999583e+00  1.1933210742406722e-01  6.4921045560937940e-01  7.641365e-01  4.384947e+00  9.451045e+00  3.764071e+01  1.164132e+02  4.333948e+02  4.215130e+00  2.946220e+01  9.1815423620221193e+00
      1000  2.4999999999999578e+00  1.1925055574444181e-01  6.5563557074564593e-01  7.567620e-01  4.379858e+00  9.353653e+00  3.738026e+01  1.149472e+02  4.279373e+02  4.220082e+00  2.940603e+01  9.5074013049049437e+00
      1010  2.5249999999999573e+00  1.1916819596817152e-01  6.6214000201429157e-01  7.490161e-01  4.375315e+00  9.252538e+00  3.712359e+01  1.134572e+02  4.225252e+02  4.226576e+00  2.939948e+01  9.8434463063097333e+00
      1020  2.5499999999999567e+00  1.1908501819676282e-01  6.6872349086484673e-01  7.409030e-01  4.371411e+00  9.147772e+00  3.687250e+01  1.119458e+02  4.171866e+02  4.234790e+00  2.944803e+01  1.0189784138381821e+01
      1030  2.5749999999999562e+00  1.1900101256351019e-01  6.7538578747341760e-01  7.324274e-01  4.368237e+00  9.039403e+00  3.662881e+01  1.104155e+02  4.119486e+02  4.244895e+00  2.955714e+01  1.0546515346885656e+01
      1040  2.5999999999999557e+00  1.1891616923212413e-01  6.8212665530554850e-01  7.235937e-01  4.365885e+00  8.927461e+00  3.639433e+01  1.088680e+02  4.068380e+02  4.257056e+00  2.973221e+01  1.0913735529621910e+01
      1050  2.6249999999999551e+00  1.1883047839477656e-01  6.8894587585930223e-01  7.144068e-01  4.364445e+00  8.811956e+00  3.617091e+01  1.073043e+02  4.018812e+02  4.271433e+00  2.997860e+01  1.1291536883398066e+01
      1060  2.6499999999999546e+00  1.1874393026954032e-01  6.9584325357166976e-01  7.048715e-01  4.364008e+00  8.692871e+00  3.596038e+01  1.057248e+02  3.971046e+02  4.288179e+00  3.030160e+01  1.1680010031684436e+01
      1070  2.6749999999999541e+00  1.1865651509721198e-01  7.0281862087044156e-01  6.949928e-01  4.364665e+00  8.570173e+00  3.576463e+01  1.041293e+02  3.925346e+02  4.307439e+00  3.070639e+01  1.2079246144175606e+01
      1080  2.6999999999999535e+00  1.1856822313748813e-01  7.0987184335330999e-01  6.847760e-01  4.366502e+00  8.443804e+00  3.558554e+01  1.025168e+02  3.881977e+02  4.329350e+00  3.119803e+01  1.2489339358575672e+01
      1090  2.7249999999999530e+00  1.1847904466449630e-01  7.1700282507556024e-01  6.742263e-01  4.369607e+00  8.313684e+00  3.542503e+01  1.008854e+02  3.841213e+02  4.354045e+00  3.178146e+01  1.2910389514032158e+01
      1100  2.7499999999999525e+00  1.1838896996165046e-01  7.2421151392738292e-01  6.633492e-01  4.374065e+00  8.179714e+00  3.528507e+01  9.923278e+01  3.803335e+02  4.381643e+00  3.246144e+01  1.3342505204778544e+01
      1110  2.7749999999999519e+00  1.1829798931583393e-01  7.3149790708198148e-01  6.521505e-01  4.379958e+00  8.041775e+00  3.516763e+01  9.755556e+01  3.768637e+02  4.412262e+00  3.324260e+01  1.3785807161696514e+01
      1120  2.7999999999999514e+00  1.1820609301089990e-01  7.3886205649568226e-01  6.406361e-01  4.387368e+00  7.899729e+00  3.507474e+01  9.584971e+01  3.737428e+02  4.446008e+00  3.412937e+01  1.4240431968690272e+01
      1130  2.8249999999999509e+00  1.1811327132047843e-01  7.4630407444149527e-01  6.288120e-01  4.396370e+00  7.753421e+00  3.500845e+01  9.411036e+01  3.710036e+02  4.482982e+00  3.512602e+01  1.4706536119959345e+01
      1140  2.8499999999999504e+00  1.1801951450009379e-01  7.5382413905791945e-01  6.166847e-01  4.407040e+00  7.602683e+00  3.497089e+01  9.233187e+01  3.686811e+02  4.523282e+00  3.623664e+01  1.5184300423448398e+01
      1150  2.8749999999999498e+00  1.1792481277858488e-01  7.6142249989502808e-01  6.042607e-01  4.419447e+00  7.447334e+00  3.496418e+01  9.050783e+01  3.668130e+02  4.566999e+00  3.746519e+01  1.5673934754928077e+01
      1160  2.8999999999999493e+00  1.1782915634883895e-01  7.6909948344027579e-01  5.915469e-01  4.433659e+00  7.287185e+00  3.499051e+01  8.863105e+01  3.654396e+02  4.614225e+00  3.881556e+01  1.6175683166274588e+01
      1170  2.9249999999999488e+00  1.1773253535782971e-01  7.7685549860655034e-01  5.785504e-01  4.449738e+00  7.122041e+00  3.505211e+01  8.669365e+01  3.646048e+02  4.665050e+00  4.029159e+01  1.6689829350514639e+01
      1180  2.9499999999999482e+00  1.1763493989598198e-01  7.8469104216501706e-01  5.652787e-01  4.467741e+00  6.951703e+00  3.515122e+01  8.468706e+01  3.643556e+02  4.719570e+00  4.189720e+01  1.7216702465024937e+01
      1190  2.9749999999999477e+00  1.1753635998585056e-01  7.9260670410499301e-01  5.517396e-01  4.487722e+00  6.775978e+00  3.529013e+01  8.260211e+01  3.647429e+02  4.777887e+00  4.363650e+01  1.7756683312811077e+01
      1200  2.9999999999999472e+00  1.1743678557014504e-01  8.0060317290227112e-01  5.379410e-01  4.509728e+00  6.594675e+00  3.547113e+01  8.042909e+01  3.658212e+02  4.840114e+00  4.551395e+01  1.8310210879933059e+01
      1210  3.0249999999999466e+00  1.1733620649909549e-01  8.0868124067611591e-01  5.238916e-01  4.533802e+00  6.407617e+00  3.569651e+01  7.815788e+01  3.676489e+02  4.906382e+00  4.753455e+01  1.8877789224738557e+01
      1220  3.0499999999999461e+00  1.1723461251718578e-01  8.1684180821293839e-01  5.096000e-01  4.559980e+00  6.214640e+00  3.596857e+01  7.577801e+01  3.702883e+02  4.976841e+00  4.970412e+01  1.9459994711447724e+01
      1230  3.0749999999999456e+00  1.1713199324927036e-01  8.2508588983202236e-01  4.950755e-01  4.588292e+00  6.015601e+00  3.628957e+01  7.327888e+01  3.738052e+02  5.051672e+00  5.202950e+01  2.0057483576621763e+01
      1240  3.0999999999999450e+00  1.1702833818608285e-01  8.3341461806436090e-01  4.803277e-01  4.618763e+00  5.810385e+00  3.666172e+01  7.064987e+01  3.782688e+02  5.131088e+00  5.451895e+01  2.0670999811940924e+01
      1250  3.1249999999999445e+00  1.1692363666918978e-01  8.4182924811076032e-01  4.653666e-01  4.651410e+00  5.598905e+00  3.708719e+01  6.788052e+01  3.837509e+02  5.215347e+00  5.718250e+01  2.1301383340317066e+01
      1260  3.1499999999999440e+00  1.1681787787538950e-01  8.5033116203860182e-01  4.502028e-01  4.686245e+00  5.381110e+00  3.756803e+01  6.496080e+01  3.903259e+02  5.304757e+00  6.003239e+01  2.1949578454465026e+01
      1270  3.1749999999999434e+00  1.1671105080061328e-01  8.5892187266857856e-01  4.348471e-01  4.723272e+00  5.156989e+00  3.810622e+01  6.188125e+01  3.980694e+02  5.399685e+00  6.308352e+01  2.2616642477408369e+01
      1280  3.1999999999999429e+00  1.1660314424336071e-01  8.6760302709312787e-01  4.193111e-01  4.762489e+00  4.926576e+00  3.870355e+01  5.863332e+01  4.070578e+02  5.500570e+00  6.635405e+01  2.3303754592740951e+01
      1290  3.2249999999999424e+00  1.1649414678771476e-01  8.7637640975674835e-01  4.036065e-01  4.803889e+00  4.689953e+00  3.936170e+01  5.520955e+01  4.173666e+02  5.607933e+00  6.986597e+01  2.4012224778423523e+01
      1300  3.2499999999999418e+00  1.1638404678601824e-01  8.8524394501574388e-01  3.877460e-01  4.847454e+00  4.447256e+00  4.008213e+01  5.160390e+01  4.290699e+02  5.722385e+00  7.364581e+01  2.4743502760969825e+01
      1310  3.2749999999999413e+00  1.1627283234125362e-01  8.9420769908031139e-01  3.717423e-01  4.893163e+00  4.198674e+00  4.086609e+01  4.781202e+01  4.422383e+02  5.844647e+00  7.772538e+01  2.5499186886380716e+01
      1320  3.2999999999999408e+00  1.1616049128923223e-01  9.0326988122656793e-01  3.556090e-01  4.940987e+00  3.944453e+00  4.171459e+01  4.383149e+01  4.569380e+02  5.975556e+00  8.214265e+01  2.6281032779195623e+01
      1330  3.3249999999999402e+00  1.1604701118068386e-01  9.1243284414958681e-01  3.393601e-01  4.990891e+00  3.684899e+00  4.262839e+01  3.966213e+01  4.732286e+02  6.116090e+00  8.694285e+01  2.7090961630454387e+01
      1340  3.3499999999999397e+00  1.1593237926335874e-01  9.2169908331226458e-01  3.230101e-01  5.042832e+00  3.420374e+00  4.360794e+01  3.530624e+01  4.911622e+02  6.267378e+00  9.217983e+01  2.7931067917960782e+01
      1350  3.3749999999999392e+00  1.1581658246428608e-01  9.3107123512910095e-01  3.065741e-01  5.096761e+00  3.151298e+00  4.465341e+01  3.076881e+01  5.107811e+02  6.430723e+00  9.791800e+01  2.8803626316970355e+01
      1360  3.3999999999999386e+00  1.1569960737234197e-01  9.4055207381056327e-01  2.900676e-01  5.152624e+00  2.878148e+00  4.576462e+01  2.605771e+01  5.321164e+02  6.607626e+00  1.042349e+02  2.9711097505648628e+01
      1370  3.4249999999999381e+00  1.1558144022130527e-01  9.5014450668416428e-01  2.735067e-01  5.210359e+00  2.601449e+00  4.694108e+01  2.118382e+01  5.551865e+02  6.799806e+00  1.112249e+02  3.0656132507763331e+01
      1380  3.4499999999999376e+00  1.1546206687359764e-01  9.5985156780488068e-01  2.569078e-01  5.269898e+00  2.321775e+00  4.818193e+01  1.616106e+01  5.799961e+02  7.009226e+00  1.190034e+02  3.1641575146943516e+01
      1390  3.4749999999999370e+00  1.1534147280494439e-01  9.6967640967244395e-01  2.402876e-01  5.331166e+00  2.039737e+00  4.948595e+01  1.100637e+01  6.065344e+02  7.238121e+00  1.277128e+02  3.2670462116292747e+01
      1400  3.4999999999999365e+00  1.1521964309020176e-01  9.7962229288910307e-01  2.236635e-01  5.394082e+00  1.755978e+00  5.085158e+01  5.739594e+00  6.347753e+02  7.489023e+00  1.375295e+02  3.3746020100269860e+01
      1410  3.5249999999999360e+00  1.1509656239060134e-01  9.8969257362140228e-01  2.070527e-01  5.458557e+00  1.471160e+00  5.227687e+01  3.831704e-01  6.646765e+02  7.764782e+00  1.486714e+02  3.4871659330768793e+01
      1420  3.5499999999999354e+00  1.1497221494271534e-01  9.9989068877387410e-01  1.904728e-01  5.524496e+00  1.185955e+00  5.375952e+01 -5.038193e+00  6.961801e+02  8.068592e+00  1.614077e+02  3.6050962925968022e+01
      1430  3.5749999999999349e+00  1.1484658454941357e-01  1.0102201388442460e+00  1.739414e-01  5.591798e+00  9.010286e-01  5.529686e+01 -1.049805e+01  7.292128e+02  8.403999e+00  1.760692e+02  3.7287671359082069e+01
      1440  3.5999999999999344e+00  1.1471965457311069e-01  1.0206844685053729e+00  1.574760e-01  5.660351e+00  6.170289e-01  5.688587e+01 -1.596886e+01  7.636866e+02  8.774918e+00  1.930611e+02  3.8585661443926504e+01
      1450  3.6249999999999338e+00  1.1459140793157503e-01  1.0312872450478860e+00  1.410940e-01  5.730039e+00  3.345676e-01  5.852318e+01 -2.142268e+01  7.995007e+02  9.185629e+00  2.128782e+02  3.9948919312171178e+01
      1460  3.6499999999999333e+00  1.1446182709655067e-01  1.0420320349133374e+00  1.248125e-01  5.800736e+00  5.420630e-02  6.020505e+01 -2.683207e+01  8.365419e+02  9.640772e+00  2.361224e+02  4.1381506996610582e+01
      1470  3.6749999999999328e+00  1.1433089409542026e-01  1.0529223786444666e+00  1.086483e-01  5.872309e+00 -2.235594e-01  6.192744e+01 -3.217099e+01  8.746867e+02  1.014534e+01  2.635247e+02  4.2887522424937899e+01
      1480  3.6999999999999322e+00  1.1419859051607897e-01  1.0639617646692132e+00  9.261784e-02  5.944616e+00 -4.983143e-01  6.368595e+01 -3.741571e+01  9.138024e+02  1.070465e+01  2.959708e+02  4.4471052864626415e+01
      1490  3.7249999999999317e+00  1.1406489751512119e-01  1.0751536024110449e+00  7.673696e-02  6.017509e+00 -7.697354e-01  6.547587e+01 -4.254581e+01  9.537485e+02  1.132432e+01  3.345308e+02  4.6136122134036199e+01
      1500  3.7499999999999312e+00  1.1392979582941276e-01  1.0865011952730295e+00  6.102119e-02  6.090831e+00 -1.037602e+00  6.729218e+01 -4.754504e+01  9.943784e+02  1.201024e+01  3.804926e+02  4.7886632198442655e+01
      1510  3.7749999999999306e+00  1.1379326579102003e-01  1.0980077140725055e+00  4.548565e-02  6.164419e+00 -1.301799e+00  6.912958e+01 -5.240215e+01  1.035540e+03  1.276855e+01  4.353989e+02  4.9726300092002134e+01
      1520  3.7999999999999301e+00  1.1365528734538427e-01  1.1096761715041055e+00  3.014518e-02  6.238104e+00 -1.562322e+00  7.098250e+01 -5.711149e+01  1.077079e+03  1.360557e+01  5.010839e+02  5.1658591435898096e+01
      1530  3.8249999999999296e+00  1.1351584007261134e-01  1.1215093981796165e+00  1.501459e-02  6.311714e+00 -1.819266e+00  7.284513e+01 -6.167344e+01  1.118838e+03  1.452777e+01  5.797094e+02  5.3686652143702219e+01
      1540  3.8499999999999290e+00  1.1337490321162261e-01  1.1335100207329707e+00  1.088694e-04  6.385072e+00 -2.072817e+00  7.471149e+01 -6.609457e+01  1.160657e+03  1.554168e+01  6.737938e+02  5.5813240195957306e+01
      1550  3.8749999999999285e+00  1.1323245568689405e-01  1.1456804423858955e+00 -1.455648e-02  6.458001e+00 -2.323234e+00  7.657542e+01 -7.038745e+01  1.202379e+03  1.665384e+01  7.862292e+02  5.8040659598048151e+01
      1560  3.8999999999999280e+00  1.1308847613744730e-01  1.1580228262424050e+00 -2.896502e-02  6.530326e+00 -2.570823e+00  7.843072e+01 -7.457011e+01  1.243846e+03  1.787059e+01  9.202792e+02  6.0370698773197489e+01
      1570  3.9249999999999274e+00  1.1294294294776523e-01  1.1705390814188665e+00 -4.309895e-02  6.601874e+00 -2.815904e+00  8.027111e+01 -7.866520e+01  1.284907e+03  1.919799e+01  1.079551e+03  6.2804575650673492e+01
      1580  3.9499999999999269e+00  1.1279583428024686e-01  1.1832308519228261e+00 -5.693856e-02  6.672477e+00 -3.058773e+00  8.209041e+01 -8.269870e+01  1.325413e+03  2.064151e+01  1.267930e+03  6.5342891563531708e+01
      1590  3.9749999999999264e+00  1.1264712810890661e-01  1.1960995079791459e+00 -7.046170e-02  6.741975e+00 -3.299660e+00  8.388250e+01 -8.669829e+01  1.365220e+03  2.220573e+01  1.489476e+03  6.7985595768865807e+01
      1600  3.9999999999999258e+00  1.1249680225401751e-01  1.2091461392850156e+00 -8.364318e-02  6.810220e+00 -3.538680e+00  8.564147e+01 -9.069148e+01  1.404194e+03  2.389404e+01  1.748277e+03  7.0731961975704024e+01
      1610  4.0249999999999293e+00  1.1234483441751986e-01  1.2223715494801293e+00 -9.645421e-02  6.877072e+00 -3.775786e+00  8.736161e+01 -9.470341e+01  1.442206e+03  2.570812e+01  2.048258e+03  7.3580577768112448e+01
      1620  4.0499999999999332e+00  1.1219120221907368e-01  1.2357762509717589e+00 -1.088618e-01  6.942408e+00 -4.010717e+00  8.903750e+01 -9.875450e+01  1.479135e+03  2.764752e+01  2.392967e+03  7.6529347310762688e+01
      1630  4.0749999999999371e+00  1.1203588323279287e-01  1.2493604591738352e+00 -1.208281e-01  7.006117e+00 -4.242950e+00  9.066400e+01 -1.028580e+02  1.514864e+03  2.970914e+01  2.785338e+03  7.9575507269499653e+01
      1640  4.0999999999999410e+00  1.1187885502476931e-01  1.2631240852041068e+00 -1.323101e-01  7.068106e+00 -4.471655e+00  9.223629e+01 -1.070175e+02  1.549284e+03  3.188670e+01  3.227458e+03  8.2715655470554964e+01
      1650  4.1249999999999449e+00  1.1172009519165910e-01  1.2770667261143771e+00 -1.432591e-01  7.128298e+00 -4.695659e+00  9.374987e+01 -1.112245e+02  1.582280e+03  3.417033e+01  3.720326e+03  8.5945791399317585e+01
      1660  4.1499999999999488e+00  1.1155958140068273e-01  1.2911876517699776e+00 -1.536202e-01  7.186635e+00 -4.913413e+00  9.520059e+01 -1.154563e+02  1.613740e+03  3.654614e+01  4.263595e+03  8.9261367107126787e+01
      1670  4.1749999999999527e+00  1.1139729143150781e-01  1.3054857875155785e+00 -1.633325e-01  7.243081e+00 -5.122979e+00  9.658472e+01 -1.196744e+02  1.643545e+03  3.899598e+01  4.855256e+03  9.2657346386484051e+01
      1680  4.1999999999999567e+00  1.1123320322061614e-01  1.3199596917652290e+00 -1.723286e-01  7.297622e+00 -5.322030e+00  9.789907e+01 -1.238239e+02  1.671575e+03  4.149740e+01  5.491230e+03  9.6128269249798322e+01
      1690  4.2249999999999606e+00  1.1106729490881623e-01  1.3346075276857767e+00 -1.805354e-01  7.350266e+00 -5.507869e+00  9.914119e+01 -1.278336e+02  1.697715e+03  4.402380e+01  6.164890e+03  9.9668318067433361e+01
      1700  4.2499999999999645e+00  1.1089954489269724e-01  1.3494270283072465e+00 -1.878742e-01  7.401054e+00 -5.677470e+00  1.003098e+02 -1.316184e+02  1.721871e+03  4.654492e+01  6.866621e+03  1.0327138166109961e+02
      1710  4.2749999999999684e+00  1.1072993188089039e-01  1.3644154548113314e+00 -1.942614e-01  7.450057e+00 -5.827542e+00  1.014050e+02 -1.350820e+02  1.743988e+03  4.902780e+01  7.583594e+03  1.0693111476501133e+02
      1720  4.2999999999999723e+00  1.1055843495592522e-01  1.3795695484856689e+00 -1.996100e-01  7.497378e+00 -5.954609e+00  1.024290e+02 -1.381208e+02  1.764076e+03  5.143795e+01  8.300009e+03  1.1064099292224148e+02
      1730  4.3249999999999762e+00  1.1038503364242865e-01  1.3948854778118247e+00 -2.038307e-01  7.543163e+00 -6.055109e+00  1.033865e+02 -1.406274e+02  1.782224e+03  5.374098e+01  8.997921e+03  1.1439436687858603e+02
      1740  4.3499999999999801e+00  1.1020970798214041e-01  1.4103587831061710e+00 -2.068338e-01  7.587596e+00 -6.125489e+00  1.042848e+02 -1.424934e+02  1.798613e+03  5.590434e+01  9.658590e+03  1.1818452481050085e+02
      1750  4.3749999999999840e+00  1.1003243861584351e-01  1.4259843216022003e+00 -2.085312e-01  7.630908e+00 -6.162310e+00  1.051345e+02 -1.436114e+02  1.813522e+03  5.789900e+01  1.026408e+04  1.2200477333843821e+02
      1760  4.3999999999999879e+00  1.0985320687202263e-01  1.4417562153632972e+00 -2.088381e-01  7.673375e+00 -6.162338e+00  1.059492e+02 -1.438772e+02  1.827342e+03  5.970088e+01  1.079877e+04  1.2584854688079631e+02
      1770  4.4249999999999918e+00  1.0967199486182469e-01  1.4576678026789263e+00 -2.076759e-01  7.715319e+00 -6.122618e+00  1.067461e+02 -1.431931e+02  1.840593e+03  6.129184e+01  1.125039e+04  1.2970954771765508e+02
      1780  4.4499999999999957e+00  1.0948878557999310e-01  1.4737115908541871e+00 -2.049741e-01  7.757096e+00 -6.040521e+00  1.075459e+02 -1.414710e+02  1.853951e+03  6.266024e+01  1.161068e+04  1.3358190621228368e+02
      1790  4.4749999999999996e+00  1.0930356301188453e-01  1.4898792054506873e+00 -2.006729e-01  7.799091e+00 -5.913758e+00  1.083719e+02 -1.386332e+02  1.868263e+03  6.380120e+01  1.187563e+04  1.3746033484881903e+02
      1800  4.5000000000000036e+00  1.0911631224740517e-01  1.5061613295111127e+00 -1.947255e-01  7.841697e+00 -5.740354e+00  1.092494e+02 -1.346100e+02  1.884521e+03  6.471665e+01  1.204554e+04  1.4134023674618686e+02
      1810  4.5250000000000075e+00  1.0892701960349369e-01  1.5225476275986147e+00 -1.871009e-01  7.885298e+00 -5.518606e+00  1.102043e+02 -1.293323e+02  1.903794e+03  6.541546e+01  1.212500e+04  1.4521772601881804e+02
      1820  4.5500000000000114e+00  1.0873567275711511e-01  1.5390266544019664e+00 -1.777864e-01  7.930251e+00 -5.247067e+00  1.112605e+02 -1.227234e+02  1.927125e+03  6.591344e+01  1.212289e+04  1.4908952903268425e+02
      1830  4.5750000000000153e+00  1.0854226089029724e-01  1.5555857555849679e+00 -1.667900e-01  7.976870e+00 -4.924580e+00  1.124398e+02 -1.146961e+02  1.955456e+03  6.623319e+01  1.205214e+04  1.5295276259703610e+02
      1840  4.6000000000000192e+00  1.0834677484726682e-01  1.5722109772219499e+00 -1.541429e-01  8.025420e+00 -4.550401e+00  1.137600e+02 -1.051573e+02  1.989603e+03  6.640328e+01  1.192912e+04  1.5680462101793509e+02
      1850  4.6250000000000231e+00  1.0814920730120380e-01  1.5888870061743141e+00 -1.399007e-01  8.076104e+00 -4.124376e+00  1.152355e+02 -9.402103e+01  2.030292e+03  6.645647e+01  1.177241e+04  1.6064203666611098e+02
      1860  4.6500000000000270e+00  1.0794955292532497e-01  1.6055971639328490e+00 -1.241438e-01  8.129057e+00 -3.647130e+00  1.168773e+02 -8.122186e+01  2.078197e+03  6.642678e+01  1.160075e+04  1.6446139502448250e+02
      1870  4.6750000000000309e+00  1.0774780856051752e-01  1.6223234693340856e+00 -1.069764e-01  8.184335e+00 -3.120185e+00  1.186927e+02 -6.672558e+01  2.133936e+03  6.634554e+01  1.143058e+04  1.6825837669738564e+02
      1880  4.7000000000000348e+00  1.0754397337060922e-01  1.6390467724768056e+00 -8.852340e-02  8.241894e+00 -2.545959e+00  1.206847e+02 -5.053408e+01  2.197977e+03  6.623738e+01  1.127378e+04  1.7202796665538403e+02
      1890  4.7250000000000387e+00  1.0733804897702288e-01  1.6557469470103197e+00 -6.892610e-02  8.301586e+00 -1.927643e+00  1.228506e+02 -3.268603e+01  2.270527e+03  6.611705e+01  1.113669e+04  1.7576462581148351e+02
      1900  4.7500000000000426e+00  1.0713003956697999e-01  1.6724031157580086e+00 -4.833727e-02  8.363153e+00 -1.269006e+00  1.251814e+02 -1.325326e+01  2.351447e+03  6.598806e+01  1.102048e+04  1.7946257762971319e+02
      1910  4.7750000000000465e+00  1.0691995197296632e-01  1.6889938794643737e+00 -2.691604e-02  8.426244e+00 -5.741944e-01  1.276616e+02  7.669890e+00  2.440300e+03  6.584363e+01  1.092224e+04  1.8311613647484074e+02
      1920  4.8000000000000504e+00  1.0670779572483535e-01  1.7054975218492729e+00 -4.823599e-03  8.490443e+00  1.524730e-01  1.302717e+02  2.998474e+01  2.536518e+03  6.566950e+01  1.083611e+04  1.8672000079494489e+02
      1930  4.8250000000000544e+00  1.0649358307864071e-01  1.7218921746646618e+00  1.777989e-02  8.555316e+00  9.067161e-01  1.329921e+02  5.361013e+01  2.639643e+03  6.544850e+01  1.075449e+04  1.9026945029150301e+02
      1940  4.8500000000000583e+00  1.0627732902751938e-01  1.7381559404281810e+00  4.073734e-02  8.620448e+00  1.684498e+00  1.358073e+02  7.849944e+01  2.749558e+03  6.516602e+01  1.067010e+04  1.9376041383519862e+02
      1950  4.8750000000000622e+00  1.0605905129935583e-01  1.7542669835709375e+00  6.389593e-02  8.685484e+00  2.482162e+00  1.387082e+02  1.046454e+02  2.866586e+03  6.481529e+01  1.057842e+04  1.9718940509757729e+02
      1960  4.9000000000000661e+00  1.0583877034403605e-01  1.7702036091895983e+00  8.710826e-02  8.750143e+00  3.296430e+00  1.416928e+02  1.320715e+02  2.991463e+03  6.440059e+01  1.047961e+04  2.0055334911166250e+02
      1970  4.9250000000000700e+00  1.0561650931050759e-01  1.7859443504210788e+00  1.102336e-01  8.814209e+00  4.124279e+00  1.447637e+02  1.608136e+02  3.125191e+03  6.393736e+01  1.037852e+04  2.0384934167206677e+02
      1980  4.9500000000000739e+00  1.0539229401148170e-01  1.8014680807511503e+00  1.331399e-01  8.877500e+00  4.962755e+00  1.479255e+02  1.909007e+02  3.268844e+03  6.344914e+01  1.028314e+04  2.0707439313063796e+02
      1990  4.9750000000000778e+00  1.0516615287210865e-01  1.8167541583798892e+00  1.557057e-01  8.939828e+00  5.808824e+00  1.511808e+02  2.223385e+02  3.423381e+03  6.296295e+01  1.020231e+04  2.1022520823393654e+02
      2000  5.0000000000000817e+00  1.0493811685871660e-01  1.8317825993699830e+00  1.778230e-01  9.000953e+00  6.659293e+00  1.545271e+02  2.550991e+02  3.589483e+03  6.250470e+01  1.014383e+04  2.1329804431888761e+02
      2010  5.0250000000000856e+00  1.0470821938469532e-01  1.8465342680176593e+00  1.993983e-01  9.060553e+00  7.510804e+00  1.579553e+02  2.891155e+02  3.767427e+03  6.209566e+01  1.011346e+04  2.1628867266400920e+02
      2020  5.0500000000000895e+00  1.0447649619231358e-01  1.8609910688836304e+00  2.203535e-01  9.118222e+00  8.359856e+00  1.614481e+02  3.242795e+02  3.957013e+03  6.175055e+01  1.011453e+04  2.1919244527576944e+02
      2030  5.0750000000000934e+00  1.0424298521123704e-01  1.8751361255789103e+00  2.406249e-01  9.173477e+00  9.202819e+00  1.649815e+02  3.604415e+02  4.157545e+03  6.147712e+01  1.014806e+04  2.2200444734715205e+02
      2040  5.1000000000000973e+00  1.0400772639613212e-01  1.8889539354400571e+00  2.601604e-01  9.225800e+00  1.003590e+01  1.685260e+02  3.974096e+02  4.367867e+03  6.127660e+01  1.021309e+04  2.2471970054341188e+02
      2050  5.1250000000001013e+00  1.0377076154675938e-01  1.9024304945176753e+00  2.789164e-01  9.274673e+00  1.085509e+01  1.720489e+02  4.349501e+02  4.586430e+03  6.114492e+01  1.030708e+04  2.2733337871079843e+02
      2060  5.1500000000001052e+00  1.0353213411439141e-01  1.9155533918335788e+00  2.968541e-01  9.319621e+00  1.165610e+01  1.755166e+02  4.727884e+02  4.811368e+03  6.107404e+01  1.042623e+04  2.2984100531985248e+02
      2070  5.1750000000001091e+00  1.0329188899828104e-01  1.9283118744948777e+00  3.139370e-01  9.360243e+00  1.243434e+01  1.788960e+02  5.106116e+02  5.040560e+03  6.105326e+01  1.056582e+04  2.3223861554114080e+02
      2080  5.2000000000001130e+00  1.0305007233572171e-01  1.9406968859605729e+00  3.301297e-01  9.396224e+00  1.318501e+01  1.821551e+02  5.480760e+02  5.271671e+03  6.107025e+01  1.072038e+04  2.3452287788107228e+02
      2090  5.2250000000001169e+00  1.0280673128889350e-01  1.9527010794027961e+00  3.453986e-01  9.427333e+00  1.390326e+01  1.852634e+02  5.848172e+02  5.502172e+03  6.111188e+01  1.088394e+04  2.3669117597680676e+02
      2100  5.2500000000001208e+00  1.0256191383152899e-01  1.9643188078426403e+00  3.597145e-01  9.453408e+00  1.458448e+01  1.881913e+02  6.204645e+02  5.729350e+03  6.116494e+01  1.105017e+04  2.3874165094821157e+02
      2110  5.2750000000001247e+00  1.0231566853815935e-01  1.9755460933392701e+00  3.730553e-01  9.474342e+00  1.522450e+01  1.909099e+02  6.546559e+02  5.950336e+03  6.121660e+01  1.121260e+04  2.4067320310142787e+02
      2120  5.3000000000001286e+00  1.0206804437835183e-01  1.9863805789342177e+00  3.854097e-01  9.490059e+00  1.581992e+01  1.933908e+02  6.870530e+02  6.162158e+03  6.125485e+01  1.136487e+04  2.4248545322987218e+02
      2130  5.3250000000001325e+00  1.0181909051777001e-01  1.9968214685488970e+00  3.967797e-01  9.500509e+00  1.636823e+01  1.956067e+02  7.173517e+02  6.361814e+03  6.126876e+01  1.150097e+04  2.4417866931131115e+02
      2140  5.3500000000001364e+00  1.0156885612721236e-01  2.0068694606504196e+00  4.071818e-01  9.505658e+00  1.686788e+01  1.975320e+02  7.452903e+02  6.546377e+03  6.124861e+01  1.161543e+04  2.4575367133042323e+02
      2150  5.3750000000001403e+00  1.0131739020005784e-01  2.0165266807005016e+00  4.166472e-01  9.505498e+00  1.731827e+01  1.991443e+02  7.706520e+02  6.713103e+03  6.118592e+01  1.170353e+04  2.4721173122186116e+02
      2160  5.4000000000001442e+00  1.0106474137807761e-01  2.0257966153529683e+00  4.252199e-01  9.500051e+00  1.771959e+01  2.004252e+02  7.932656e+02  6.859542e+03  6.107337e+01  1.176138e+04  2.4855448416994454e+02
      2170  5.4250000000001481e+00  1.0081095778532895e-01  2.0346840487931495e+00  4.329548e-01  9.489383e+00  1.807272e+01  2.013615e+02  8.130049e+02  6.983647e+03  6.090476e+01  1.178598e+04  2.4978386237473967e+02
      2180  5.4500000000001521e+00  1.0055608686996212e-01  2.0431949993650638e+00  4.399144e-01  9.473618e+00  1.837905e+01  2.019462e+02  8.297891e+02  7.083859e+03  6.067501e+01  1.177520e+04  2.5090205566009999e+02
      2190  5.4750000000001560e+00  1.0030017525409879e-01  2.0513366532761905e+00  4.461656e-01  9.452940e+00  1.864036e+01  2.021790e+02  8.435827e+02  7.159185e+03  6.038022e+01  1.172780e+04  2.5191149777138560e+02
      2200  5.5000000000001599e+00  1.0004326859235514e-01  2.0591172918263143e+00  4.517771e-01  9.427598e+00  1.885875e+01  2.020665e+02  8.543977e+02  7.209239e+03  6.001782e+01  1.164344e+04  2.5281487419085826e+02
      2210  5.5250000000001638e+00  9.9785411440039787e-02  2.0665462090623250e+00  4.568171e-01  9.397907e+00  1.903655e+01  2.016215e+02  8.622935e+02  7.234251e+03  5.958671e+01  1.152260e+04  2.5361514636866298e+02
      2220  5.5500000000001677e+00  9.9526647132344340e-02  2.0736336176723400e+00  4.613515e-01  9.364234e+00  1.917629e+01  2.008632e+02  8.673762e+02  7.235038e+03  5.908732e+01  1.136660e+04  2.5431558717275686e+02
      2230  5.5750000000001716e+00  9.9267017676088587e-02  2.0803905420199600e+00  4.654431e-01  9.326993e+00  1.928070e+01  1.998155e+02  8.697955e+02  7.212940e+03  5.852155e+01  1.117745e+04  2.5491982209799505e+02
      2240  5.6000000000001755e+00  9.9006563655646321e-02  2.0868286983207782e+00  4.691508e-01  9.286629e+00  1.935267e+01  1.985061e+02  8.697392e+02  7.169731e+03  5.789273e+01  1.095774e+04  2.5543187013925586e+02
      2250  5.6250000000001794e+00  9.8745324154581524e-02  2.0929603630158722e+00  4.725301e-01  9.243604e+00  1.939524e+01  1.969659e+02  8.674272e+02  7.107524e+03  5.720539e+01  1.071053e+04  2.5585617768739957e+02
      2260  5.6500000000001833e+00  9.8483336694372953e-02  2.0987982313723004e+00  4.756328e-01  9.198382e+00  1.941156e+01  1.952268e+02  8.631047e+02  7.028666e+03  5.646512e+01  1.043922e+04  2.5619763897178746e+02
      2270  5.6750000000001872e+00  9.8220637191267321e-02  2.1043552692027365e+00  4.785073e-01  9.151419e+00  1.940491e+01  1.933221e+02  8.570353e+02  6.935656e+03  5.567845e+01  1.014748e+04  2.5646159778363966e+02
      2280  5.7000000000001911e+00  9.7957259931907334e-02  2.1096445612902248e+00  4.811992e-01  9.103156e+00  1.937863e+01  1.912845e+02  8.494940e+02  6.831059e+03  5.485264e+01  9.839195e+03  2.5665382735791803e+02
      2290  5.7250000000001950e+00  9.7693237567899452e-02  2.1146791605607826e+00  4.837512e-01  9.054009e+00  1.933612e+01  1.891466e+02  8.407608e+02  6.717444e+03  5.399563e+01  9.518378e+03  2.5678048792535577e+02
      2300  5.7500000000001990e+00  9.7428601128965314e-02  2.1194719422155046e+00  4.862037e-01  9.004369e+00  1.928075e+01  1.869396e+02  8.311144e+02  6.597314e+03  5.311575e+01  9.189109e+03  2.5684806402797761e+02
      2310  5.7750000000002029e+00  9.7163380053805343e-02  2.1240354668860619e+00  4.885940e-01  8.954602e+00  1.921589e+01  1.846934e+02  8.208256e+02  6.473064e+03  5.222158e+01  8.855416e+03  2.5686328576720979e+02
      2320  5.8000000000002068e+00  9.6897602237304384e-02  2.1283818564269428e+00  4.909576e-01  8.905045e+00  1.914476e+01  1.824360e+02  8.101523e+02  6.346929e+03  5.132168e+01  8.521154e+03  2.5683303944085560e+02
      2330  5.8250000000002107e+00  9.6631294092323614e-02  2.1325226852558261e+00  4.933269e-01  8.856013e+00  1.907050e+01  1.801939e+02  7.993359e+02  6.220961e+03  5.042431e+01  8.189889e+03  2.5676427341641198e+02
      2340  5.8500000000002146e+00  9.6364480623997328e-02  2.1364688892849721e+00  4.957323e-01  8.807800e+00  1.899602e+01  1.779913e+02  7.885979e+02  6.097008e+03  4.953727e+01  7.864807e+03  2.5666390462976392e+02
      2350  5.8750000000002185e+00  9.6097185514249478e-02  2.1402306935594542e+00  4.982017e-01  8.760680e+00  1.892409e+01  1.758505e+02  7.781397e+02  5.976718e+03  4.866772e+01  7.548667e+03  2.5653872997151336e+02
      2360  5.9000000000002224e+00  9.5829431214169231e-02  2.1438175588429784e+00  5.007606e-01  8.714911e+00  1.885723e+01  1.737922e+02  7.681419e+02  5.861543e+03  4.782210e+01  7.243794e+03  2.5639534531750127e+02
      2370  5.9250000000002263e+00  9.5561239041913201e-02  2.1472381466614729e+00  5.034323e-01  8.670735e+00  1.879776e+01  1.718349e+02  7.587665e+02  5.752760e+03  4.700617e+01  6.952114e+03  2.5624007341854866e+02
      2380  5.9500000000002302e+00  9.5292629283873720e-02  2.1505003017845992e+00  5.062380e-01  8.628377e+00  1.874781e+01  1.699957e+02  7.501575e+02  5.651491e+03  4.622506e+01  6.675210e+03  2.5607890060340736e+02
      2390  5.9750000000002341e+00  9.5023621297016747e-02  2.1536110508053783e+00  5.091966e-01  8.588047e+00  1.870927e+01  1.682902e+02  7.424433e+02  5.558726e+03  4.548332e+01  6.414382e+03  2.5591742147741610e+02
      2400  6.0000000000002380e+00  9.4754233610474942e-02  2.1565766153369519e+00  5.123248e-01  8.549934e+00  1.868383e+01  1.667321e+02  7.357380e+02  5.475342e+03  4.478508e+01  6.170710e+03  2.5576079057499015e+02
      2410  6.0250000000002419e+00  9.4484484024653426e-02  2.1594024383216319e+00  5.156368e-01  8.514207e+00  1.867296e+01  1.653338e+02  7.301425e+02  5.402114e+03  4.413403e+01  5.945082e+03  2.5561368016101466e+02
      2420  6.0500000000002458e+00  9.4214389706317292e-02  2.1620932219737581e+00  5.191442e-01  8.481006e+00  1.867789e+01  1.641060e+02  7.257443e+02  5.339727e+03  4.353351e+01  5.738221e+03  2.5548024389968202e+02
      2430  6.0750000000002498e+00  9.3943967278267038e-02  2.1646529758968418e+00  5.228561e-01  8.450444e+00  1.869961e+01  1.630573e+02  7.226173e+02  5.288765e+03  4.298642e+01  5.550673e+03  2.5536408672552554e+02
      2440  6.1000000000002537e+00  9.3673232902460227e-02  2.1670850738954694e+00  5.267784e-01  8.422600e+00  1.873885e+01  1.621946e+02  7.208201e+02  5.249708e+03  4.249517e+01  5.382795e+03  2.5526824180343920e+02
      2450  6.1250000000002576e+00  9.3402202355558545e-02  2.1693923179371071e+00  5.309141e-01  8.397514e+00  1.879603e+01  1.615222e+02  7.203943e+02  5.222911e+03  4.206157e+01  5.234741e+03  2.5519515585585538e+02
      2460  6.1500000000002615e+00  9.3130891096117635e-02  2.1715770076245255e+00  5.352631e-01  8.375187e+00  1.887130e+01  1.610420e+02  7.213622e+02  5.208582e+03  4.168674e+01  5.106439e+03  2.5514668432081135e+02
      2470  6.1750000000002654e+00  9.2859314322839559e-02  2.1736410134432917e+00  5.398224e-01  8.355581e+00  1.896448e+01  1.607531e+02  7.237253e+02  5.206763e+03  4.137100e+01  4.997593e+03  2.5512409776788772e+02
      2480  6.2000000000002693e+00  9.2587487023524914e-02  2.1755858519738145e+00  5.445857e-01  8.338613e+00  1.907505e+01  1.606518e+02  7.274619e+02  5.217312e+03  4.111384e+01  4.907678e+03  2.5512810073025770e+02
      2490  6.2250000000002732e+00  9.2315424014601632e-02  2.1774127612254022e+00  5.495441e-01  8.324160e+00  1.920221e+01  1.607314e+02  7.325272e+02  5.239894e+03  4.091386e+01  4.835956e+03  2.5515886360600987e+02
      2500  6.2500000000002771e+00  9.2043139971310237e-02  2.1791227742675177e+00  5.546861e-01  8.312061e+00  1.934482e+01  1.609824e+02  7.388525e+02  5.273972e+03  4.076883e+01  4.781490e+03  2.5521606755397806e+02
      2510  6.2750000000002810e+00  9.1770649448898900e-02  2.1807167894104138e+00  5.599979e-01  8.302117e+00  1.950148e+01  1.613922e+02  7.463462e+02  5.318815e+03  4.067567e+01  4.743158e+03  2.5529896141179327e+02
      2520  6.3000000000002849e+00  9.1497966895330518e-02  2.1821956353273255e+00  5.654634e-01  8.294097e+00  1.967049e+01  1.619460e+02  7.548948e+02  5.373500e+03  4.063059e+01  4.719673e+03  2.5540642870046500e+02
      2530  6.3250000000002888e+00  9.1225106656249555e-02  2.1835601297197798e+00  5.710650e-01  8.287743e+00  1.984997e+01  1.626264e+02  7.643652e+02  5.436934e+03  4.062913e+01  4.709598e+03  2.5553706189636222e+02
      2540  6.3500000000002927e+00  9.0952082973075096e-02  2.1848111304079221e+00  5.767832e-01  8.282771e+00  2.003780e+01  1.634139e+02  7.746068e+02  5.507865e+03  4.066628e+01  4.711375e+03  2.5568924050467029e+02
      2550  6.3750000000002967e+00  9.0678909975217353e-02  2.1859495780737039e+00  5.825975e-01  8.278879e+00  2.023174e+01  1.642875e+02  7.854543e+02  5.584905e+03  4.073661e+01  4.723353e+03  2.5586120918342550e+02
      2560  6.4000000000003006e+00  9.0405601667506219e-02  2.1869765302737219e+00  5.884861e-01  8.275754e+00  2.042940e+01  1.652245e+02  7.967306e+02  5.666558e+03  4.083440e+01  4.743819e+03  2.5605115230056208e+02
      2570  6.4250000000003045e+00  9.0132171913906184e-02  2.1878931867413307e+00  5.944268e-01  8.273072e+00  2.062835e+01  1.662017e+02  8.082503e+02  5.751239e+03  4.095379e+01  4.771035e+03  2.5625726182834313e+02
      2580  6.4500000000003084e+00  8.9858634418593764e-02  2.1887009063730081e+00  6.003962e-01  8.270507e+00  2.082611e+01  1.671950e+02  8.198228e+02  5.837308e+03  4.108891e+01  4.803277e+03  2.5647779628539496e+02
      2590  6.4750000000003123e+00  8.9585002705402261e-02  2.1894012166049528e+00  6.063709e-01  8.267734e+00  2.102021e+01  1.681804e+02  8.312555e+02  5.923100e+03  4.123403e+01  4.838864e+03  2.5671112937764474e+02
      2600  6.5000000000003162e+00  8.9311290096515006e-02  2.1899958161062738e+00  6.123270e-01  8.264431e+00  2.120821e+01  1.691340e+02  8.423573e+02  6.006945e+03  4.138361e+01  4.876182e+03  2.5695578791612138e+02
      2610  6.5250000000003201e+00  8.9037509691194658e-02  2.1904865718317610e+00  6.182404e-01  8.260288e+00  2.138774e+01  1.700325e+02  8.529416e+02  6.087205e+03  4.153244e+01  4.913710e+03  2.5721047938411459e+02
      2620  6.5500000000003240e+00  8.8763674345169588e-02  2.1908755114969680e+00  6.240872e-01  8.255003e+00  2.155654e+01  1.708534e+02  8.628283e+02  6.162294e+03  4.167565e+01  4.950033e+03  2.5747411012108404e+02
      2630  6.5750000000003279e+00  8.8489796651199978e-02  2.1911648124782896e+00  6.298432e-01  8.248291e+00  2.171246e+01  1.715754e+02  8.718473e+02  6.230701e+03  4.180880e+01  4.983853e+03  2.5774579546438201e+02
      2640  6.6000000000003318e+00  8.8215888921201996e-02  2.1913567880262437e+00  6.354848e-01  8.239883e+00  2.185348e+01  1.721785e+02  8.798396e+02  6.291017e+03  4.192788e+01  5.013999e+03  2.5802486335227672e+02
      2650  6.6250000000003357e+00  8.7941963170235629e-02  2.1914538715353946e+00  6.409883e-01  8.229528e+00  2.197775e+01  1.726445e+02  8.866602e+02  6.341948e+03  4.202931e+01  5.039436e+03  2.5831085286859616e+02
      2660  6.6500000000003396e+00  8.7668031102531047e-02  2.1914585994646023e+00  6.463307e-01  8.217000e+00  2.208357e+01  1.729566e+02  8.921791e+02  6.382337e+03  4.211003e+01  5.059274e+03  2.5860350903492463e+02
      2670  6.6750000000003435e+00  8.7394104099729863e-02  2.1913735933617402e+00  6.514893e-01  8.202093e+00  2.216944e+01  1.731003e+02  8.962826e+02  6.411178e+03  4.216744e+01  5.072774e+03  2.5890277487561713e+02
      2680  6.7000000000003475e+00  8.7120193211393387e-02  2.1912015413372670e+00  6.564423e-01  8.184628e+00  2.223402e+01  1.730630e+02  8.988751e+02  6.427625e+03  4.219944e+01  5.079359e+03  2.5920878145315794e+02
      2690  6.7250000000003514e+00  8.6846309147859430e-02  2.1909451792586188e+00  6.611681e-01  8.164451e+00  2.227619e+01  1.728340e+02  8.998788e+02  6.431002e+03  4.220442e+01  5.078615e+03  2.5952183626622872e+02
      2700  6.7500000000003553e+00  8.6572462275446516e-02  2.1906072719090983e+00  6.656464e-01  8.141436e+00  2.229501e+01  1.724051e+02  8.992350e+02  6.420807e+03  4.218127e+01  5.070292e+03  2.5984241018700448e+02
      2710  6.7750000000003592e+00  8.6298662614009508e-02  2.1901905943677962e+00  6.698572e-01  8.115486e+00  2.228975e+01  1.717701e+02  8.969036e+02  6.396715e+03  4.212932e+01  5.054303e+03  2.6017112303263968e+02
      2720  6.8000000000003631e+00  8.6024919836786187e-02  2.1896979139076143e+00  6.737817e-01  8.086531e+00  2.225984e+01  1.709252e+02  8.928631e+02  6.358576e+03  4.204833e+01  5.030714e+03  2.6050872792649068e+02
      2730  6.8250000000003670e+00  8.5751243272464459e-02  2.1891319727596494e+00  6.774015e-01  8.054532e+00  2.220493e+01  1.698685e+02  8.871103e+02  6.306408e+03  4.193845e+01  4.999728e+03  2.6085609477382343e+02
      2740  6.8500000000003709e+00  8.5477641909319946e-02  2.1884954721314349e+00  6.806995e-01  8.019474e+00  2.212483e+01  1.686005e+02  8.796594e+02  6.240395e+03  4.180017e+01  4.961668e+03  2.6121419338701975e+02
      2750  6.8750000000003748e+00  8.5204124401263154e-02  2.1877910578756996e+00  6.836589e-01  7.981374e+00  2.201956e+01  1.671235e+02  8.705415e+02  6.160876e+03  4.163428e+01  4.916957e+03  2.6158407696148993e+02
      2760  6.9000000000003787e+00  8.4930699075549371e-02  2.1870213081759085e+00  6.862640e-01  7.940273e+00  2.188927e+01  1.654417e+02  8.598033e+02  6.068333e+03  4.144179e+01  4.866091e+03  2.6196686664352933e+02
      2770  6.9250000000003826e+00  8.4657373941886258e-02  2.1861887235461226e+00  6.885000e-01  7.896238e+00  2.173430e+01  1.635613e+02  8.475060e+02  5.963383e+03  4.122389e+01  4.809618e+03  2.6236373778484688e+02
      2780  6.9500000000003865e+00  8.4384156702636742e-02  2.1852957193488294e+00  6.903528e-01  7.849360e+00  2.155512e+01  1.614901e+02  8.337243e+02  5.846762e+03  4.098192e+01  4.748113e+03  2.6277590812187486e+02
      2790  6.9750000000003904e+00  8.4111054763797780e-02  2.1843446209378987e+00  6.918094e-01  7.799754e+00  2.135234e+01  1.592374e+02  8.185442e+02  5.719309e+03  4.071727e+01  4.682159e+03  2.6320462757193894e+02
      2800  7.0000000000003944e+00  8.3838075246414193e-02  2.1833376614598210e+00  6.928575e-01  7.747552e+00  2.112673e+01  1.568140e+02  8.020623e+02  5.581954e+03  4.043138e+01  4.612326e+03  2.6365116866943009e+02
      2810  7.0250000000003983e+00  8.3565224998103704e-02  2.1822769823205967e+00  6.934863e-01  7.692907e+00  2.087912e+01  1.542318e+02  7.843835e+02  5.435698e+03  4.012566e+01  4.539156e+03  2.6411681598141735e+02
      2820  7.0500000000004022e+00  8.3292510604358244e-02  2.1811646363627535e+00  6.936859e-01  7.635986e+00  2.061050e+01  1.515038e+02  7.656199e+02  5.281597e+03  3.980146e+01  4.463153e+03  2.6460285228421105e+02
      2830  7.0750000000004061e+00  8.3019938399269369e-02  2.1800025939038510e+00  6.934478e-01  7.576971e+00  2.032190e+01  1.486440e+02  7.458883e+02  5.120745e+03  3.946003e+01  4.384773e+03  2.6511053900589064e+02
      2840  7.1000000000004100e+00  8.2747514475302320e-02  2.1787927519540746e+00  6.927650e-01  7.516055e+00  2.001446e+01  1.456667e+02  7.253094e+02  4.954258e+03  3.910248e+01  4.304417e+03  2.6564108858846976e+02
      2850  7.1250000000004139e+00  8.2475244691697674e-02  2.1775369471342150e+00  6.916317e-01  7.453438e+00  1.968939e+01  1.425872e+02  7.040055e+02  4.783257e+03  3.872977e+01  4.222426e+03  2.6619562709085972e+02
      2860  7.1500000000004178e+00  8.2203134680990650e-02  2.1762369730166302e+00  6.900440e-01  7.389328e+00  1.934791e+01  1.394207e+02  6.820993e+02  4.608851e+03  3.834267e+01  4.139083e+03  2.6677514654270874e+02
      2870  7.1750000000004217e+00  8.1931189853034686e-02  2.1748946027652449e+00  6.879994e-01  7.323938e+00  1.899134e+01  1.361828e+02  6.597123e+02  4.432128e+03  3.794175e+01  4.054609e+03  2.6738044815215892e+02
      2880  7.2000000000004256e+00  8.1659415395824692e-02  2.1735116180031544e+00  6.854972e-01  7.257483e+00  1.862099e+01  1.328888e+02  6.369633e+02  4.254138e+03  3.752739e+01  3.969167e+03  2.6801207922862284e+02
      2890  7.2250000000004295e+00  8.1387816272269833e-02  2.1720898447427839e+00  6.825382e-01  7.190176e+00  1.823820e+01  1.295541e+02  6.139677e+02  4.075883e+03  3.709975e+01  3.882866e+03  2.6867026828190660e+02
      2900  7.2500000000004334e+00  8.1116397212008653e-02  2.1706311969462986e+00  6.791250e-01  7.122231e+00  1.784434e+01  1.261936e+02  5.908357e+02  3.898310e+03  3.665884e+01  3.795763e+03  2.6935486386654230e+02
      2910  7.2750000000004373e+00  8.0845162697289405e-02  2.1691377278423603e+00  6.752616e-01  7.053857e+00  1.744076e+01  1.228217e+02  5.676720e+02  3.722303e+03  3.620448e+01  3.707874e+03  2.7006528309608700e+02
      2920  7.3000000000004412e+00  8.0574116941969504e-02  2.1676116885442109e+00  6.709532e-01  6.985256e+00  1.702879e+01  1.194524e+02  5.445747e+02  3.548672e+03  3.573637e+01  3.619183e+03  2.7080047524806093e+02
      2930  7.3250000000004452e+00  8.0303263862793767e-02  2.1660555928573597e+00  6.662062e-01  6.916626e+00  1.660978e+01  1.160988e+02  5.216349e+02  3.378154e+03  3.525413e+01  3.529644e+03  2.7155890459318846e+02
      2940  7.3500000000004491e+00  8.0032607042264794e-02  2.1644722865213848e+00  6.610278e-01  6.848153e+00  1.618501e+01  1.127732e+02  4.989361e+02  3.211409e+03  3.475731e+01  3.439204e+03  2.7233855475540270e+02
      2950  7.3750000000004530e+00  7.9762149682702232e-02  2.1628650185866261e+00  6.554257e-01  6.780015e+00  1.575574e+01  1.094873e+02  4.765538e+02  3.049015e+03  3.424546e+01  3.347801e+03  2.7313695488485939e+02
      2960  7.4000000000004569e+00  7.9491894551383113e-02  2.1612375122580056e+00  6.494077e-01  6.712378e+00  1.532320e+01  1.062516e+02  4.545557e+02  2.891470e+03  3.371818e+01  3.255384e+03  2.7395122605854397e+02
      2970  7.4250000000004608e+00  7.9221843917010523e-02  2.1595940323854999e+00  6.429819e-01  6.645401e+00  1.488854e+01  1.030757e+02  4.330012e+02  2.739192e+03  3.317514e+01  3.161919e+03  2.7477814489417915e+02
      2980  7.4500000000004647e+00  7.8951999478092255e-02  2.1579394468486628e+00  6.361560e-01  6.579228e+00  1.445286e+01  9.996833e+01  4.119419e+02  2.592522e+03  3.261616e+01  3.067402e+03  2.7561422053285617e+02
      2990  7.4750000000004686e+00  7.8682362284165142e-02  2.1562792793355441e+00  6.289372e-01  6.513994e+00  1.401720e+01  9.693707e+01  3.914215e+02  2.451726e+03  3.204125e+01  2.971862e+03  2.7645578094099614e+02
      3000  7.5000000000004725e+00  7.8412932651069966e-02  2.1546197513993834e+00  6.213325e-01  6.449827e+00  1.358251e+01  9.398858e+01  3.714762e+02  2.316998e+03  3.145059e+01  2.875368e+03  2.7729906482017122e+02
      3010  7.5250000000004764e+00  7.8143710071728573e-02  2.1529678121168776e+00  6.133480e-01  6.386844e+00  1.314967e+01  9.112858e+01  3.521348e+02  2.188469e+03  3.084467e+01  2.778036e+03  2.7814031614060877e+02
      3020  7.5500000000004803e+00  7.7874693124054511e-02  2.1513311541066908e+00  6.049891e-01  6.325156e+00  1.271947e+01  8.836185e+01  3.334193e+02  2.066206e+03  3.022421e+01  2.680027e+03  2.7897587924348522e+02
      3030  7.5750000000004842e+00  7.7605879377758577e-02  2.1497182150415388e+00  5.962610e-01  6.264871e+00  1.229259e+01  8.569238e+01  3.153454e+02  1.950226e+03  2.959026e+01  2.581550e+03  2.7980229339083843e+02
      3040  7.6000000000004881e+00  7.7337265301906155e-02  2.1481381640718222e+00  5.871679e-01  6.206093e+00  1.186962e+01  8.312342e+01  2.979222e+02  1.840496e+03  2.894415e+01  2.482853e+03  2.8061638639069582e+02
      3050  7.6250000000004921e+00  7.7068846175133154e-02  2.1466008727633028e+00  5.777136e-01  6.148927e+00  1.145104e+01  8.065765e+01  2.811530e+02  1.736945e+03  2.828752e+01  2.384223e+03  2.8141536732758630e+02
      3060  7.6500000000004960e+00  7.6800616000478217e-02  2.1451168702532479e+00  5.679017e-01  6.093479e+00  1.103722e+01  7.829727e+01  2.650356e+02  1.639472e+03  2.762226e+01  2.285975e+03  2.8219691838451689e+02
      3070  7.6750000000004999e+00  7.6532567426819076e-02  2.1436972823863036e+00  5.577355e-01  6.039861e+00  1.062840e+01  7.604419e+01  2.495619e+02  1.547952e+03  2.695052e+01  2.188442e+03  2.8295928524440819e+02
      3080  7.7000000000005038e+00  7.6264691678932392e-02  2.1423537546558316e+00  5.472184e-01  5.988190e+00  1.022468e+01  7.390020e+01  2.347181e+02  1.462250e+03  2.627462e+01  2.091964e+03  2.8370136470854300e+02
      3090  7.7250000000005077e+00  7.5996978498193396e-02  2.1410983589035788e+00  5.363543e-01  5.938594e+00  9.826063e+00  7.186716e+01  2.204847e+02  1.382227e+03  2.559703e+01  1.996878e+03  2.8442278716086986e+02
      3100  7.7500000000005116e+00  7.5729416095950686e-02  2.1399434839538714e+00  5.251480e-01  5.891207e+00  9.432402e+00  6.994717e+01  2.068360e+02  1.307752e+03  2.492028e+01  1.903501e+03  2.8512399058093354e+02
      3110  7.7750000000005155e+00  7.5461991121554439e-02  2.1389017106905124e+00  5.136058e-01  5.846176e+00  9.043433e+00  6.814277e+01  1.937400e+02  1.238714e+03  2.424695e+01  1.812127e+03  2.8580628219629523e+02
      3120  7.8000000000005194e+00  7.5194688646917557e-02  2.1379856724996547e+00  5.017366e-01  5.803659e+00  8.658787e+00  6.645707e+01  1.811585e+02  1.175033e+03  2.357959e+01  1.723014e+03  2.8647188374092389e+02
      3130  7.8250000000005233e+00  7.4927492169375831e-02  2.1372079024599229e+00  4.895521e-01  5.763824e+00  8.278005e+00  6.489391e+01  1.690466e+02  1.116668e+03  2.292067e+01  1.636384e+03  2.8712395673200399e+02
      3140  7.8500000000005272e+00  7.4660383634379004e-02  2.1365806691051592e+00  4.770679e-01  5.726846e+00  7.900580e+00  6.345790e+01  1.573535e+02  1.063628e+03  2.227256e+01  1.552419e+03  2.8776660516680857e+02
      3150  7.8750000000005311e+00  7.4393343479311105e-02  2.1361158029644152e+00  4.643047e-01  5.692909e+00  7.525991e+00  6.215440e+01  1.460231e+02  1.015973e+03  2.163743e+01  1.471265e+03  2.8840485443081275e+02
      3160  7.9000000000005350e+00  7.4126350699446675e-02  2.1358245163490972e+00  4.512884e-01  5.662200e+00  7.153757e+00  6.098947e+01  1.349952e+02  9.738208e+02  2.101724e+01  1.393029e+03  2.8904460675240034e+02
      3170  7.9250000000005389e+00  7.3859382936713958e-02  2.1357172189745852e+00  4.380511e-01  5.634905e+00  6.783493e+00  5.996963e+01  1.242079e+02  9.373391e+02  2.041369e+01  1.317786e+03  2.8969257493623581e+02
      3180  7.9500000000005429e+00  7.3592416591636567e-02  2.1358033319542131e+00  4.246318e-01  5.611202e+00  6.414974e+00  5.910161e+01  1.135995e+02  9.067402e+02  1.982816e+01  1.245580e+03  2.9035619707671208e+02
      3190  7.9750000000005468e+00  7.3325426958503789e-02  2.1360911024995737e+00  4.110761e-01  5.591264e+00  6.048193e+00  5.839203e+01  1.031121e+02  8.822665e+02  1.926174e+01  1.176422e+03  2.9104353533347279e+02
      3200  8.0000000000005507e+00  7.3058388383548625e-02  2.1365874213413756e+00  3.974365e-01  5.575245e+00  5.683426e+00  5.784701e+01  9.269498e+01  8.641729e+02  1.871526e+01  1.110296e+03  2.9176316167499101e+02
      3210  8.0250000000005457e+00  7.2791274445700077e-02  2.1372976445185139e+00  3.837721e-01  5.563283e+00  5.321278e+00  5.747180e+01  8.230855e+01  8.527045e+02  1.818933e+01  1.047156e+03  2.9252403299864108e+02
      3220  8.0500000000005407e+00  7.2524058159257609e-02  2.1382254208496749e+00  3.701482e-01  5.555496e+00  4.962726e+00  5.727040e+01  7.192798e+01  8.480734e+02  1.768447e+01  9.869334e+02  2.9333535757487988e+02
      3230  8.0750000000005357e+00  7.2256712197731318e-02  2.1393725261785765e+00  3.566345e-01  5.551981e+00  4.609136e+00  5.724530e+01  6.154679e+01  8.504347e+02  1.720123e+01  9.295443e+02  2.9420645466861350e+02
      3240  8.1000000000005308e+00  7.1989209137919508e-02  2.1407387054258544e+00  3.433042e-01  5.552812e+00  4.262259e+00  5.739729e+01  5.117973e+01  8.598644e+02  1.674030e+01  8.748991e+02  2.9514660960371901e+02
      3250  8.1250000000005258e+00  7.1721521723183829e-02  2.1423215236161286e+00  3.302320e-01  5.558045e+00  3.924201e+00  5.772535e+01  4.086467e+01  8.763431e+02  1.630264e+01  8.229196e+02  2.9616492731354430e+02
      3260  8.1500000000005208e+00  7.1453623144714984e-02  2.1441162273710930e+00  3.174915e-01  5.567717e+00  3.597364e+00  5.822673e+01  3.066323e+01  8.997449e+02  1.588956e+01  7.735554e+02  2.9727018814302050e+02
      3270  8.1750000000005159e+00  7.1185487339354522e-02  2.1461156188355899e+00  3.051526e-01  5.581849e+00  3.284358e+00  5.889717e+01  2.065978e+01  9.298356e+02  1.550277e+01  7.268017e+02  2.9847070975748318e+02
      3280  8.2000000000005109e+00  7.0917089302270642e-02  2.1483099445858658e+00  2.932791e-01  5.600455e+00  2.987884e+00  5.973116e+01  1.095889e+01  9.662787e+02  1.514442e+01  6.827129e+02  2.9977421791126790e+02
      3290  8.2250000000005059e+00  7.0648405412427451e-02  2.1506868027173200e+00  2.819259e-01  5.623535e+00  2.710608e+00  6.072231e+01  1.681062e+00  1.008651e+03  1.481713e+01  6.414134e+02  3.0118772621737816e+02
      3300  8.2500000000005009e+00  7.0379413768327112e-02  2.1532310720188752e+00  2.711367e-01  5.651087e+00  2.455010e+00  6.186374e+01 -7.042930e+00  1.056464e+03  1.452410e+01  6.031039e+02  3.0271742107053774e+02
      3310  8.2750000000004960e+00  7.0110094530994801e-02  2.1559248679464433e+00  2.609415e-01  5.683105e+00  2.223247e+00  6.314845e+01 -1.507859e+01  1.109196e+03  1.426920e+01  5.680692e+02  3.0436854322828174e+02
      3320  8.3000000000004910e+00  6.9840430270498743e-02  2.1587475310551341e+00  2.513558e-01  5.719581e+00  2.017021e+00  6.456960e+01 -2.229474e+01  1.166319e+03  1.405719e+01  5.366902e+02  3.0614525352391723e+02
      3330  8.3250000000004860e+00  6.9570406311550731e-02  2.1616756546291382e+00  2.423791e-01  5.760501e+00  1.837482e+00  6.612070e+01 -2.857048e+01  1.227333e+03  1.389387e+01  5.094634e+02  3.0805046833530179e+02
      3340  8.3500000000004810e+00  6.9300011072808004e-02  2.1646831593195679e+00  2.339952e-01  5.805851e+00  1.685170e+00  6.779576e+01 -3.380124e+01  1.291787e+03  1.378610e+01  4.870261e+02  3.1008565213099200e+02
      3350  8.3750000000004761e+00  6.9029236393462312e-02  2.1677414233558530e+00  2.261731e-01  5.855606e+00  1.560010e+00  6.958943e+01 -3.790343e+01  1.359303e+03  1.374166e+01  4.701807e+02  3.1225056026954940e+02
      3360  8.4000000000004711e+00  6.8758077839641801e-02  2.1708194769055447e+00  2.188684e-01  5.909732e+00  1.461355e+00  7.149713e+01 -4.081666e+01  1.429582e+03  1.376881e+01  4.599059e+02  3.1454293470908834e+02
      3370  8.4250000000004661e+00  6.8486534982111213e-02  2.1738842679979724e+00  2.120266e-01  5.968184e+00  1.388083e+00  7.351530e+01 -4.250316e+01  1.502409e+03  1.387555e+01  4.573420e+02  3.1695816674827563e+02
      3380  8.4500000000004611e+00  6.8214611635995737e-02  2.1769010048687862e+00  2.055869e-01  6.030893e+00  1.338722e+00  7.564153e+01 -4.294426e+01  1.577661e+03  1.406861e+01  4.637409e+02  3.1948895209914144e+02
      3390  8.4750000000004562e+00  6.7942316052861690e-02  2.1798335757260117e+00  1.994863e-01  6.097768e+00  1.311603e+00  7.787453e+01 -4.213494e+01  1.655306e+03  1.435247e+01  4.803757e+02  3.2212497235624016e+02
      3400  8.5000000000004512e+00  6.7669661055656999e-02  2.1826450422390611e+00  1.936653e-01  6.168685e+00  1.305015e+00  8.021371e+01 -4.007808e+01  1.735392e+03  1.472838e+01  5.084142e+02  3.2485264195616173e+02
      3410  8.5250000000004462e+00  6.7396664107773757e-02  2.1852981981792725e+00  1.880725e-01  6.243482e+00  1.317384e+00  8.265850e+01 -3.678026e+01  1.818034e+03  1.519383e+01  5.487687e+02  3.2765496076962529e+02
      3420  8.5500000000004412e+00  6.7123347308863476e-02  2.1877561802395018e+00  1.826694e-01  6.321946e+00  1.347435e+00  8.520725e+01 -3.225005e+01  1.903374e+03  1.574240e+01  6.019426e+02  3.3051151011817910e+02
      3430  8.5750000000004363e+00  6.6849737311871812e-02  2.1899831145105919e+00  1.774341e-01  6.403813e+00  1.394372e+00  8.785643e+01 -2.649845e+01  1.991541e+03  1.636413e+01  6.679029e+02  3.3339862505130236e+02
      3440  8.6000000000004313e+00  6.6575865158016584e-02  2.1919447793827911e+00  1.723638e-01  6.488767e+00  1.458017e+00  9.060019e+01 -1.953947e+01  2.082614e+03  1.704630e+01  7.460100e+02  3.3628976843392081e+02
      3450  8.6250000000004263e+00  6.6301766028962580e-02  2.1936092634212185e+00  1.674755e-01  6.576437e+00  1.538904e+00  9.343071e+01 -1.138865e+01  2.176611e+03  1.777450e+01  8.350285e+02  3.3915612203849935e+02
      3460  8.6500000000004214e+00  6.6027478918289348e-02  2.1949475945768597e+00  1.628053e-01  6.666409e+00  1.638284e+00  9.633926e+01 -2.058594e+00  2.273525e+03  1.853379e+01  9.332293e+02  3.4196739474717089e+02
      3470  8.6750000000004164e+00  6.5753046227421952e-02  2.1959343147201347e+00  1.584066e-01  6.758237e+00  1.758033e+00  9.931748e+01  8.447835e+00  2.373376e+03  1.930975e+01  1.038568e+03  3.4469282650255900e+02
      3480  8.7000000000004114e+00  6.5478513294613794e-02  2.1965479712750118e+00  1.543467e-01  6.851452e+00  1.900469e+00  1.023586e+02  2.014390e+01  2.476295e+03  2.008940e+01  1.148907e+03  3.4730233880913858e+02
      3490  8.7250000000004064e+00  6.5203927869173312e-02  2.1967714967262149e+00  1.507041e-01  6.945577e+00  2.068113e+00  1.054580e+02  3.306217e+01  2.582567e+03  2.086180e+01  1.262228e+03  3.4976775161303289e+02
      3500  8.7500000000004015e+00  6.4929339546705225e-02  2.1965924484709558e+00  1.475638e-01  7.040126e+00  2.263470e+00  1.086126e+02  4.725259e+01  2.692646e+03  2.161837e+01  1.376811e+03  3.5206395912828856e+02
      3510  8.7750000000003965e+00  6.4654799184273859e-02  2.1960030872569165e+00  1.450144e-01  7.134616e+00  2.488855e+00  1.118205e+02  6.277595e+01  2.807108e+03  2.235289e+01  1.491330e+03  3.5416994253361622e+02
      3520  8.8000000000003915e+00  6.4380358316506528e-02  2.1950002828152746e+00  1.431441e-01  7.228558e+00  2.746297e+00  1.150788e+02  7.969481e+01  2.926561e+03  2.306124e+01  1.604882e+03  3.5606950312593432e+02
      3530  8.8250000000003865e+00  6.4106068594228349e-02  2.1935852494592156e+00  1.420367e-01  7.321453e+00  3.037520e+00  1.183830e+02  9.806465e+01  3.051531e+03  2.374092e+01  1.716928e+03  3.5775162844278265e+02
      3540  8.8500000000003816e+00  6.3831981265881355e-02  2.1917631302837091e+00  1.417679e-01  7.412800e+00  3.363939e+00  1.217258e+02  1.179276e+02  3.182371e+03  2.439048e+01  1.827178e+03  3.5921045235618561e+02
      3550  8.8750000000003766e+00  6.3558146718705966e-02  2.1895424633677045e+00  1.424010e-01  7.502096e+00  3.726640e+00  1.250974e+02  1.393088e+02  3.319200e+03  2.500889e+01  1.935445e+03  3.6044482863926066e+02
      3560  8.9000000000003716e+00  6.3284614091758867e-02  2.1869345743699622e+00  1.439832e-01  7.588853e+00  4.126308e+00  1.284862e+02  1.622150e+02  3.461907e+03  2.559517e+01  2.041494e+03  3.6145759371700342e+02
      3570  8.9250000000003666e+00  6.3011430966864679e-02  2.1839529452546618e+00  1.465426e-01  7.672621e+00  4.563106e+00  1.318803e+02  1.866336e+02  3.610207e+03  2.614814e+01  2.144928e+03  3.6225463699956038e+02
      3580  8.9500000000003617e+00  6.2738643137429273e-02  2.1806126078084218e+00  1.500876e-01  7.753016e+00  5.036539e+00  1.352689e+02  2.125319e+02  3.763742e+03  2.666652e+01  2.245119e+03  3.6284391890508289e+02
      3590  8.9750000000003567e+00  6.2466294449300422e-02  2.1769296033451973e+00  1.546077e-01  7.829732e+00  5.545363e+00  1.386441e+02  2.398566e+02  3.922191e+03  2.714922e+01  2.341198e+03  3.6323457457161732e+02
      3600  9.0000000000003517e+00  6.2194426703456852e-02  2.1729205375609197e+00  1.600782e-01  7.902561e+00  6.087622e+00  1.420017e+02  2.685352e+02  4.085365e+03  2.759552e+01  2.432102e+03  3.6343621651963372e+02
      3610  9.0250000000003467e+00  6.1923079607636183e-02  2.1686022435810206e+00  1.664656e-01  7.971385e+00  6.660811e+00  1.453412e+02  2.984814e+02  4.253255e+03  2.800509e+01  2.516681e+03  3.6345850642824712e+02
      3620  9.0500000000003418e+00  6.1652290763451238e-02  2.1639915491612896e+00  1.737343e-01  8.036166e+00  7.262147e+00  1.486650e+02  3.296028e+02  4.426034e+03  2.837768e+01  2.593859e+03  3.6331101157217967e+02
      3630  9.0750000000003368e+00  6.1382095677056304e-02  2.1591051286046472e+00  1.818527e-01  8.096917e+00  7.888839e+00  1.519774e+02  3.618093e+02  4.603990e+03  2.871270e+01  2.662799e+03  3.6300330460883697e+02
      3640  9.1000000000003318e+00  6.1112527784564503e-02  2.1539594092335119e+00  1.907966e-01  8.153682e+00  8.538258e+00  1.552824e+02  3.950165e+02  4.787404e+03  2.900874e+01  2.722994e+03  3.6254521749978306e+02
      3650  9.1250000000003268e+00  6.0843618487533176e-02  2.1485704986309306e+00  2.005494e-01  8.206517e+00  9.207957e+00  1.585812e+02  4.291401e+02  4.976376e+03  2.926343e+01  2.774203e+03  3.6194713280901306e+02
      3660  9.1500000000003219e+00  6.0575397197816863e-02  2.1429541033365025e+00  2.110997e-01  8.255478e+00  9.895581e+00  1.618710e+02  4.640809e+02  5.170636e+03  2.947344e+01  2.816190e+03  3.6122019696439781e+02
      3670  9.1750000000003169e+00  6.0307891394132257e-02  2.1371254211939594e+00  2.224356e-01  8.300627e+00  1.059871e+01  1.651432e+02  4.997071e+02  5.369385e+03  2.963477e+01  2.848390e+03  3.6037637219274757e+02
      3680  9.2000000000003119e+00  6.0041126693937477e-02  2.1310990048987888e+00  2.345387e-01  8.342038e+00  1.131467e+01  1.683850e+02  5.358425e+02  5.571258e+03  2.974322e+01  2.869726e+03  3.5942829931143910e+02
      3690  9.2250000000003070e+00  5.9775126943606850e-02  2.1248886088695809e+00  2.473786e-01  8.379810e+00  1.204035e+01  1.715805e+02  5.722681e+02  5.774477e+03  2.979516e+01  2.878789e+03  3.5838900593246530e+02
      3700  9.2500000000003020e+00  5.9509914327698497e-02  2.1185070407617825e+00  2.609081e-01  8.414066e+00  1.277196e+01  1.747126e+02  6.087348e+02  5.977159e+03  2.978851e+01  2.874412e+03  3.5727154291673560e+02
      3710  9.2750000000002970e+00  5.9245509495318004e-02  2.1119660398783329e+00  2.750615e-01  8.444938e+00  1.350487e+01  1.777634e+02  6.449723e+02  6.177609e+03  2.972356e+01  2.856312e+03  3.5608864842587030e+02
      3720  9.3000000000002920e+00  5.8981931699154652e-02  2.1052761975424494e+00  2.897540e-01  8.472541e+00  1.423343e+01  1.807128e+02  6.806787e+02  6.374326e+03  2.960328e+01  2.825316e+03  3.5485251744858635e+02
      3730  9.3250000000002871e+00  5.8719198941625694e-02  2.0984469224879132e+00  3.048827e-01  8.496927e+00  1.495095e+01  1.835347e+02  7.154872e+02  6.565559e+03  2.943276e+01  2.782935e+03  3.5357470468845730e+02
      3740  9.3500000000002821e+00  5.8457328122931439e-02  2.0914864426862874e+00  3.203282e-01  8.518048e+00  1.564972e+01  1.861943e+02  7.489305e+02  6.748599e+03  2.921798e+01  2.730589e+03  3.5226613235299658e+02
      3750  9.3750000000002771e+00  5.8196335187379919e-02  2.0844018285379922e+00  3.359568e-01  8.535723e+00  1.632119e+01  1.886469e+02  7.804331e+02  6.919284e+03  2.896447e+01  2.669144e+03  3.5093713669623367e+02
      3760  9.4000000000002721e+00  5.7936235266243911e-02  2.0771990230653401e+00  3.516227e-01  8.549627e+00  1.695629e+01  1.908389e+02  8.093499e+02  7.072165e+03  2.867669e+01  2.599172e+03  3.4959748368582274e+02
      3770  9.4250000000002672e+00  5.7677042816874184e-02  2.0698828710384514e+00  3.671714e-01  8.559311e+00  1.754591e+01  1.927122e+02  8.350394e+02  7.201342e+03  2.835846e+01  2.521650e+03  3.4825631286690577e+02
      3780  9.4500000000002622e+00  5.7418771758287024e-02  2.0624571465642019e+00  3.824433e-01  8.564227e+00  1.808139e+01  1.942079e+02  8.569372e+02  7.301519e+03  2.801414e+01  2.438403e+03  3.4692201100294699e+02
      3790  9.4750000000002572e+00  5.7161435603192007e-02  2.0549245832340790e+00  3.972785e-01  8.563773e+00  1.855488e+01  1.952703e+02  8.746018e+02  7.368743e+03  2.764949e+01  2.351834e+03  3.4560204918353264e+02
      3800  9.5000000000002522e+00  5.6905047585880886e-02  2.0472869106982987e+00  4.115226e-01  8.557325e+00  1.895957e+01  1.958500e+02  8.877245e+02  7.400628e+03  2.727110e+01  2.264151e+03  3.4430282274590377e+02
      3810  9.5250000000002473e+00  5.6649620785079596e-02  2.0395448983266435e+00  4.250324e-01  8.544275e+00  1.928981e+01  1.959065e+02  8.961189e+02  7.396191e+03  2.688433e+01  2.176706e+03  3.4302951364303215e+02
      3820  9.5500000000002423e+00  5.6395168240983749e-02  2.0316984044314719e+00  4.376811e-01  8.524066e+00  1.954121e+01  1.954106e+02  8.997039e+02  7.355567e+03  2.649125e+01  2.089899e+03  3.4178596636198586e+02
      3830  9.5750000000002373e+00  5.6141703065783102e-02  2.0237464316058666e+00  4.493629e-01  8.496236e+00  1.971069e+01  1.943462e+02  8.984827e+02  7.279685e+03  2.609046e+01  2.003605e+03  3.4057455196172060e+02
      3840  9.6000000000002323e+00  5.5889238546568500e-02  2.0156871950140594e+00  4.599947e-01  8.460484e+00  1.979651e+01  1.927098e+02  8.925231e+02  7.170025e+03  2.567952e+01  1.917810e+03  3.3939600187867450e+02
      3850  9.6250000000002274e+00  5.5637788238188601e-02  2.0075182172907331e+00  4.695183e-01  8.416726e+00  1.979844e+01  1.905121e+02  8.819563e+02  7.028550e+03  2.525840e+01  1.833071e+03  3.3824921928663025e+02
      3860  9.6500000000002224e+00  5.5387366041734228e-02  1.9992364659985995e+00  4.778996e-01  8.365136e+00  1.971805e+01  1.877798e+02  8.670083e+02  6.857941e+03  2.483128e+01  1.750580e+03  3.3713110393235092e+02
      3870  9.6750000000002174e+00  5.5137986262555776e-02  1.9908385443149235e+00  4.851295e-01  8.306141e+00  1.955894e+01  1.845585e+02  8.480549e+02  6.662039e+03  2.440440e+01  1.671734e+03  3.3603643832979060e+02
      3880  9.7000000000002125e+00  5.4889663641088368e-02  1.9823209340427086e+00  4.912238e-01  8.240389e+00  1.932691e+01  1.809120e+02  8.256539e+02  6.446111e+03  2.398134e+01  1.597421e+03  3.3495787113558055e+02
      3890  9.7250000000002075e+00  5.4642413350676398e-02  1.9736802774042950e+00  4.962241e-01  8.168692e+00  1.902960e+01  1.769169e+02  8.005051e+02  6.216499e+03  2.355912e+01  1.527508e+03  3.3388600428211339e+02
      3900  9.7500000000002025e+00  5.4396250958829953e-02  1.9649136766420969e+00  5.001991e-01  8.092007e+00  1.867584e+01  1.726521e+02  7.733346e+02  5.979555e+03  2.312906e+01  1.460902e+03  3.3280956078349493e+02
      3910  9.7750000000001975e+00  5.4151192350984180e-02  1.9560189918188957e+00  5.032445e-01  8.011415e+00  1.827500e+01  1.681904e+02  7.447638e+02  5.740347e+03  2.268211e+01  1.396132e+03  3.3171559664100533e+02
      3920  9.8000000000001926e+00  5.3907253617765140e-02  1.9469951260866172e+00  5.054819e-01  7.928119e+00  1.783657e+01  1.635968e+02  7.152484e+02  5.501968e+03  2.221496e+01  1.331971e+03  3.3058973025967475e+02
      3930  9.8250000000001876e+00  5.3664450907431639e-02  1.9378422985009038e+00  5.070558e-01  7.843401e+00  1.737003e+01  1.589321e+02  6.851256e+02  5.265969e+03  2.173172e+01  1.267694e+03  3.2941639096445050e+02
      3940  9.8500000000001826e+00  5.3422800244685084e-02  1.9285623103899026e+00  5.081293e-01  7.758558e+00  1.688489e+01  1.542588e+02  6.547285e+02  5.033637e+03  2.123995e+01  1.202974e+03  3.2817911994017157e+02
      3950  9.8750000000001776e+00  5.3182317316402855e-02  1.9191588080219226e+00  5.088794e-01  7.674830e+00  1.639082e+01  1.496424e+02  6.244782e+02  4.807127e+03  2.074462e+01  1.137709e+03  3.2686097529938388e+02
      3960  9.9000000000001727e+00  5.2943017225167241e-02  1.9096375324115955e+00  5.094913e-01  7.593369e+00  1.589760e+01  1.451480e+02  5.948833e+02  4.589613e+03  2.024601e+01  1.072048e+03  3.2544508611226058e+02
      3970  9.9250000000001677e+00  5.2704914213591553e-02  1.9000065318186969e+00  5.101547e-01  7.515247e+00  1.541502e+01  1.408341e+02  5.664478e+02  4.384320e+03  1.974340e+01  1.006645e+03  3.2391536626578164e+02
      3980  9.9500000000001627e+00  5.2468021366250520e-02  1.8902763013234378e+00  5.110587e-01  7.441488e+00  1.495263e+01  1.367472e+02  5.395509e+02  4.193211e+03  1.924152e+01  9.429192e+02  3.2225734770739024e+02
      3990  9.9750000000001577e+00  5.2232350300675807e-02  1.8804598129906129e+00  5.123875e-01  7.373066e+00  1.451923e+01  1.329195e+02  5.143785e+02  4.016258e+03  1.875315e+01  8.829077e+02  3.2045904277470771e+02
      4000  1.0000000000000153e+01  5.1997910862832598e-02  1.8705724114976621e+00  5.143145e-01  7.310862e+00  1.412233e+01  1.293703e+02  4.909454e+02  3.851805e+03  1.829512e+01  8.285806e+02  3.1851171797576239e+02
