         0  0.0000000000000000e+00  1.2500000000000000e-01  3.7500000000000000e-01 -0.000000e+00  3.375000e+00 -0.000000e+00  1.562500e+01 -0.000000e+00  8.374023e+01  3.375000e+00  1.562500e+01  1.1250000000000000e+00
        10  2.4999999999999998e-02  1.2497656418869381e-01  3.7495409720391515e-01  1.325691e-02  3.375301e+00  1.325787e-01  1.563092e+01  1.087746e+00  8.381022e+01  3.373816e+00  1.561447e+01  1.1250575518297750e+00
        20  5.0000000000000010e-02  1.2495312975405871e-01  3.7495697895429425e-01  2.651218e-02  3.376203e+00  2.651989e-01  1.564869e+01  2.176951e+00  8.402028e+01  3.370278e+00  1.558302e+01  1.1256520240837860e+00
        30  7.5000000000000025e-02  1.2492969364796634e-01  3.7500861352966336e-01  3.976745e-02  3.377708e+00  3.979350e-01  1.567832e+01  3.269345e+00  8.437080e+01  3.364422e+00  1.553107e+01  1.1267839723935409e+00
        40  1.0000000000000005e-01  1.2490625282328213e-01  3.7510899668658337e-01  5.302432e-02  3.379814e+00  5.308612e-01  1.571982e+01  4.366659e+00  8.486250e+01  3.356309e+00  1.545930e+01  1.1284548094654365e+00
        50  1.2500000000000006e-01  1.2488280423215772e-01  3.7525815145895619e-01  6.628433e-02  3.382524e+00  6.640509e-01  1.577322e+01  5.470621e+00  8.549644e+01  3.346023e+00  1.536863e+01  1.1306668053522939e+00
        60  1.5000000000000008e-01  1.2485934482433762e-01  3.7545612793393002e-01  7.954894e-02  3.385838e+00  7.975770e-01  1.583857e+01  6.582962e+00  8.627398e+01  3.333667e+00  1.526021e+01  1.1334230892943133e+00
        70  1.7500000000000010e-01  1.2483587154548285e-01  3.7570300300495768e-01  9.281947e-02  3.389757e+00  9.315118e-01  1.591591e+01  7.705414e+00  8.719683e+01  3.319366e+00  1.513542e+01  1.1367276531479853e+00
        80  2.0000000000000012e-01  1.2481238133551067e-01  3.7599888010274296e-01  1.060972e-01  3.394283e+00  1.065926e+00  1.600532e+01  8.839711e+00  8.826700e+01  3.303263e+00  1.499584e+01  1.1405853564317667e+00
        90  2.2500000000000014e-01  1.2478887112695229e-01  3.7634388890493103e-01  1.193831e-01  3.399418e+00  1.200891e+00  1.610685e+01  9.987592e+00  8.948682e+01  3.285518e+00  1.484320e+01  1.1450019330275383e+00
       100  2.5000000000000017e-01  1.2476533784333171e-01  3.7673818502558643e-01  1.326781e-01  3.405164e+00  1.336475e+00  1.622060e+01  1.115079e+01  9.085893e+01  3.266305e+00  1.467940e+01  1.1499839995870353e+00
       110  2.7500000000000019e-01  1.2474177839756405e-01  3.7718194968561503e-01  1.459831e-01  3.411522e+00  1.472745e+00  1.634663e+01  1.233106e+01  9.238627e+01  3.245813e+00  1.450645e+01  1.1555390657023679e+00
       120  3.0000000000000021e-01  1.2471818969037533e-01  3.7767538936539247e-01  1.592984e-01  3.418494e+00  1.609768e+00  1.648506e+01  1.353013e+01  9.407207e+01  3.224240e+00  1.432648e+01  1.1616755459097103e+00
       130  3.2500000000000023e-01  1.2469456860874557e-01  3.7821873544100321e-01  1.726245e-01  3.426083e+00  1.747607e+00  1.663597e+01  1.474974e+01  9.591986e+01  3.201794e+00  1.414166e+01  1.1684027736051870e+00
       140  3.5000000000000026e-01  1.2467091202437477e-01  3.7881224380554684e-01  1.859614e-01  3.434290e+00  1.886325e+00  1.679948e+01  1.599164e+01  9.793343e+01  3.178690e+00  1.395423e+01  1.1757310169617088e+00
       150  3.7500000000000028e-01  1.2464721679217250e-01  3.7945619447707912e-01  1.993089e-01  3.443116e+00  2.025981e+00  1.697568e+01  1.725756e+01  1.001168e+02  3.155147e+00  1.376645e+01  1.1836714969455409e+00
       160  4.0000000000000030e-01  1.2462347974877336e-01  3.8015089119478468e-01  2.126667e-01  3.452562e+00  2.166632e+00  1.716469e+01  1.854923e+01  1.024744e+02  3.131386e+00  1.358059e+01  1.1922364075410632e+00
       170  4.2500000000000032e-01  1.2459969771107793e-01  3.8089666100503833e-01  2.260340e-01  3.462629e+00  2.308332e+00  1.736662e+01  1.986836e+01  1.050106e+02  3.107629e+00  1.339887e+01  1.2014389383022901e+00
       180  4.5000000000000034e-01  1.2457586747481716e-01  3.8169385383903792e-01  2.394098e-01  3.473318e+00  2.451133e+00  1.758157e+01  2.121665e+01  1.077302e+02  3.084095e+00  1.322351e+01  1.2112932993595562e+00
       190  4.7500000000000037e-01  1.2455198581314447e-01  3.8254284208368333e-01  2.527928e-01  3.484627e+00  2.595081e+00  1.780965e+01  2.259579e+01  1.106382e+02  3.061002e+00  1.305664e+01  1.2218147490200721e+00
       200  5.0000000000000033e-01  1.2452804947525654e-01  3.8344402014739470e-01  2.661814e-01  3.496555e+00  2.740221e+00  1.805096e+01  2.400742e+01  1.137396e+02  3.038561e+00  1.290035e+01  1.2330196241111333e+00
       210  5.2499999999999980e-01  1.2450405518503568e-01  3.8439780402250423e-01  2.795736e-01  3.509101e+00  2.886591e+00  1.830560e+01  2.545318e+01  1.170397e+02  3.016977e+00  1.275663e+01  1.2449253732253409e+00
       220  5.4999999999999927e-01  1.2447999963972339e-01  3.8540463084584375e-01  2.929672e-01  3.522262e+00  3.034225e+00  1.857366e+01  2.693465e+01  1.205438e+02  2.996445e+00  1.262739e+01  1.2575505930379576e+00
       230  5.7499999999999873e-01  1.2445587950861804e-01  3.8646495845907647e-01  3.063595e-01  3.536033e+00  3.183153e+00  1.885520e+01  2.845335e+01  1.242573e+02  2.977153e+00  1.251444e+01  1.2709150678772905e+00
       240  5.9999999999999820e-01  1.2443169143180176e-01  3.8757926497024364e-01  3.197475e-01  3.550411e+00  3.333399e+00  1.915028e+01  3.001078e+01  1.281857e+02  2.959277e+00  1.241949e+01  1.2850398127404317e+00
       250  6.2499999999999767e-01  1.2440743201889023e-01  3.8874804831792581e-01  3.331279e-01  3.565388e+00  3.484980e+00  1.945896e+01  3.160834e+01  1.323342e+02  2.942980e+00  1.234415e+01  1.2999471199583910e+00
       260  6.4999999999999714e-01  1.2438309784781254e-01  3.8997182583928613e-01  3.464968e-01  3.580957e+00  3.637908e+00  1.978127e+01  3.324737e+01  1.367084e+02  2.928415e+00  1.228991e+01  1.3156606097265195e+00
       270  6.7499999999999660e-01  1.2435868546361564e-01  3.9125113384319377e-01  3.598503e-01  3.597109e+00  3.792187e+00  2.011720e+01  3.492911e+01  1.413133e+02  2.915720e+00  1.225816e+01  1.3322052847288197e+00
       280  6.9999999999999607e-01  1.2433419137729351e-01  3.9258652718943604e-01  3.731837e-01  3.613834e+00  3.947814e+00  2.046674e+01  3.665471e+01  1.461539e+02  2.905021e+00  1.225018e+01  1.3496075890976675e+00
       290  7.2499999999999554e-01  1.2430961206464423e-01  3.9397857887495080e-01  3.864923e-01  3.631121e+00  4.104778e+00  2.082984e+01  3.842519e+01  1.512351e+02  2.896428e+00  1.226714e+01  1.3678954719639838e+00
       300  7.4999999999999500e-01  1.2428494396514937e-01  3.9542787962782611e-01  3.997708e-01  3.648956e+00  4.263059e+00  2.120643e+01  4.024144e+01  1.565612e+02  2.890039e+00  1.231012e+01  1.3870984558670858e+00
       310  7.7499999999999447e-01  1.2426018348088071e-01  3.9693503750965575e-01  4.130136e-01  3.667323e+00  4.422629e+00  2.159639e+01  4.210422e+01  1.621363e+02  2.885935e+00  1.238008e+01  1.4072477103078722e+00
       320  7.9999999999999394e-01  1.2423532697542830e-01  3.9850067752670748e-01  4.262147e-01  3.686206e+00  4.583449e+00  2.199959e+01  4.401412e+01  1.679639e+02  2.884183e+00  1.247787e+01  1.4283761307444658e+00
       330  8.2499999999999341e-01  1.2421037077285468e-01  4.0012544125015914e-01  4.393676e-01  3.705586e+00  4.745472e+00  2.241584e+01  4.597153e+01  1.740470e+02  2.884838e+00  1.260427e+01  1.4505184233452149e+00
       340  8.4999999999999287e-01  1.2418531115666993e-01  4.0180998644550014e-01  4.524657e-01  3.725442e+00  4.908640e+00  2.284490e+01  4.797667e+01  1.803879e+02  2.887937e+00  1.275991e+01  1.4737111958300966e+00
       350  8.7499999999999234e-01  1.2416014436883117e-01  4.0355498671101192e-01  4.655018e-01  3.745751e+00  5.072884e+00  2.328650e+01  5.002953e+01  1.869881e+02  2.893505e+00  1.294535e+01  1.4979930547487343e+00
       360  8.9999999999999181e-01  1.2413486660876226e-01  4.0536113112508410e-01  4.784684e-01  3.766490e+00  5.238122e+00  2.374032e+01  5.212987e+01  1.938482e+02  2.901553e+00  1.316105e+01  1.5234047095602465e+00
       370  9.2499999999999127e-01  1.2410947403239680e-01  4.0722912390191224e-01  4.913578e-01  3.787631e+00  5.404264e+00  2.420598e+01  5.427719e+01  2.009680e+02  2.912077e+00  1.340732e+01  1.5499890838980421e+00
       380  9.4999999999999074e-01  1.2408396275124141e-01  4.0915968405498143e-01  5.041617e-01  3.809145e+00  5.571204e+00  2.468304e+01  5.647073e+01  2.083459e+02  2.925060e+00  1.368440e+01  1.5777914344201964e+00
       390  9.7499999999999021e-01  1.2405832883145919e-01  4.1115354506752305e-01  5.168717e-01  3.831002e+00  5.738826e+00  2.517101e+01  5.870942e+01  2.159795e+02  2.940474e+00  1.399239e+01  1.6068594776640923e+00
       400  9.9999999999998967e-01  1.2403256829297493e-01  4.1321145456903452e-01  5.294791e-01  3.853169e+00  5.907002e+00  2.566934e+01  6.099191e+01  2.238649e+02  2.958275e+00  1.433127e+01  1.6372435253413891e+00
       410  1.0249999999999893e+00  1.2400667710859943e-01  4.1533417401668526e-01  5.419746e-01  3.875611e+00  6.075589e+00  2.617741e+01  6.331649e+01  2.319966e+02  2.978408e+00  1.470087e+01  1.6689966285264775e+00
       420  1.0499999999999887e+00  1.2398065120317313e-01  4.1752247838037432e-01  5.543489e-01  3.898291e+00  6.244432e+00  2.669452e+01  6.568114e+01  2.403679e+02  3.000808e+00  1.510090e+01  1.7021747312076616e+00
       430  1.0749999999999882e+00  1.2395448645272947e-01  4.1977715582999547e-01  5.665924e-01  3.921170e+00  6.413363e+00  2.721994e+01  6.808346e+01  2.489704e+02  3.025396e+00  1.553092e+01  1.7368368336851276e+00
       440  1.0999999999999877e+00  1.2392817868368014e-01  4.2209900742333345e-01  5.786951e-01  3.944207e+00  6.582201e+00  2.775284e+01  7.052070e+01  2.577938e+02  3.052084e+00  1.599032e+01  1.7730451663124143e+00
       450  1.1249999999999871e+00  1.2390172367201563e-01  4.2448884679289633e-01  5.906470e-01  3.967360e+00  6.750753e+00  2.829233e+01  7.298971e+01  2.668262e+02  3.080770e+00  1.647831e+01  1.8108653740885576e+00
       460  1.1499999999999866e+00  1.2387511714253105e-01  4.2694749982986774e-01  6.024378e-01  3.990584e+00  6.918813e+00  2.883744e+01  7.548696e+01  2.760537e+02  3.111347e+00  1.699394e+01  1.8503667126148988e+00
       470  1.1749999999999861e+00  1.2384835476806445e-01  4.2947580436322647e-01  6.140569e-01  4.013834e+00  7.086161e+00  2.938716e+01  7.800853e+01  2.854606e+02  3.143695e+00  1.753607e+01  1.8916222559334244e+00
       480  1.1999999999999855e+00  1.2382143216876379e-01  4.3207460983204549e-01  6.254936e-01  4.037061e+00  7.252567e+00  2.994037e+01  8.055011e+01  2.950291e+02  3.177686e+00  1.810334e+01  1.9347091167607391e+00
       490  1.2249999999999850e+00  1.2379434491136830e-01  4.3474477694881564e-01  6.367372e-01  4.060217e+00  7.417789e+00  3.049591e+01  8.310697e+01  3.047394e+02  3.213184e+00  1.869422e+01  1.9797086796228394e+00
       500  1.2499999999999845e+00  1.2376708850851514e-01  4.3748717735168285e-01  6.477767e-01  4.083251e+00  7.581574e+00  3.105256e+01  8.567404e+01  3.145697e+02  3.250046e+00  1.930694e+01  2.0267068473789198e+00
       510  1.2749999999999839e+00  1.2373965841806536e-01  4.4030269324332189e-01  6.586012e-01  4.106112e+00  7.743661e+00  3.160902e+01  8.824582e+01  3.244962e+02  3.288120e+00  1.993952e+01  2.0757943015959759e+00
       520  1.2999999999999834e+00  1.2371205004245535e-01  4.4319221701425060e-01  6.691997e-01  4.128748e+00  7.903778e+00  3.216393e+01  9.081648e+01  3.344930e+02  3.327249e+00  2.058978e+01  2.1270667771979697e+00
       530  1.3249999999999829e+00  1.2368425872807098e-01  4.4615665084826683e-01  6.795610e-01  4.151107e+00  8.061646e+00  3.271591e+01  9.337984e+01  3.445325e+02  3.367272e+00  2.125533e+01  2.1806253517629131e+00
       540  1.3499999999999823e+00  1.2365627976464837e-01  4.4919690630782089e-01  6.896741e-01  4.173135e+00  8.216979e+00  3.326351e+01  9.592940e+01  3.545853e+02  3.408020e+00  2.193353e+01  2.2365767497738083e+00
       550  1.3749999999999818e+00  1.2362810838469941e-01  4.5231390389704929e-01  6.995281e-01  4.194780e+00  8.369486e+00  3.380523e+01  9.845839e+01  3.646201e+02  3.449325e+00  2.262160e+01  2.2950336620454475e+00
       560  1.3999999999999813e+00  1.2359973976296654e-01  4.5550857260031813e-01  7.091119e-01  4.215987e+00  8.518872e+00  3.433956e+01  1.009598e+02  3.746044e+02  3.491012e+00  2.331652e+01  2.3561150804431454e+00
       570  1.4249999999999807e+00  1.2357116901590731e-01  4.5878184939418831e-01  7.184148e-01  4.236705e+00  8.664841e+00  3.486496e+01  1.034263e+02  3.845039e+02  3.532906e+00  2.401514e+01  2.4199466478808223e+00
       580  1.4499999999999802e+00  1.2354239120120993e-01  4.6213467873080560e-01  7.274261e-01  4.256881e+00  8.807093e+00  3.537988e+01  1.058506e+02  3.942837e+02  3.574832e+00  2.471412e+01  2.4866610234294431e+00
       590  1.4749999999999797e+00  1.2351340131734170e-01  4.6556801199085862e-01  7.361352e-01  4.276465e+00  8.945333e+00  3.588274e+01  1.082250e+02  4.039076e+02  3.616616e+00  2.541002e+01  2.5563982621811778e+00
       600  1.4999999999999791e+00  1.2348419430313265e-01  4.6908280690438242e-01  7.445318e-01  4.295407e+00  9.079264e+00  3.637200e+01  1.105422e+02  4.133392e+02  3.658084e+00  2.609928e+01  2.6293062092940307e+00
       610  1.5249999999999786e+00  1.2345476503739768e-01  4.7268002693795652e-01  7.526058e-01  4.313658e+00  9.208599e+00  3.684612e+01  1.127944e+02  4.225414e+02  3.699066e+00  2.677829e+01  2.7055409073851004e+00
       620  1.5499999999999781e+00  1.2342510833859556e-01  4.7636064064693540e-01  7.603474e-01  4.331174e+00  9.333053e+00  3.730358e+01  1.149741e+02  4.314774e+02  3.739397e+00  2.744340e+01  2.7852670161413204e+00
       630  1.5749999999999775e+00  1.2339521896453266e-01  4.8012562099175687e-01  7.677470e-01  4.347909e+00  9.452351e+00  3.774293e+01  1.170740e+02  4.401107e+02  3.778916e+00  2.809096e+01  2.8686582426731873e+00
       640  1.5999999999999770e+00  1.2336509161210656e-01  4.8397594461757470e-01  7.747955e-01  4.363823e+00  9.566229e+00  3.816273e+01  1.190868e+02  4.484054e+02  3.817471e+00  2.871737e+01  2.9558977807448183e+00
       650  1.6249999999999765e+00  1.2333472091709879e-01  4.8791259109683249e-01  7.814839e-01  4.378878e+00  9.674435e+00  3.856164e+01  1.210057e+02  4.563268e+02  3.854916e+00  2.931911e+01  3.0471787565690089e+00
       660  1.6499999999999759e+00  1.2330410145401621e-01  4.9193654213482951e-01  7.878038e-01  4.393038e+00  9.776729e+00  3.893837e+01  1.228239e+02  4.638414e+02  3.891116e+00  2.989281e+01  3.1427046783568304e+00
       670  1.6749999999999754e+00  1.2327322773597940e-01  4.9604878073865705e-01  7.937470e-01  4.406272e+00  9.872889e+00  3.929174e+01  1.245353e+02  4.709178e+02  3.925945e+00  3.043525e+01  3.2426898862555431e+00
       680  1.6999999999999749e+00  1.2324209421466922e-01  5.0025029035048585e-01  7.993059e-01  4.418552e+00  9.962710e+00  3.962065e+01  1.261340e+02  4.775266e+02  3.959290e+00  3.094345e+01  3.3473599986950200e+00
       690  1.7249999999999743e+00  1.2321069528032415e-01  5.0454205394665663e-01  8.044732e-01  4.429855e+00  1.004600e+01  3.992412e+01  1.276148e+02  4.836406e+02  3.991051e+00  3.141470e+01  3.4569523504947011e+00
       700  1.7499999999999738e+00  1.2317902526179740e-01  5.0892505310461211e-01  8.092421e-01  4.440162e+00  1.012260e+01  4.020127e+01  1.289729e+02  4.892358e+02  4.021141e+00  3.184656e+01  3.5717164173627687e+00
       710  1.7749999999999733e+00  1.2314707842667123e-01  5.1340026704041253e-01  8.136063e-01  4.449456e+00  1.019236e+01  4.045136e+01  1.302043e+02  4.942909e+02  4.049489e+00  3.223697e+01  3.6919142206572086e+00
       720  1.7999999999999727e+00  1.2311484898143533e-01  5.1796867162022930e-01  8.175598e-01  4.457729e+00  1.025516e+01  4.067378e+01  1.313055e+02  4.987880e+02  4.076040e+00  3.258424e+01  3.8178207054843813e+00
       730  1.8249999999999722e+00  1.2308233107172450e-01  5.2263123835005909e-01  8.210974e-01  4.464975e+00  1.031089e+01  4.086806e+01  1.322737e+02  5.027127e+02  4.100754e+00  3.288708e+01  3.9497240844057826e+00
       740  1.8499999999999717e+00  1.2304951878262051e-01  5.2738893334869374e-01  8.242142e-01  4.471195e+00  1.035949e+01  4.103388e+01  1.331067e+02  5.060542e+02  4.123610e+00  3.314466e+01  4.0879261382281751e+00
       750  1.8749999999999711e+00  1.2301640613902083e-01  5.3224271630988385e-01  8.269056e-01  4.476393e+00  1.040088e+01  4.117106e+01  1.338034e+02  5.088057e+02  4.144603e+00  3.335660e+01  4.2327424645991165e+00
       760  1.8999999999999706e+00  1.2298298710606849e-01  5.3719353946072212e-01  8.291678e-01  4.480580e+00  1.043506e+01  4.127958e+01  1.343631e+02  5.109638e+02  4.163747e+00  3.352299e+01  4.3845026644525049e+00
       770  1.9249999999999701e+00  1.2294925558965009e-01  5.4224234652416192e-01  8.309974e-01  4.483772e+00  1.046201e+01  4.135957e+01  1.347860e+02  5.125294e+02  4.181074e+00  3.364442e+01  4.5435504557906228e+00
       780  1.9499999999999695e+00  1.2291520543696030e-01  5.4739007169485121e-01  8.323913e-01  4.485990e+00  1.048175e+01  4.141129e+01  1.350728e+02  5.135069e+02  4.196634e+00  3.372198e+01  4.7102437038944576e+00
       790  1.9749999999999690e+00  1.2288083043711913e-01  5.5263763863854187e-01  8.333470e-01  4.487261e+00  1.049431e+01  4.143519e+01  1.352253e+02  5.139047e+02  4.210495e+00  3.375724e+01  4.8849543568726244e+00
       800  1.9999999999999685e+00  1.2284612432186558e-01  5.5798595952663721e-01  8.338624e-01  4.487618e+00  1.049977e+01  4.143184e+01  1.352457e+02  5.137346e+02  4.222743e+00  3.375228e+01  5.0680682755407869e+00
       810  2.0249999999999679e+00  1.2281108076629955e-01  5.6343593411867288e-01  8.339360e-01  4.487097e+00  1.049820e+01  4.140194e+01  1.351368e+02  5.130121e+02  4.233481e+00  3.370965e+01  5.2599849470129714e+00
       820  2.0499999999999674e+00  1.2277569338968333e-01  5.6898844890684130e-01  8.335663e-01  4.485741e+00  1.048970e+01  4.134637e+01  1.349023e+02  5.117559e+02  4.242829e+00  3.363237e+01  5.4611170721328195e+00
       830  2.0749999999999669e+00  1.2273995575629132e-01  5.7464437633806731e-01  8.327527e-01  4.483600e+00  1.047440e+01  4.126610e+01  1.345463e+02  5.099875e+02  4.250924e+00  3.352392e+01  5.6718900180055476e+00
       840  2.0999999999999663e+00  1.2270386137631037e-01  5.8040457413040747e-01  8.314946e-01  4.480725e+00  1.045242e+01  4.116224e+01  1.340734e+02  5.077314e+02  4.257916e+00  3.338820e+01  5.8927411284464117e+00
       850  2.1249999999999658e+00  1.2266740370677726e-01  5.8626988470189101e-01  8.297919e-01  4.477175e+00  1.042391e+01  4.103601e+01  1.334886e+02  5.050145e+02  4.263973e+00  3.322955e+01  6.1241188871481835e+00
       860  2.1499999999999653e+00  1.2263057615254438e-01  5.9224113473126261e-01  8.276447e-01  4.473014e+00  1.038904e+01  4.088876e+01  1.327973e+02  5.018658e+02  4.269274e+00  3.305271e+01  6.3664819307980416e+00
       870  2.1749999999999647e+00  1.2259337206727364e-01  5.9831913487118060e-01  8.250535e-01  4.468308e+00  1.034796e+01  4.072190e+01  1.320053e+02  4.983164e+02  4.274014e+00  3.286280e+01  6.6202979122327612e+00
       880  2.1999999999999642e+00  1.2255578475443810e-01  6.0450467963574039e-01  8.220191e-01  4.463130e+00  1.030085e+01  4.053696e+01  1.311187e+02  4.943985e+02  4.278395e+00  3.266531e+01  6.8860422169896296e+00
       890  2.2249999999999637e+00  1.2251780746833281e-01  6.1079854748502616e-01  8.185424e-01  4.457557e+00  1.024790e+01  4.033555e+01  1.301435e+02  4.901459e+02  4.282636e+00  3.246611e+01  7.1641965402578700e+00
       900  2.2499999999999631e+00  1.2247943341506327e-01  6.1720150113049699e-01  8.146248e-01  4.451669e+00  1.018927e+01  4.011933e+01  1.290860e+02  4.855931e+02  4.286962e+00  3.227142e+01  7.4552473352149349e+00
       910  2.2749999999999626e+00  1.2244065575351133e-01  6.2371428808559515e-01  8.102676e-01  4.445551e+00  1.012514e+01  3.989006e+01  1.279524e+02  4.807754e+02  4.291608e+00  3.208783e+01  7.7596841479984722e+00
       920  2.2999999999999621e+00  1.2240146759626513e-01  6.3033764148659899e-01  8.054724e-01  4.439292e+00  1.005570e+01  3.964952e+01  1.267490e+02  4.757284e+02  4.296819e+00  3.192228e+01  8.0779978590534416e+00
       930  2.3249999999999615e+00  1.2236186201047956e-01  6.3707228120930171e-01  8.002410e-01  4.432983e+00  9.981101e+00  3.939959e+01  1.254817e+02  4.704877e+02  4.302845e+00  3.178207e+01  8.4106788552543499e+00
       940  2.3499999999999610e+00  1.2232183201865764e-01  6.4391891530697909e-01  7.945753e-01  4.426719e+00  9.901505e+00  3.914214e+01  1.241566e+02  4.650890e+02  4.309944e+00  3.167490e+01  8.7582151619614805e+00
       950  2.3749999999999605e+00  1.2228137059934134e-01  6.5087824179543929e-01  7.884775e-01  4.420600e+00  9.817057e+00  3.887914e+01  1.227790e+02  4.595678e+02  4.318379e+00  3.160885e+01  9.1210905689831350e+00
       960  2.3999999999999599e+00  1.2224047068766494e-01  6.5795095081065513e-01  7.819496e-01  4.414726e+00  9.727886e+00  3.861255e+01  1.213543e+02  4.539590e+02  4.328418e+00  3.159240e+01  9.4997827892145317e+00
       970  2.4249999999999594e+00  1.2219912517577672e-01  6.6513772716407993e-01  7.749939e-01  4.409202e+00  9.634104e+00  3.834440e+01  1.198872e+02  4.482973e+02  4.340331e+00  3.163448e+01  9.8947616934708975e+00
       980  2.4499999999999589e+00  1.2215732691307553e-01  6.7243925332019450e-01  7.676129e-01  4.404134e+00  9.535804e+00  3.807674e+01  1.183820e+02  4.426169e+02  4.354393e+00  3.174443e+01  1.0306487669675994e+01
       990  2.4749999999999583e+00  1.2211506870625131e-01  6.7985621282033160e-01  7.598090e-01  4.399632e+00  9.433055e+00  3.781167e+01  1.168424e+02  4.369513e+02  4.370878e+00  3.193208e+01  1.0735410159085323e+01
      1000  2.4999999999999578e+00  1.2207234331910333e-01  6.8738929417567429e-01  7.515849e-01  4.395805e+00  9.325901e+00  3.755133e+01  1.152715e+02  4.313339e+02  4.390063e+00  3.220772e+01  1.1181966426581631e+01
      1010  2.5249999999999573e+00  1.2202914347209126e-01  6.9503919525169211e-01  7.429431e-01  4.392767e+00  9.214360e+00  3.729790e+01  1.136716e+02  4.257978e+02  4.412221e+00  3.258210e+01  1.1646580626270030e+01
      1020  2.5499999999999567e+00  1.2198546184160174e-01  7.0280662816505413e-01  7.338866e-01  4.390633e+00  9.098421e+00  3.705360e+01  1.120443e+02  4.203760e+02  4.437625e+00  3.306648e+01  1.2129663227618265e+01
      1030  2.5749999999999562e+00  1.2194129105888871e-01  7.1069232471305332e-01  7.244181e-01  4.389517e+00  8.978043e+00  3.682072e+01  1.103903e+02  4.151018e+02  4.466542e+00  3.367255e+01  1.2631610871226396e+01
      1040  2.5999999999999557e+00  1.2189662370866688e-01  7.1869704235457643e-01  7.145409e-01  4.389536e+00  8.853151e+00  3.660163e+01  1.087096e+02  4.100089e+02  4.499235e+00  3.441247e+01  1.3152806727002609e+01
      1050  2.6249999999999551e+00  1.2185145232729735e-01  7.2682157076048948e-01  7.042580e-01  4.390808e+00  8.723639e+00  3.639876e+01  1.070008e+02  4.051322e+02  4.535958e+00  3.529877e+01  1.3693621431069452e+01
      1060  2.6499999999999546e+00  1.2180576940056283e-01  7.3506673895045460e-01  6.935729e-01  4.393450e+00  8.589365e+00  3.621462e+01  1.052618e+02  4.005079e+02  4.576956e+00  3.634433e+01  1.4254414681177542e+01
      1070  2.6749999999999541e+00  1.2175956736096782e-01  7.4343342303230431e-01  6.824890e-01  4.397581e+00  8.450154e+00  3.605184e+01  1.034891e+02  3.961742e+02  4.622464e+00  3.756230e+01  1.4835537573802345e+01
      1080  2.6999999999999535e+00  1.2171283858454243e-01  7.5192255455933488e-01  6.710102e-01  4.403316e+00  8.305795e+00  3.591315e+01  1.016781e+02  3.921721e+02  4.672701e+00  3.896597e+01  1.5437335769492879e+01
      1090  2.7249999999999530e+00  1.2166557538709333e-01  7.6053512952053115e-01  6.591405e-01  4.410773e+00  8.156047e+00  3.580139e+01  9.982300e+01  3.885459e+02  4.727875e+00  4.056869e+01  1.6060153576520989e+01
      1100  2.7499999999999525e+00  1.2161777001988866e-01  7.6927221797826328e-01  6.468840e-01  4.420066e+00  8.000632e+00  3.571956e+01  9.791636e+01  3.853442e+02  4.788173e+00  4.238368e+01  1.6704339046510739e+01
      1110  2.7749999999999519e+00  1.2156941466471083e-01  7.7813497436806045e-01  6.342454e-01  4.431311e+00  7.839244e+00  3.567080e+01  9.594952e+01  3.826203e+02  4.853766e+00  4.442391e+01  1.7370250179635352e+01
      1120  2.7999999999999514e+00  1.2152050142824387e-01  7.8712464847517127e-01  6.212296e-01  4.444617e+00  7.671549e+00  3.565841e+01  9.391224e+01  3.804339e+02  4.924804e+00  4.670190e+01  1.8058262341260463e+01
      1130  2.8249999999999509e+00  1.2147102233575530e-01  7.9624259710308065e-01  6.078418e-01  4.460094e+00  7.497187e+00  3.568586e+01  9.179272e+01  3.788515e+02  5.001419e+00  4.922957e+01  1.8768776996708652e+01
      1140  2.8499999999999504e+00  1.2142096932402796e-01  8.0549029644973957e-01  5.940878e-01  4.477847e+00  7.315779e+00  3.575677e+01  8.957758e+01  3.779477e+02  5.083722e+00  5.201802e+01  1.9502231876238731e+01
      1150  2.8749999999999498e+00  1.2137033423349848e-01  8.1486935520797121e-01  5.799738e-01  4.497978e+00  7.126931e+00  3.587498e+01  8.725184e+01  3.778061e+02  5.171805e+00  5.507744e+01  2.0259112688420622e+01
      1160  2.8999999999999493e+00  1.2131910879954363e-01  8.2438152840727819e-01  5.655065e-01  4.520584e+00  6.930239e+00  3.604446e+01  8.479890e+01  3.785204e+02  5.265747e+00  5.841698e+01  2.1039966506812583e+01
      1170  2.9249999999999488e+00  1.2126728464289389e-01  8.3402873201488292e-01  5.506932e-01  4.545756e+00  6.725301e+00  3.626939e+01  8.220064e+01  3.801953e+02  5.365614e+00  6.204472e+01  2.1845416962005316e+01
      1180  2.9499999999999482e+00  1.2121485325909555e-01  8.4381305831409181e-01  5.355417e-01  4.573583e+00  6.511717e+00  3.655408e+01  7.943745e+01  3.829475e+02  5.471467e+00  6.596779e+01  2.2676181378257123e+01
      1190  2.9749999999999477e+00  1.2116180600699397e-01  8.5373679207733266e-01  5.200607e-01  4.604143e+00  6.289107e+00  3.690299e+01  7.648843e+01  3.869060e+02  5.583372e+00  7.019254e+01  2.3533090000415186e+01
      1200  2.9999999999999472e+00  1.2110813409618498e-01  8.6380242754959113e-01  5.042596e-01  4.637512e+00  6.057116e+00  3.732068e+01  7.333156e+01  3.922131e+02  5.701411e+00  7.472499e+01  2.4417107461655007e+01
      1210  3.0249999999999466e+00  1.2105382857336659e-01  8.7401268625374540e-01  4.881485e-01  4.673754e+00  5.815427e+00  3.781182e+01  6.994398e+01  3.990240e+02  5.825697e+00  7.957141e+01  2.5329356644699800e+01
      1220  3.0499999999999461e+00  1.2099888030756618e-01  8.8437053562247225e-01  4.717384e-01  4.712930e+00  5.563772e+00  3.838109e+01  6.630237e+01  4.075066e+02  5.956392e+00  8.473912e+01  2.6271145087637155e+01
      1230  3.0749999999999456e+00  1.2094327997416807e-01  8.9487920845035485e-01  4.550415e-01  4.755089e+00  5.301947e+00  3.903317e+01  6.238340e+01  4.178410e+02  6.093729e+00  9.023769e+01  2.7243994079619384e+01
      1240  3.0999999999999450e+00  1.2088701803770853e-01  9.0554222314398558e-01  4.380707e-01  4.800274e+00  5.029824e+00  3.977267e+01  5.816426e+01  4.302177e+02  6.238038e+00  9.608033e+01  2.8249670581766708e+01
      1250  3.1249999999999445e+00  1.2083008473336965e-01  9.1636340472644728e-01  4.208403e-01  4.848517e+00  4.747363e+00  4.060409e+01  5.362334e+01  4.448358e+02  6.389778e+00  1.022859e+02  2.9290222095512604e+01
      1260  3.1499999999999440e+00  1.2077247004715103e-01  9.2734690652612961e-01  4.033656e-01  4.899842e+00  4.454628e+00  4.153170e+01  4.874100e+01  4.619004e+02  6.549571e+00  1.088813e+02  3.0368014586398964e+01
      1270  3.1749999999999434e+00  1.2071416369466020e-01  9.3849723244767280e-01  3.856632e-01  4.954265e+00  4.151800e+00  4.255952e+01  4.350035e+01  4.816190e+02  6.718240e+00  1.159046e+02  3.1485773558358851e+01
      1280  3.1999999999999429e+00  1.2065515509849724e-01  9.4981925968722913e-01  3.677511e-01  5.011790e+00  3.839187e+00  4.369121e+01  3.788826e+01  5.041977e+02  6.896856e+00  1.234076e+02  3.2646628363775818e+01
      1290  3.2249999999999424e+00  1.2059543336421463e-01  9.6131826171252888e-01  3.496484e-01  5.072413e+00  3.517238e+00  4.493002e+01  3.189636e+01  5.298367e+02  7.086788e+00  1.314581e+02  3.3854159827913783e+01
      1300  3.2499999999999418e+00  1.2053498725483318e-01  9.7299993128054729e-01  3.313759e-01  5.136122e+00  3.186551e+00  4.627868e+01  2.552209e+01  5.587242e+02  7.289755e+00  1.401427e+02  3.5112451258111577e+01
      1310  3.2749999999999413e+00  1.2047380516393145e-01  9.8487040320559704e-01  3.129557e-01  5.202895e+00  2.847882e+00  4.773936e+01  1.876992e+01  5.910304e+02  7.507891e+00  1.495680e+02  3.6426142886729473e+01
      1320  3.2999999999999408e+00  1.2041187508732362e-01  9.9693627651269301e-01  2.944112e-01  5.272700e+00  2.502150e+00  4.931360e+01  1.165247e+01  6.269001e+02  7.743813e+00  1.598672e+02  3.7800489741073491e+01
      1330  3.3249999999999402e+00  1.2034918459339097e-01  1.0092046355069253e+00  2.757675e-01  5.345498e+00  2.150437e+00  5.100222e+01  4.191706e+00  6.664448e+02  8.000702e+00  1.712094e+02  3.9241422812163158e+01
      1340  3.3499999999999397e+00  1.2028572079213891e-01  1.0216830691525125e+00  2.570506e-01  5.421242e+00  1.793984e+00  5.280533e+01 -3.580060e+00  7.097348e+02  8.282393e+00  1.838185e+02  4.0755613168683780e+01
      1350  3.3749999999999392e+00  1.2022147030312770e-01  1.0343796879838487e+00  2.382879e-01  5.499876e+00  1.434184e+00  5.472225e+01 -1.161940e+01  7.567927e+02  8.593476e+00  1.979985e+02  4.2350538293998540e+01
      1360  3.3999999999999386e+00  1.2015641922243257e-01  1.0473031375700659e+00  2.195078e-01  5.581339e+00  1.072562e+00  5.675155e+01 -1.987147e+01  8.075892e+02  8.939395e+00  2.141642e+02  4.4034549385082485e+01
      1370  3.4249999999999381e+00  1.2009055308891750e-01  1.0604626073395345e+00  2.007392e-01  5.665559e+00  7.107482e-01  5.889109e+01 -2.827020e+01  8.620424e+02  9.326534e+00  2.328749e+02  4.5816937638819482e+01
      1380  3.4499999999999376e+00  1.2002385685012718e-01  1.0738678333658589e+00  1.820114e-01  5.752461e+00  3.504484e-01  6.113806e+01 -3.673930e+01  9.200215e+02  9.762283e+00  2.548656e+02  4.7707996693072623e+01
      1390  3.4749999999999370e+00  1.1995631482824240e-01  1.0875290935542077e+00  1.633538e-01  5.841960e+00 -6.604841e-03  6.348911e+01 -4.519389e+01  9.813529e+02  1.025505e+01  2.810764e+02  4.9719077452776546e+01
      1400  3.4999999999999365e+00  1.1988791068661339e-01  1.1014571935813544e+00  1.447949e-01  5.933964e+00 -3.587034e-01  6.594043e+01 -5.354286e+01  1.045831e+03  1.081421e+01  3.126808e+02  5.1862630608490733e+01
      1410  3.5249999999999360e+00  1.1981862739750482e-01  1.1156634419672451e+00  1.263625e-01  6.028374e+00 -7.042246e-01  6.848787e+01 -6.169192e+01  1.113228e+03  1.145001e+01  3.511174e+02  5.4152231351924826e+01
      1420  3.5499999999999354e+00  1.1974844721178211e-01  1.1301596128107632e+00  1.080822e-01  6.125080e+00 -1.041698e+00  7.112701e+01 -6.954710e+01  1.183305e+03  1.217333e+01  3.981315e+02  5.6602580209375361e+01
      1430  3.5749999999999349e+00  1.1967735163133121e-01  1.1449578950150614e+00  8.997792e-02  6.223962e+00 -1.369875e+00  7.385327e+01 -7.701884e+01  1.255823e+03  1.299549e+01  4.558290e+02  5.9229473630859552e+01
      1440  3.5999999999999344e+00  1.1960532138512049e-01  1.1600708272460323e+00  7.207045e-02  6.324888e+00 -1.687801e+00  7.666186e+01 -8.402623e+01  1.330547e+03  1.392796e+01  5.267449e+02  6.2049738051521182e+01
      1450  3.6249999999999338e+00  1.1953233640975236e-01  1.1755112183882921e+00  5.437751e-02  6.427711e+00 -1.994885e+00  7.954781e+01 -9.050171e+01  1.407251e+03  1.498209e+01  6.139244e+02  6.5081121635183067e+01
      1460  3.6499999999999333e+00  1.1945837583545486e-01  1.1912920538564502e+00  3.691328e-02  6.532269e+00 -2.290960e+00  8.250595e+01 -9.639571e+01  1.485726e+03  1.616887e+01  7.210149e+02  6.8342138876614428e+01
      1470  3.6749999999999328e+00  1.1938341797833829e-01  1.2074263887655770e+00  1.968829e-02  6.638385e+00 -2.576332e+00  8.553081e+01 -1.016814e+02  1.565775e+03  1.749880e+01  8.523642e+02  7.1851864752850929e+01
      1480  3.6999999999999322e+00  1.1930744033969637e-01  1.2239272296506676e+00  2.709472e-03  6.745864e+00 -2.851820e+00  8.861660e+01 -1.063588e+02  1.647215e+03  1.898179e+01  1.013119e+03  7.5629677251415870e+01
      1490  3.7249999999999317e+00  1.1923041961299433e-01  1.2408074071464359e+00 -1.401945e-02  6.854497e+00 -3.118770e+00  9.175720e+01 -1.104591e+02  1.729883e+03  2.062722e+01  1.209318e+03  7.9694949904291974e+01
      1500  3.7499999999999312e+00  1.1915233169902856e-01  1.2580794427745192e+00 -3.049729e-02  6.964059e+00 -3.379037e+00  9.494615e+01 -1.140466e+02  1.813631e+03  2.244400e+01  1.447965e+03  8.4066699358496962e+01
      1510  3.7749999999999306e+00  1.1907315172947816e-01  1.2757554136769860e+00 -4.672440e-02  7.074319e+00 -3.634947e+00  9.817678e+01 -1.172207e+02  1.898331e+03  2.444073e+01  1.737067e+03  8.8763196782872427e+01
      1520  3.7999999999999301e+00  1.1899285409888216e-01  1.2938468196704054e+00 -6.270123e-02  7.185036e+00 -3.889208e+00  1.014423e+02 -1.201146e+02  1.983883e+03  2.662568e+01  2.085638e+03  9.3801555604710501e+01
      1530  3.8249999999999296e+00  1.1891141250470211e-01  1.3123644572187450e+00 -7.842659e-02  7.295968e+00 -4.144797e+00  1.047359e+02 -1.228929e+02  2.070214e+03  2.900675e+01  2.503647e+03  9.9197311087623135e+01
      1540  3.8499999999999290e+00  1.1882879999495596e-01  1.3313183046869459e+00 -9.389547e-02  7.406875e+00 -4.404790e+00  1.080510e+02 -1.257457e+02  2.157290e+03  3.159113e+01  3.001919e+03  1.0496400900068858e+02
      1550  3.8749999999999285e+00  1.1874498902254811e-01  1.3507174224747649e+00 -1.090966e-01  7.517524e+00 -4.672164e+00  1.113815e+02 -1.288802e+02  2.245118e+03  3.438469e+01  3.591989e+03  1.1111282073170915e+02
      1560  3.8999999999999280e+00  1.1865995150530524e-01  1.3705698704250993e+00 -1.240095e-01  7.627685e+00 -4.949549e+00  1.147215e+02 -1.325093e+02  2.333749e+03  3.739086e+01  4.285892e+03  1.1765220078758838e+02
      1570  3.9249999999999274e+00  1.1857365889060541e-01  1.3908826434986445e+00 -1.386016e-01  7.737136e+00 -5.238949e+00  1.180650e+02 -1.368367e+02  2.423260e+03  4.060911e+01  5.095775e+03  1.2458760035840682e+02
      1580  3.9499999999999269e+00  1.1848608222343560e-01  1.4116616254277303e+00 -1.528250e-01  7.845651e+00 -5.541409e+00  1.214055e+02 -1.420376e+02  2.513716e+03  4.403269e+01  6.033081e+03  1.3192124840587451e+02
      1590  3.9749999999999264e+00  1.1839719221679852e-01  1.4329115591071608e+00 -1.666132e-01  7.952994e+00 -5.856648e+00  1.247345e+02 -1.482361e+02  2.605102e+03  4.764580e+01  7.106895e+03  1.3965201009824196e+02
      1600  3.9999999999999258e+00  1.1830695932348474e-01  1.4546360317211304e+00 -1.798779e-01  8.058908e+00 -6.182657e+00  1.280396e+02 -1.554778e+02  2.697212e+03  5.142022e+01  8.320967e+03  1.4777533076095236e+02
      1610  4.0249999999999293e+00  1.1821535380835907e-01  1.4768374714883592e+00 -1.925068e-01  8.163099e+00 -6.515312e+00  1.313030e+02 -1.637031e+02  2.789523e+03  5.531196e+01  9.669259e+03  1.5628326980448688e+02
      1620  4.0499999999999332e+00  1.1812234582058173e-01  1.4995171506526495e+00 -2.043616e-01  8.265226e+00 -6.848075e+00  1.345001e+02 -1.727255e+02  2.881097e+03  5.925891e+01  1.113073e+04  1.6516462051421661e+02
      1630  4.0749999999999371e+00  1.1802790546564874e-01  1.5226751855203382e+00 -2.152787e-01  8.364900e+00 -7.171927e+00  1.376005e+02 -1.822272e+02  2.970582e+03  6.318090e+01  1.266535e+04  1.7440509654436408e+02
      1640  4.0999999999999410e+00  1.1793200287783108e-01  1.5463105196609432e+00 -2.250707e-01  8.461696e+00 -7.475660e+00  1.405713e+02 -1.917786e+02  3.056392e+03  6.698327e+01  1.421406e+04  1.8398754691471584e+02
      1650  4.1249999999999449e+00  1.1783460829459019e-01  1.5704208732916247e+00 -2.335318e-01  8.555175e+00 -7.746579e+00  1.433826e+02 -2.008782e+02  3.137011e+03  7.056443e+01  1.570482e+04  1.9389214701322402e+02
      1660  4.1499999999999488e+00  1.1773569213558271e-01  1.5950026442937768e+00 -2.404457e-01  8.644946e+00 -7.971490e+00  1.460125e+02 -2.089966e+02  3.211290e+03  7.382585e+01  1.706400e+04  2.0409651794021005e+02
      1670  4.1749999999999527e+00  1.1763522508946983e-01  1.6200507580699504e+00 -2.455963e-01  8.730730e+00 -8.137698e+00  1.484489e+02 -2.155973e+02  3.278493e+03  7.668209e+01  1.822875e+04  2.1457576498388136e+02
      1680  4.1999999999999567e+00  1.1753317821126977e-01  1.6455584853110470e+00 -2.487803e-01  8.812459e+00 -8.233783e+00  1.506885e+02 -2.201363e+02  3.338096e+03  7.906782e+01  1.915511e+04  2.2530250224560706e+02
      1690  4.2249999999999606e+00  1.1742952303100415e-01  1.6715172733237178e+00 -2.498193e-01  8.890367e+00 -8.250191e+00  1.527373e+02 -2.220735e+02  3.389683e+03  8.094084e+01  1.981913e+04  2.3624702638927624e+02
      1700  4.2499999999999645e+00  1.1732423167085801e-01  1.6979166551208698e+00 -2.485703e-01  8.965071e+00 -8.179881e+00  1.546182e+02 -2.209452e+02  3.433406e+03  8.228183e+01  2.021313e+04  2.4737787229493466e+02
      1710  4.2749999999999684e+00  1.1721727696407400e-01  1.7247442940442896e+00 -2.449297e-01  9.037602e+00 -8.019053e+00  1.563846e+02 -2.164873e+02  3.471039e+03  8.309264e+01  2.034154e+04  2.5866296349648871e+02
      1720  4.2999999999999723e+00  1.1710863256639881e-01  1.7519861777179693e+00 -2.388318e-01  9.109349e+00 -7.767401e+00  1.581294e+02 -2.087252e+02  3.506903e+03  8.339387e+01  2.021866e+04  2.7007141086759020e+02
      1730  4.3249999999999762e+00  1.1699827305230336e-01  1.7796268973298688e+00 -2.302394e-01  9.181897e+00 -7.427059e+00  1.599774e+02 -1.979193e+02  3.547698e+03  8.322167e+01  1.986754e+04  2.8157572346546976e+02
      1740  4.3499999999999801e+00  1.1688617399488842e-01  1.8076498648301467e+00 -2.191323e-01  9.256782e+00 -7.000072e+00  1.620582e+02 -1.843336e+02  3.600879e+03  8.262433e+01  1.931895e+04  2.9315387773052464e+02
      1750  4.3749999999999840e+00  1.1677231203923490e-01  1.8360372797386670e+00 -2.054966e-01  9.335265e+00 -6.485509e+00  1.644764e+02 -1.679377e+02  3.672320e+03  8.166048e+01  1.861065e+04  3.0479052335647344e+02
      1760  4.3999999999999879e+00  1.1665666498980244e-01  1.8647697041625018e+00 -1.893243e-01  9.418220e+00 -5.878073e+00  1.672985e+02 -1.482563e+02  3.765081e+03  8.040073e+01  1.778774e+04  3.1647675086481979e+02
      1770  4.4249999999999918e+00  1.1653921193720401e-01  1.8938252482436471e+00 -1.706266e-01  9.506213e+00 -5.169474e+00  1.705673e+02 -1.245226e+02  3.880771e+03  7.893204e+01  1.690341e+04  3.2820832767393136e+02
      1780  4.4499999999999957e+00  1.1641993344359411e-01  1.9231785588359376e+00 -1.494600e-01  9.599699e+00 -4.352168e+00  1.743286e+02 -9.601908e+01  4.022563e+03  7.736060e+01  1.601824e+04  3.3998292444258817e+02
      1790  4.4749999999999996e+00  1.1629881178885446e-01  1.9527999468121000e+00 -1.259551e-01  9.699174e+00 -3.423664e+00  1.786470e+02 -6.230455e+01  4.196802e+03  7.580700e+01  1.519471e+04  3.5179725567650564e+02
      1800  4.5000000000000036e+00  1.1617583125768977e-01  1.9826549955861639e+00 -1.003357e-01  9.805133e+00 -2.389075e+00  1.836000e+02 -2.322077e+01  4.411648e+03  7.438947e+01  1.448519e+04  3.6364499162424659e+02
      1810  4.5250000000000075e+00  1.1605097843031831e-01  2.0127048453979617e+00 -7.291455e-02  9.917798e+00 -1.260559e+00  1.892510e+02  2.114030e+01  4.674025e+03  7.319947e+01  1.391999e+04  3.7551582069343334e+02
      1820  4.5500000000000114e+00  1.1592424243450250e-01  2.0429071113616306e+00 -4.406459e-02  1.003677e+01 -5.478398e-02  1.956061e+02  7.034617e+01  4.986266e+03  7.228161e+01  1.350544e+04  3.8739551591957081e+02
      1830  4.5750000000000153e+00  1.1579561512647768e-01  2.0732171784186022e+00 -1.417580e-02  1.016079e+01  1.208988e+00  2.025728e+02  1.234840e+02  5.343249e+03  7.162561e+01  1.322964e+04  3.9926665404169671e+02
      1840  4.6000000000000192e+00  1.1566509118846174e-01  2.1035895075740685e+00  1.638594e-02  1.028780e+01  2.510032e+00  2.099582e+02  1.792074e+02  5.732190e+03  7.116818e+01  1.306478e+04  4.1110978815463710e+02
      1850  4.6250000000000231e+00  1.1553266815327756e-01  2.1339786092747346e+00  4.730294e-02  1.041529e+01  3.829027e+00  2.175233e+02  2.361612e+02  6.137282e+03  7.080697e+01  1.296769e+04  4.2290506562937907e+02
      1860  4.6500000000000270e+00  1.1539834638449978e-01  2.1643394730851790e+00  7.830709e-02  1.054092e+01  5.153047e+00  2.250714e+02  2.936529e+02  6.547483e+03  7.043231e+01  1.289038e+04  4.3463418249097663e+02
      1870  4.6750000000000309e+00  1.1526212904743419e-01  2.1946274511305788e+00  1.091626e-01  1.066324e+01  6.479131e+00  2.325233e+02  3.521046e+02  6.962191e+03  6.996772e+01  1.279873e+04  4.4628218979758162e+02
      1880  4.7000000000000348e+00  1.1512402209930450e-01  2.2247978122009706e+00  1.396411e-01  1.078212e+01  7.813183e+00  2.399393e+02  4.129260e+02  7.391097e+03  6.939565e+01  1.268410e+04  4.5783836867871554e+02
      1890  4.7250000000000387e+00  1.1498403430849677e-01  2.2548053148598441e+00  1.695028e-01  1.089875e+01  9.164761e+00  2.474856e+02  4.779239e+02  7.849794e+03  6.875578e+01  1.256109e+04  4.6929552199454480e+02
      1900  4.7500000000000426e+00  1.1484217729131713e-01  2.2846041067024867e+00  1.984973e-01  1.101493e+01  1.054127e+01  2.553703e+02  5.486751e+02  8.355346e+03  6.812393e+01  1.245763e+04  4.8064764648092205e+02
      1910  4.7750000000000465e+00  1.1469846554133589e-01  2.3141480552324709e+00  2.263917e-01  1.113227e+01  1.194517e+01  2.637802e+02  6.262093e+02  8.923653e+03  6.758610e+01  1.240534e+04  4.9188676533243432e+02
      1920  4.8000000000000504e+00  1.1455291642771215e-01  2.3433913782033313e+00  2.530159e-01  1.125135e+01  1.337558e+01  2.728296e+02  7.110840e+02  9.567417e+03  6.721598e+01  1.243243e+04  5.0300025389880602e+02
      1930  4.8250000000000544e+00  1.1440555015186220e-01  2.3722893131656901e+00  2.783052e-01  1.137123e+01  1.483235e+01  2.825261e+02  8.036756e+02  1.029392e+04  6.705991e+01  1.255915e+04  5.1396987632089690e+02
      1940  4.8500000000000583e+00  1.1425638966755508e-01  2.4007986020459704e+00  3.023111e-01  1.148959e+01  1.631892e+01  2.927690e+02  9.043947e+02  1.110385e+04  6.713277e+01  1.279566e+04  5.2477289349954776e+02
      1950  4.8750000000000622e+00  1.1410546057913930e-01  2.4288777083609898e+00  3.251692e-01  1.160325e+01  1.784117e+01  3.033827e+02  1.013632e+03  1.199259e+04  6.742474e+01  1.314236e+04  5.3538443221708064e+02
      1960  4.9000000000000661e+00  1.1395279103286772e-01  2.4564868351305353e+00  3.470310e-01  1.170909e+01  1.940251e+01  3.141754e+02  1.131473e+03  1.295308e+04  6.791283e+01  1.359183e+04  5.4577960505850888e+02
      1970  4.9250000000000700e+00  1.1379841160869190e-01  2.4835879172474167e+00  3.679885e-01  1.180485e+01  2.099802e+01  3.249939e+02  1.257380e+03  1.397868e+04  6.857040e+01  1.413157e+04  5.5593425103719346e+02
      1980  4.9500000000000739e+00  1.1364235520731338e-01  2.5101448106014299e+00  3.880197e-01  1.188954e+01  2.261108e+01  3.357528e+02  1.390042e+03  1.506484e+04  6.937262e+01  1.474691e+04  5.6582446444857612e+02
      1990  4.9750000000000778e+00  1.1348465691429604e-01  2.5361238547695426e+00  4.069774e-01  1.196340e+01  2.421400e+01  3.464328e+02  1.527469e+03  1.620900e+04  7.029837e+01  1.542367e+04  5.7542624663139168e+02
      2000  5.0000000000000817e+00  1.1332535381695605e-01  2.5614948001696654e+00  4.246193e-01  1.202750e+01  2.577264e+01  3.570472e+02  1.667315e+03  1.740883e+04  7.132935e+01  1.614958e+04  5.8471652168666833e+02
      2010  5.0250000000000856e+00  1.1316448475841256e-01  2.5862318339292099e+00  4.406655e-01  1.208309e+01  2.725278e+01  3.675934e+02  1.807253e+03  1.865920e+04  7.244637e+01  1.691377e+04  5.9367539645342958e+02
      2020  5.0500000000000895e+00  1.1300209003478623e-01  2.6103143157384432e+00  4.548628e-01  1.213102e+01  2.862594e+01  3.780098e+02  1.945223e+03  1.994959e+04  7.362501e+01  1.770476e+04  6.0228821504046118e+02
      2030  5.0750000000000934e+00  1.1283821106258604e-01  2.6337269822361771e+00  4.670367e-01  1.217141e+01  2.987287e+01  3.881619e+02  2.079490e+03  2.126349e+04  7.483424e+01  1.850875e+04  6.1054594631428029e+02
      2040  5.1000000000000973e+00  1.1267289004877620e-01  2.6564596959475484e+00  4.771188e-01  1.220367e+01  3.098431e+01  3.978616e+02  2.208583e+03  2.258007e+04  7.604044e+01  1.931008e+04  6.1844373353406752e+02
      2050  5.1250000000001013e+00  1.1250616968269847e-01  2.6785070593705784e+00  4.851467e-01  1.222679e+01  3.195921e+01  4.069049e+02  2.331230e+03  2.387681e+04  7.721479e+01  2.009362e+04  6.2597885935517115e+02
      2060  5.1500000000001052e+00  1.1233809284759566e-01  2.6998682157070135e+00  4.912419e-01  1.223975e+01  3.280121e+01  4.151035e+02  2.446222e+03  2.513113e+04  7.833805e+01  2.084706e+04  6.3314973982496940e+02
      2070  5.1750000000001091e+00  1.1216870233563647e-01  2.7205469297830058e+00  4.955783e-01  1.224175e+01  3.351407e+01  4.222929e+02  2.552136e+03  2.631939e+04  7.939776e+01  2.156015e+04  6.3995657038499849e+02
      2080  5.2000000000001130e+00  1.1199804055358661e-01  2.7405517610066781e+00  4.983532e-01  1.223231e+01  3.409801e+01  4.283194e+02  2.646998e+03  2.741352e+04  8.037827e+01  2.222054e+04  6.4640271752204603e+02
      2090  5.2250000000001169e+00  1.1182614922309930e-01  2.7598960167135242e+00  4.997681e-01  1.221120e+01  3.454853e+01  4.330222e+02  2.728140e+03  2.837802e+04  8.125039e+01  2.280926e+04  6.5249514610840299e+02
      2100  5.2500000000001208e+00  1.1165306909636960e-01  2.7785972986932395e+00  5.000183e-01  1.217844e+01  3.485870e+01  4.362366e+02  2.792511e+03  2.917153e+04  8.196955e+01  2.330013e+04  6.5824274805605933e+02
      2110  5.2750000000001247e+00  1.1147883971140396e-01  2.7966767255403684e+00  4.992889e-01  1.213430e+01  3.502358e+01  4.378263e+02  2.837404e+03  2.975429e+04  8.248551e+01  2.366523e+04  6.6365290322487772e+02
      2120  5.3000000000001286e+00  1.1130349919858210e-01  2.8141581246858163e+00  4.977548e-01  1.207943e+01  3.504407e+01  4.377278e+02  2.861231e+03  3.009840e+04  8.275755e+01  2.388307e+04  6.6872782830909682e+02
      2130  5.3250000000001325e+00  1.1112708413023148e-01  2.8310675010699788e+00  4.955811e-01  1.201485e+01  3.492820e+01  4.359719e+02  2.863883e+03  3.019395e+04  8.276447e+01  2.394347e+04  6.7346245564496212e+02
      2140  5.3500000000001364e+00  1.1094962939045472e-01  2.8474329213477363e+00  4.929258e-01  1.194182e+01  3.468923e+01  4.326669e+02  2.846466e+03  3.004744e+04  8.250299e+01  2.384579e+04  6.7784478649424682e+02
      2150  5.3750000000001403e+00  1.1077116804071480e-01  2.8632847322643742e+00  4.899424e-01  1.186167e+01  3.434222e+01  4.279568e+02  2.810685e+03  2.967481e+04  8.197781e+01  2.359306e+04  6.8185853922018111e+02
      2160  5.4000000000001442e+00  1.1059173116702092e-01  2.8786558869141858e+00  4.867836e-01  1.177563e+01  3.390153e+01  4.219878e+02  2.758378e+03  2.909620e+04  8.119299e+01  2.318811e+04  6.8548711941916849e+02
      2170  5.4250000000001481e+00  1.1041134770982780e-01  2.8935821335574858e+00  4.836029e-01  1.168479e+01  3.338089e+01  4.149099e+02  2.691573e+03  2.833653e+04  8.015212e+01  2.263574e+04  6.8871774450595990e+02
      2180  5.4500000000001521e+00  1.1023004429095956e-01  2.9081019034351523e+00  4.805555e-01  1.159028e+01  3.279554e+01  4.069055e+02  2.612897e+03  2.743015e+04  7.886699e+01  2.194848e+04  6.9154483287214816e+02
      2190  5.4750000000001560e+00  1.1004784505823116e-01  2.9222558567878290e+00  4.777939e-01  1.149328e+01  3.216430e+01  3.982147e+02  2.525881e+03  2.642340e+04  7.736735e+01  2.115045e+04  6.9397221521489394e+02
      2200  5.5000000000001599e+00  1.0986477156754913e-01  2.9360861530922340e+00  4.754603e-01  1.139502e+01  3.150936e+01  3.891239e+02  2.434710e+03  2.536977e+04  7.570313e+01  2.027509e+04  6.9601409459670981e+02
      2210  5.5250000000001638e+00  1.0968084271599129e-01  2.9496355695493297e+00  4.736770e-01  1.129664e+01  3.085311e+01  3.799133e+02  2.343384e+03  2.431811e+04  7.393548e+01  1.935740e+04  6.9769488577125480e+02
      2220  5.5500000000001677e+00  1.0949607473126401e-01  2.9629465989006158e+00  4.725393e-01  1.119901e+01  3.021403e+01  3.707905e+02  2.254739e+03  2.330006e+04  7.212080e+01  1.842551e+04  6.9904815045244675e+02
      2230  5.5750000000001716e+00  1.0931048121535519e-01  2.9760606333970809e+00  4.721171e-01  1.110262e+01  2.960428e+01  3.618573e+02  2.169996e+03  2.232528e+04  7.029649e+01  1.749619e+04  7.0011490228612104e+02
      2240  5.6000000000001755e+00  1.0912407323456744e-01  2.9890173081542475e+00  4.724640e-01  1.100776e+01  2.903081e+01  3.531351e+02  2.089210e+03  2.138889e+04  6.847660e+01  1.657641e+04  7.0094162640986053e+02
      2250  5.6250000000001794e+00  1.0893685944457582e-01  3.0018540432185863e+00  4.736312e-01  1.091476e+01  2.849941e+01  3.446367e+02  2.012342e+03  2.048688e+04  6.665875e+01  1.566894e+04  7.0157840554681491e+02
      2260  5.6500000000001833e+00  1.0874884623780502e-01  3.0146057878235406e+00  4.756787e-01  1.082440e+01  2.801888e+01  3.364347e+02  1.940174e+03  1.962829e+04  6.483706e+01  1.477784e+04  7.0207750046326817e+02
      2270  5.6750000000001872e+00  1.0856003790130836e-01  3.0273049343162697e+00  4.786802e-01  1.073804e+01  2.760261e+01  3.286808e+02  1.874381e+03  1.883467e+04  6.301257e+01  1.391055e+04  7.0249259604020949e+02
      2280  5.7000000000001911e+00  1.0837043677629263e-01  3.0399813437850867e+00  4.827179e-01  1.065767e+01  2.726702e+01  3.215687e+02  1.816756e+03  1.812750e+04  6.119637e+01  1.307590e+04  7.0287876835677594e+02
      2290  5.7250000000001950e+00  1.0818004341432551e-01  3.0526624174346453e+00  4.878712e-01  1.058561e+01  2.702846e+01  3.152774e+02  1.768328e+03  1.751485e+04  5.940683e+01  1.228099e+04  7.0329309025093926e+02
      2300  5.7500000000001990e+00  1.0798885672941871e-01  3.0653731476036001e+00  4.942033e-01  1.052434e+01  2.690109e+01  3.099448e+02  1.729214e+03  1.698993e+04  5.766644e+01  1.153039e+04  7.0379560817650736e+02
      2310  5.7750000000002029e+00  1.0779687414942918e-01  3.0781360751273548e+00  5.017481e-01  1.047609e+01  2.689663e+01  3.056888e+02  1.699331e+03  1.654311e+04  5.600125e+01  1.082846e+04  7.0445014594233589e+02
      2320  5.8000000000002068e+00  1.0760409177517760e-01  3.0909710718658818e+00  5.105012e-01  1.044267e+01  2.702489e+01  3.026397e+02  1.679224e+03  1.617584e+04  5.444039e+01  1.018139e+04  7.0532416291017239e+02
      2330  5.8250000000002107e+00  1.0741050456024986e-01  3.1038948894989997e+00  5.204171e-01  1.042530e+01  2.729307e+01  3.009444e+02  1.670162e+03  1.590327e+04  5.301096e+01  9.595836e+03  7.0648698874198840e+02
      2340  5.8500000000002146e+00  1.0721610652617450e-01  3.1169204897038343e+00  5.314112e-01  1.042448e+01  2.770402e+01  3.007327e+02  1.673472e+03  1.574450e+04  5.173004e+01  9.074846e+03  7.0800629078752797e+02
      2350  5.8750000000002185e+00  1.0702089102339341e-01  3.1300562751594088e+00  5.433680e-01  1.044004e+01  2.825508e+01  3.020824e+02  1.689899e+03  1.571197e+04  5.060155e+01  8.615972e+03  7.0994337096365427e+02
      2360  5.9000000000002224e+00  1.0682485103832955e-01  3.1433054201915853e+00  5.561519e-01  1.047135e+01  2.893931e+01  3.050177e+02  1.719681e+03  1.581107e+04  4.962252e+01  8.214338e+03  7.1234840771723862e+02
      2370  5.9250000000002263e+00  1.0662797953358630e-01  3.1566655094360065e+00  5.696164e-01  1.051749e+01  2.974823e+01  3.095397e+02  1.763197e+03  1.604919e+04  4.879351e+01  7.868227e+03  7.1525678541327147e+02
      2380  5.9500000000002302e+00  1.0643026979702581e-01  3.1701286302104870e+00  5.836080e-01  1.057730e+01  3.067375e+01  3.156538e+02  1.821410e+03  1.644314e+04  4.812321e+01  7.581915e+03  7.1868726532441087e+02
      2390  5.9750000000002341e+00  1.0623171576943491e-01  3.1836819604067688e+00  5.979637e-01  1.064943e+01  3.170751e+01  3.233630e+02  1.895558e+03  1.701622e+04  4.762415e+01  7.363249e+03  7.2264222832576036e+02
      2400  6.0000000000002380e+00  1.0603231232141706e-01  3.1973087837408976e+00  6.125072e-01  1.073228e+01  3.283834e+01  3.326318e+02  1.986286e+03  1.778662e+04  4.730448e+01  7.218082e+03  7.2710976530655034e+02
      2410  6.0250000000002419e+00  1.0583205545738793e-01  3.2109897734222304e+00  6.270477e-01  1.082402e+01  3.404971e+01  3.433467e+02  2.092878e+03  1.875609e+04  4.716209e+01  7.145649e+03  7.3206704650982408e+02
      2420  6.0500000000002458e+00  1.0563094243636822e-01  3.2247043350284015e+00  6.413845e-01  1.092271e+01  3.531886e+01  3.553014e+02  2.213063e+03  1.990604e+04  4.718302e+01  7.137371e+03  7.3748416654634116e+02
      2430  6.0750000000002498e+00  1.0542897181234043e-01  3.2384318093633531e+00  6.553158e-01  1.102640e+01  3.661817e+01  3.682087e+02  2.343356e+03  2.120112e+04  4.734396e+01  7.179059e+03  7.4332761493922590e+02
      2440  6.1000000000002537e+00  1.0522614340728689e-01  3.2521524136987896e+00  6.686478e-01  1.113328e+01  3.791798e+01  3.817298e+02  2.479619e+03  2.259626e+04  4.761824e+01  7.255005e+03  7.4956276251806605e+02
      2450  6.1250000000002576e+00  1.0502245823383016e-01  3.2658479266347742e+00  6.812009e-01  1.124166e+01  3.918982e+01  3.955101e+02  2.617587e+03  2.404334e+04  4.798336e+01  7.352162e+03  7.5615526968072925e+02
      2460  6.1500000000002615e+00  1.0481791837992389e-01  3.2795022464278887e+00  6.928149e-01  1.135006e+01  4.040831e+01  4.092179e+02  2.753284e+03  2.549693e+04  4.842581e+01  7.462988e+03  7.6307190991892503e+02
      2470  6.1750000000002654e+00  1.0461252685787184e-01  3.2931020012477772e+00  7.033529e-01  1.145709e+01  4.155167e+01  4.225804e+02  2.883356e+03  2.691918e+04  4.894116e+01  7.586427e+03  7.7028161469030942e+02
      2480  6.2000000000002693e+00  1.0440628741055830e-01  3.3066373115028762e+00  7.127104e-01  1.156141e+01  4.260139e+01  4.354042e+02  3.005300e+03  2.828347e+04  4.953078e+01  7.727069e+03  7.7775731450383967e+02
      2490  6.2250000000002732e+00  1.0419920426677473e-01  3.3201026279333647e+00  7.208269e-01  1.166173e+01  4.354255e+01  4.475747e+02  3.117529e+03  2.957535e+04  5.019680e+01  7.892664e+03  7.8547845817670111e+02
      2500  6.2500000000002771e+00  1.0399128184786652e-01  3.3334974044029484e+00  7.276967e-01  1.175676e+01  4.436481e+01  4.590358e+02  3.219256e+03  3.079040e+04  5.093665e+01  8.090615e+03  7.9343339437410611e+02
      2510  6.2750000000002810e+00  1.0378252444505964e-01  3.3468263245206304e+00  7.333716e-01  1.184525e+01  4.506337e+01  4.697659e+02  3.310247e+03  3.193001e+04  5.173962e+01  8.325035e+03  8.0162059242252894e+02
      2520  6.3000000000002849e+00  1.0357293590144480e-01  3.3600989155679741e+00  7.379524e-01  1.192600e+01  4.563891e+01  4.797585e+02  3.390551e+03  3.299760e+04  5.258831e+01  8.596086e+03  8.1004811064046294e+02
      2530  6.3250000000002888e+00  1.0336251933699261e-01  3.3733285786896836e+00  7.415700e-01  1.199800e+01  4.609644e+01  4.890170e+02  3.460382e+03  3.399694e+04  5.346434e+01  8.901990e+03  8.1873149591132005e+02
      2540  6.3500000000002927e+00  1.0315127694771006e-01  3.3865312251136461e+00  7.443623e-01  1.206043e+01  4.644406e+01  4.975578e+02  3.520159e+03  3.493310e+04  5.435511e+01  9.242241e+03  8.2769091220034591e+02
      2550  6.3750000000002967e+00  1.0293920989596975e-01  3.3997237596271708e+00  7.464524e-01  1.211271e+01  4.669167e+01  5.054113e+02  3.570583e+03  3.581380e+04  5.525796e+01  9.619777e+03  8.3694839391785729e+02
      2560  6.4000000000003006e+00  1.0272631829515225e-01  3.4129226041753356e+00  7.479290e-01  1.215441e+01  4.684868e+01  5.126084e+02  3.612521e+03  3.664881e+04  5.617924e+01  1.004064e+04  8.4652573996432750e+02
      2570  6.4250000000003045e+00  1.0251260128228457e-01  3.4261423696151461e+00  7.488294e-01  1.218512e+01  4.692096e+01  5.191559e+02  3.646687e+03  3.744687e+04  5.712900e+01  1.051148e+04  8.5644304784005612e+02
      2580  6.4500000000003084e+00  1.0229805716794761e-01  3.4393947126089452e+00  7.491245e-01  1.220432e+01  4.690837e+01  5.250102e+02  3.673310e+03  3.821158e+04  5.811442e+01  1.103651e+04  8.6671754477964464e+02
      2590  6.4750000000003123e+00  1.0208268365198468e-01  3.4526873671830485e+00  7.487138e-01  1.221124e+01  4.680398e+01  5.300632e+02  3.691973e+03  3.893865e+04  5.913551e+01  1.161566e+04  8.7736227061485056e+02
      2600  6.5000000000003162e+00  1.0186647809511253e-01  3.4660233176400324e+00  7.474324e-01  1.220483e+01  4.659520e+01  5.341435e+02  3.701671e+03  3.961506e+04  6.018360e+01  1.224394e+04  8.8838423924269830e+02
      2610  6.5250000000003201e+00  1.0164943783825414e-01  3.4794000992721283e+00  7.450718e-01  1.218379e+01  4.626588e+01  5.370268e+02  3.700943e+03  4.021932e+04  6.124203e+01  1.291171e+04  8.9978193740422910e+02
      2620  6.5500000000003240e+00  1.0143156056032969e-01  3.4928092825601116e+00  7.414073e-01  1.214669e+01  4.579863e+01  5.384510e+02  3.687983e+03  4.072187e+04  6.228810e+01  1.360496e+04  9.1154240601675156e+02
      2630  6.5750000000003279e+00  1.0121284465916779e-01  3.5062362753003091e+00  7.362269e-01  1.209208e+01  4.517661e+01  5.381336e+02  3.660686e+03  4.108536e+04  6.329560e+01  1.430542e+04  9.2363855518380797e+02
      2640  6.6000000000003318e+00  1.0099328963067622e-01  3.5196605994067687e+00  7.293567e-01  1.201870e+01  4.438538e+01  5.357915e+02  3.616729e+03  4.126574e+04  6.423650e+01  1.499073e+04  9.3602756298277495e+02
      2650  6.6250000000003357e+00  1.0077289641329139e-01  3.5330567306358569e+00  7.206804e-01  1.192553e+01  4.341447e+01  5.311629e+02  3.553735e+03  4.121486e+04  6.508077e+01  1.563501e+04  9.4865106174283164e+02
      2660  6.6500000000003396e+00  1.0055166766325428e-01  3.5463954540745855e+00  7.101513e-01  1.181189e+01  4.225874e+01  5.240288e+02  3.469544e+03  4.088487e+04  6.579576e+01  1.620995e+04  9.6143735814798765e+02
      2670  6.6750000000003435e+00  1.0032960793376139e-01  3.5596455460093108e+00  6.977930e-01  1.167740e+01  4.091919e+01  5.142312e+02  3.362532e+03  4.023361e+04  6.634766e+01  1.668671e+04  9.7430532813715240e+02
      2680  6.7000000000003475e+00  1.0010672374601311e-01  3.5727755054279289e+00  6.836901e-01  1.152206e+01  3.940300e+01  5.016857e+02  3.231907e+03  3.923017e+04  6.670356e+01  1.703858e+04  9.8716910873903771e+02
      2690  6.7250000000003514e+00  9.9883023557780073e-02  3.5857550647704057e+00  6.679755e-01  1.134619e+01  3.772325e+01  4.863890e+02  3.077929e+03  3.785926e+04  6.683203e+01  1.724355e+04  9.9994251312477616e+02
      2700  6.7500000000003553e+00  9.9658517649368394e-02  3.5985563066293098e+00  6.508159e-01  1.115045e+01  3.589836e+01  4.684226e+02  2.902003e+03  3.612378e+04  6.670267e+01  1.728595e+04  1.0125423190785048e+03
      2710  6.7750000000003592e+00  9.9433217953386110e-02  3.6111543503754238e+00  6.324001e-01  1.093584e+01  3.395119e+01  4.479532e+02  2.706661e+03  3.404573e+04  6.628700e+01  1.715680e+04  1.0248900745328706e+03
      2720  6.8000000000003631e+00  9.9207137853271968e-02  3.6235276823866611e+00  6.129263e-01  1.070376e+01  3.190763e+01  4.252322e+02  2.495463e+03  3.166573e+04  6.556063e+01  1.685332e+04  1.0369125385194970e+03
      2730  6.8250000000003670e+00  9.8980291969105516e-02  3.6356582543813518e+00  5.925892e-01  1.045610e+01  2.979532e+01  4.005948e+02  2.272843e+03  2.904177e+04  6.450547e+01  1.637813e+04  1.0485411699932372e+03
      2740  6.8500000000003709e+00  9.8752695940866109e-02  3.6475314911500307e+00  5.715677e-01  1.019531e+01  2.764265e+01  3.744582e+02  2.043918e+03  2.624678e+04  6.311153e+01  1.573866e+04  1.0597112602049629e+03
      2750  6.8750000000003748e+00  9.8524366209964145e-02  3.6591363671733683e+00  5.500198e-01  9.924371e+00  2.547816e+01  3.473131e+02  1.814221e+03  2.336443e+04  6.137881e+01  1.494696e+04  1.0703614671773182e+03
      2760  6.9000000000003787e+00  9.8295319789472646e-02  3.6704657183475429e+00  5.280833e-01  9.646843e+00  2.332973e+01  3.197056e+02  1.589333e+03  2.048301e+04  5.931892e+01  1.401966e+04  1.0804345189383293e+03
      2770  6.9250000000003826e+00  9.8065574004364470e-02  3.6815168983125472e+00  5.058805e-01  9.366677e+00  2.122364e+01  2.922103e+02  1.374467e+03  1.768806e+04  5.695620e+01  1.297795e+04  1.0898794575320571e+03
      2780  6.9500000000003865e+00  9.7835146180166338e-02  3.6922927540120947e+00  4.835227e-01  9.088064e+00  1.918380e+01  2.653981e+02  1.174059e+03  1.505524e+04  5.432802e+01  1.184746e+04  1.0986550378224802e+03
      2790  6.9750000000003904e+00  9.7604053264689863e-02  3.7028027520387390e+00  4.611159e-01  8.815236e+00  1.723111e+01  2.398039e+02  9.914565e+02  1.264489e+04  5.148427e+01  1.065798e+04  1.1067332591404697e+03
      2800  7.0000000000003944e+00  9.7372311380365839e-02  3.7130640360043796e+00  4.387682e-01  8.552297e+00  1.538323e+01  2.158983e+02  8.287598e+02  1.049897e+04  4.848577e+01  9.442844e+03  1.1141020263872042e+03
      2810  7.0250000000003983e+00  9.7139935316853249e-02  3.7231022616679814e+00  4.166035e-01  8.303096e+00  1.365430e+01  1.940642e+02  6.868160e+02  8.640467e+03  4.540153e+01  8.237526e+03  1.1207666121414131e+03
      2820  7.0500000000004022e+00  9.6906937979808178e-02  3.7329521604008797e+00  3.947745e-01  8.071117e+00  1.205475e+01  1.745807e+02  5.653364e+02  7.074592e+03  4.230492e+01  7.077494e+03  1.1267503029059676e+03
      2830  7.0750000000004061e+00  9.6673329813142583e-02  3.7426578173387641e+00  3.734719e-01  7.859371e+00  1.059118e+01  1.576129e+02  4.631001e+02  5.791222e+03  3.926896e+01  5.995251e+03  1.1320946752686123e+03
      2840  7.1000000000004100e+00  9.6439118214300720e-02  3.7522725973784716e+00  3.529230e-01  7.670287e+00  9.266309e+00  1.432107e+02  3.782155e+02  4.768245e+03  3.636145e+01  5.017289e+03  1.1368592790524474e+03
      2850  7.1250000000004139e+00  9.6204306968319581e-02  3.7618585975857766e+00  3.333819e-01  7.505573e+00  8.079157e+00  1.313154e+02  3.084126e+02  3.975411e+03  3.364054e+01  4.161698e+03  1.1411197635887625e+03
      2860  7.1500000000004178e+00  9.5968895733040016e-02  3.7714855601146642e+00  3.151139e-01  7.366078e+00  7.025585e+00  1.217744e+02  2.513363e+02  3.378186e+03  3.115126e+01  3.437056e+03  1.1449635376812926e+03
      2870  7.1750000000004217e+00  9.5732879606626367e-02  3.7812293661712149e+00  2.983807e-01  7.251692e+00  6.099491e+00  1.143625e+02  2.047959e+02  2.941102e+03  2.892381e+01  2.842748e+03  1.1484832091171750e+03
      2880  7.2000000000004256e+00  9.5496248794258026e-02  3.7911704359648137e+00  2.834283e-01  7.161313e+00  5.294083e+00  1.088050e+02  1.669187e+02  2.630327e+03  2.697349e+01  2.370391e+03  1.1517696746854610e+03
      2890  7.2250000000004295e+00  9.5258988367732278e-02  3.8013924106970007e+00  2.704773e-01  7.092926e+00  4.602682e+00  1.048022e+02  1.361851e+02  2.415566e+03  2.530132e+01  2.005885e+03  1.1549076344420635e+03
      2900  7.2500000000004334e+00  9.5021078092912936e-02  3.8119813048671780e+00  2.597110e-01  7.043796e+00  4.018691e+00  1.020537e+02  1.113683e+02  2.271397e+03  2.389473e+01  1.731692e+03  1.1579756180332693e+03
      2910  7.2750000000004373e+00  9.4782492298397220e-02  3.8230249825962295e+00  2.512578e-01  7.010757e+00  3.534959e+00  1.002819e+02  9.143424e+01  2.177998e+03  2.272842e+01  1.529056e+03  1.1610505084732142e+03
      2920  7.3000000000004412e+00  9.4543199777165188e-02  3.8346125472606585e+00  2.451730e-01  6.990578e+00  3.143173e+00  9.924954e+01  7.545334e+01  2.121064e+03  2.176744e+01  1.380070e+03  1.1642142124747013e+03
      2930  7.3250000000004452e+00  9.4303163740682067e-02  3.8468332153456619e+00  2.414261e-01  6.980346e+00  2.833773e+00  9.876771e+01  6.256532e+01  2.090939e+03  2.097346e+01  1.269428e+03  1.1675589792324060e+03
      2940  7.3500000000004491e+00  9.4062341865682575e-02  3.8597744688095839e+00  2.399001e-01  6.977744e+00  2.596413e+00  9.869483e+01  5.199456e+01  2.081270e+03  2.031231e+01  1.185463e+03  1.1711885911398567e+03
      2950  7.3750000000004530e+00  9.3820686477396456e-02  3.8735195754514424e+00  2.404025e-01  6.981116e+00  2.420608e+00  9.892984e+01  4.307735e+01  2.087639e+03  1.975781e+01  1.120123e+03  1.1752147067607932e+03
      2960  7.4000000000004569e+00  9.3578144900540422e-02  3.8881447562658451e+00  2.426766e-01  6.989317e+00  2.296142e+00  9.939937e+01  3.526064e+01  2.106507e+03  1.928991e+01  1.068040e+03  1.1797497629115028e+03
      2970  7.4250000000004608e+00  9.3334659990089094e-02  3.9037163228227101e+00  2.464113e-01  7.001467e+00  2.212885e+00  1.000424e+02  2.806817e+01  2.134510e+03  1.888975e+01  1.025324e+03  1.1848990715948853e+03
      2980  7.4500000000004647e+00  9.3090170834243785e-02  3.9202880819497827e+00  2.512482e-01  7.016767e+00  2.160375e+00  1.008002e+02  2.107362e+01  2.168041e+03  1.853615e+01  9.886963e+02  1.1907549216662378e+03
      2990  7.4750000000004686e+00  9.2844613604946696e-02  3.9378992519337310e+00  2.567949e-01  7.034561e+00  2.128238e+00  1.016198e+02  1.393128e+01  2.203504e+03  1.820845e+01  9.553548e+02  1.1973948094012198e+03
      3000  7.5000000000004725e+00  9.2597922519454257e-02  3.9565730048874039e+00  2.626456e-01  7.054604e+00  2.107899e+00  1.024779e+02  6.480601e+00  2.238792e+03  1.789508e+01  9.234384e+02  1.2048844023567424e+03
      3010  7.5250000000004764e+00  9.2350030875790204e-02  3.9763155322341683e+00  2.684016e-01  7.077327e+00  2.094328e+00  1.034100e+02 -1.145572e+00  2.275368e+03  1.759934e+01  8.923923e+02  1.2132837002600377e+03
      3020  7.5500000000004803e+00  9.2100872136921627e-02  3.9971153757293783e+00  2.736802e-01  7.103811e+00  2.085764e+00  1.045147e+02 -8.561485e+00  2.318820e+03  1.733500e+01  8.628054e+02  1.2226531173558494e+03
      3030  7.5750000000004842e+00  9.1850381052671876e-02  4.0189428783725543e+00  2.781153e-01  7.135462e+00  2.080579e+00  1.059142e+02 -1.536976e+01  2.376582e+03  1.711390e+01  8.357341e+02  1.2330562612586739e+03
      3040  7.6000000000004881e+00  9.1598494806931968e-02  4.0417499694987082e+00  2.813650e-01  7.173645e+00  2.073562e+00  1.076986e+02 -2.145289e+01  2.454106e+03  1.693669e+01  8.118734e+02  1.2445583305630169e+03
      3050  7.6250000000004921e+00  9.1345154154508792e-02  4.0654707657923241e+00  2.831437e-01  7.219616e+00  2.055608e+00  1.098990e+02 -2.709366e+01  2.552351e+03  1.679694e+01  7.914251e+02  1.2572217267732005e+03
      3060  7.6500000000004960e+00  9.1090304485640150e-02  4.0900232633336486e+00  2.832715e-01  7.274742e+00  2.017573e+00  1.125080e+02 -3.279401e+01  2.668477e+03  1.669368e+01  7.748747e+02  1.2711013744304244e+03
      3070  7.6750000000004999e+00  9.0833896758596086e-02  4.1153117308979859e+00  2.817132e-01  7.340667e+00  1.954919e+00  1.155327e+02 -3.891450e+01  2.799394e+03  1.663817e+01  7.637368e+02  1.2862405877992958e+03
      3080  7.7000000000005038e+00  9.0575888286254347e-02  4.1412288090216496e+00  2.785778e-01  7.419103e+00  1.869447e+00  1.190356e+02 -4.542440e+01  2.946101e+03  1.664834e+01  7.600509e+02  1.3026658234859806e+03
      3090  7.7250000000005077e+00  9.0316243427471049e-02  4.1676563664258008e+00  2.740803e-01  7.511264e+00  1.766790e+00  1.231373e+02 -5.194958e+01  3.115849e+03  1.673551e+01  7.646276e+02  1.3203779330772895e+03
      3100  7.7500000000005116e+00  9.0054934270708251e-02  4.1944649810045167e+00  2.684958e-01  7.617364e+00  1.652231e+00  1.279700e+02 -5.809051e+01  3.319801e+03  1.689665e+01  7.763304e+02  1.3393395284250012e+03
      3110  7.7750000000005155e+00  8.9791941370704287e-02  4.2215130056643382e+00  2.621298e-01  7.736619e+00  1.529943e+00  1.336089e+02 -6.370874e+01  3.567344e+03  1.712444e+01  7.938420e+02  1.3594612514742221e+03
      3120  7.8000000000005194e+00  8.9527254514436799e-02  4.2486468408586324e+00  2.553001e-01  7.867654e+00  1.406555e+00  1.400352e+02 -6.881602e+01  3.861166e+03  1.742555e+01  8.180551e+02  1.3805918508520792e+03
      3130  7.8250000000005233e+00  8.9260873392743273e-02  4.2757038510484611e+00  2.483120e-01  8.008784e+00  1.294751e+00  1.471419e+02 -7.312095e+01  4.196359e+03  1.782381e+01  8.527216e+02  1.4025172058980650e+03
      3140  7.8500000000005272e+00  8.8992807991045933e-02  4.3025184150710691e+00  2.414241e-01  8.157947e+00  1.213548e+00  1.547623e+02 -7.567888e+01  4.562964e+03  1.833908e+01  9.024057e+02  1.4249721024904934e+03
      3150  7.8750000000005311e+00  8.8723078522225357e-02  4.3289303025494839e+00  2.348249e-01  8.312497e+00  1.185255e+00  1.626981e+02 -7.495133e+01  4.948776e+03  1.895858e+01  9.685047e+02  1.4476652116570640e+03
      3160  7.9000000000005350e+00  8.8451714812875934e-02  4.3547934176341645e+00  2.286369e-01  8.469276e+00  1.231625e+00  1.707216e+02 -6.921930e+01  5.339893e+03  1.963071e+01  1.046373e+03  1.4703119044335510e+03
      3170  7.9250000000005389e+00  8.8178755196435782e-02  4.3799824551776894e+00  2.229318e-01  8.625055e+00  1.371058e+00  1.785749e+02 -5.705609e+01  5.719797e+03  2.029051e+01  1.126762e+03  1.4926640094405961e+03
      3180  7.9500000000005429e+00  8.7904245107704573e-02  4.4043956069184542e+00  2.177319e-01  8.777193e+00  1.615633e+00  1.860098e+02 -3.758404e+01  6.070877e+03  2.089374e+01  1.201195e+03  1.5145261007378965e+03
      3190  7.9750000000005468e+00  8.7628235642309649e-02  4.4279531006537107e+00  2.129938e-01  8.924305e+00  1.966760e+00  1.928641e+02 -1.062333e+01  6.380405e+03  2.143276e+01  1.266472e+03  1.5357565872992759e+03
      3200  8.0000000000005507e+00  8.7350782299197752e-02  4.4505931657586713e+00  2.085998e-01  9.066757e+00  2.410856e+00  1.991370e+02  2.307208e+01  6.648001e+03  2.192793e+01  1.324741e+03  1.5562619156978640e+03
      3210  8.0250000000005457e+00  8.7071943993588530e-02  4.4722677593280853e+00  2.043799e-01  9.206611e+00  2.918996e+00  2.050239e+02  6.178878e+01  6.890207e+03  2.240955e+01  1.381218e+03  1.5759931075067177e+03
      3220  8.0500000000005407e+00  8.6791782296514297e-02  4.4929397440280114e+00  2.001588e-01  9.346843e+00  3.453668e+00  2.108710e+02  1.032886e+02  7.138116e+03  2.290367e+01  1.442581e+03  1.5949446853320894e+03
      3230  8.0750000000005357e+00  8.6510360786294913e-02  4.5125821288100507e+00  1.958002e-01  9.490038e+00  3.979563e+00  2.170451e+02  1.454537e+02  7.425809e+03  2.342208e+01  1.515588e+03  1.6131486897387872e+03
      3240  8.1000000000005308e+00  8.6227744382587401e-02  4.5311793286430504e+00  1.912251e-01  9.637343e+00  4.472328e+00  2.237727e+02  1.868168e+02  7.774979e+03  2.395659e+01  1.604964e+03  1.6306609088663627e+03
      3250  8.1250000000005258e+00  8.5943998552391376e-02  4.5487298459599614e+00  1.864056e-01  9.788322e+00  4.921668e+00  2.310608e+02  2.268928e+02  8.187824e+03  2.448133e+01  1.711478e+03  1.6475464728916204e+03
      3260  8.1500000000005208e+00  8.5659188344049397e-02  4.5652487638218107e+00  1.813513e-01  9.941664e+00  5.329234e+00  2.387745e+02  2.663674e+02  8.654630e+03  2.496385e+01  1.831603e+03  1.6638732986812045e+03
      3270  8.1750000000005159e+00  8.5373377335124553e-02  4.5807676437185991e+00  1.761026e-01  1.009622e+01  5.704309e+00  2.468047e+02  3.069868e+02  9.169830e+03  2.537966e+01  1.958627e+03  1.6797121129142056e+03
      3280  8.2000000000005109e+00  8.5086626715995942e-02  4.5953301994871660e+00  1.707390e-01  1.025179e+01  6.058990e+00  2.551864e+02  3.508600e+02  9.742579e+03  2.571943e+01  2.084111e+03  1.6951337284983877e+03
      3290  8.2250000000005059e+00  8.4798994761973584e-02  4.6089845477147300e+00  1.653981e-01  1.040940e+01  6.403608e+00  2.640870e+02  3.992355e+02  1.039056e+04  2.598641e+01  2.199271e+03  1.7101981809866654e+03
      3300  8.2500000000005009e+00  8.4510536817796827e-02  4.6217751697170835e+00  1.603017e-01  1.057132e+01  6.743776e+00  2.736856e+02  4.513258e+02  1.112168e+04  2.619084e+01  2.296074e+03  1.7249411355651323e+03
      3310  8.2750000000004960e+00  8.4221305698649260e-02  4.6337380937272084e+00  1.557783e-01  1.074061e+01  7.079768e+00  2.840534e+02  5.039402e+02  1.192047e+04  2.634379e+01  2.367357e+03  1.7393682739675216e+03
      3320  8.3000000000004910e+00  8.3931352241040411e-02  4.6449009925281377e+00  1.522655e-01  1.092045e+01  7.409031e+00  2.951296e+02  5.524194e+02  1.275131e+04  2.645110e+01  2.406606e+03  1.7534635664123482e+03
      3330  8.3250000000004860e+00  8.3640725713622938e-02  4.6552872600142905e+00  1.502776e-01  1.111310e+01  7.733551e+00  3.068159e+02  5.929027e+02  1.358070e+04  2.651062e+01  2.409065e+03  1.7672081879332145e+03
      3340  8.3500000000004810e+00  8.3349473920170988e-02  4.6649212959157236e+00  1.503347e-01  1.131929e+01  8.071381e+00  3.191275e+02  6.249958e+02  1.440651e+04  2.651668e+01  2.374299e+03  1.7806008056671124e+03
      3350  8.3750000000004761e+00  8.3057643015249122e-02  4.6738319751033295e+00  1.528731e-01  1.153787e+01  8.464129e+00  3.322561e+02  6.529108e+02  1.526876e+04  2.647180e+01  2.308493e+03  1.7936696171382225e+03
      3360  8.4000000000004711e+00  8.2765277210738772e-02  4.6820524529427772e+00  1.581666e-01  1.176612e+01  8.970334e+00  3.464548e+02  6.840604e+02  1.623029e+04  2.639525e+01  2.223994e+03  1.8064703743167804e+03
      3370  8.4250000000004661e+00  8.2472418608477233e-02  4.6896164269537985e+00  1.662922e-01  1.200004e+01  9.649733e+00  3.618797e+02  7.271229e+02  1.735134e+04  2.632005e+01  2.135552e+03  1.8190705032020296e+03
      3380  8.4500000000004611e+00  8.2179107325056955e-02  4.6965529226495981e+00  1.771562e-01  1.223491e+01  1.055401e+01  3.785775e+02  7.919831e+02  1.868824e+04  2.628514e+01  2.056743e+03  1.8315253944741721e+03
      3390  8.4750000000004562e+00  8.1885381908801250e-02  4.7028826468320784e+00  1.905648e-01  1.246566e+01  1.172188e+01  3.965151e+02  8.890627e+02  2.029290e+04  2.632648e+01  1.999310e+03  1.8438564394990040e+03
      3400  8.5000000000004512e+00  8.1591279870237274e-02  4.7086182989723335e+00  2.063087e-01  1.268669e+01  1.316228e+01  4.153590e+02  1.023878e+03  2.216239e+04  2.645759e+01  1.971487e+03  1.8560393754681929e+03
      3410  8.5250000000004462e+00  8.1296838051835491e-02  4.7137693769339304e+00  2.242387e-01  1.289160e+01  1.483616e+01  4.341747e+02  1.190789e+03  2.418104e+04  2.664684e+01  1.971601e+03  1.8680075428625810e+03
      3420  8.5500000000004412e+00  8.1002092586928212e-02  4.7183502603531604e+00  2.443331e-01  1.307431e+01  1.667812e+01  4.518048e+02  1.377342e+03  2.618806e+04  2.682908e+01  1.986368e+03  1.8796717689326781e+03
      3430  8.5750000000004363e+00  8.0707078307056673e-02  4.7223894047391912e+00  2.667420e-01  1.323189e+01  1.866091e+01  4.679829e+02  1.579493e+03  2.816247e+04  2.696130e+01  2.003826e+03  1.8909568012762736e+03
      3440  8.6000000000004313e+00  8.0411827612701714e-02  4.7259368220917635e+00  2.917541e-01  1.336614e+01  2.082042e+01  4.836657e+02  1.805666e+03  3.025073e+04  2.705661e+01  2.026560e+03  1.9018482636959120e+03
      3450  8.6250000000004263e+00  8.0116369020967054e-02  4.7290663587487121e+00  3.196278e-01  1.348110e+01  2.316717e+01  4.994306e+02  2.054238e+03  3.246657e+04  2.713790e+01  2.061381e+03  1.9124327868814305e+03
      3460  8.6500000000004214e+00  7.9820725818023991e-02  4.7318697053012402e+00  3.503094e-01  1.357854e+01  2.558097e+01  5.137613e+02  2.293113e+03  3.443812e+04  2.717562e+01  2.096187e+03  1.9229072347465278e+03
      3470  8.6750000000004164e+00  7.9524915360820833e-02  4.7344418902199248e+00  3.831907e-01  1.365700e+01  2.787824e+01  5.242882e+02  2.484030e+03  3.571864e+04  2.712617e+01  2.107535e+03  1.9335434257239424e+03
      3480  8.7000000000004114e+00  7.9228949450518227e-02  4.7368625108853886e+00  4.170994e-01  1.371546e+01  3.001776e+01  5.311393e+02  2.631974e+03  3.638941e+04  2.704262e+01  2.103634e+03  1.9446212096589959e+03
      3490  8.7250000000004064e+00  7.8932835822195763e-02  4.7391800380286151e+00  4.505792e-01  1.375505e+01  3.213206e+01  5.373577e+02  2.784248e+03  3.704205e+04  2.706839e+01  2.132010e+03  1.9563654612373707e+03
      3500  8.7500000000004015e+00  7.8636580353070001e-02  4.7414051977258573e+00  4.823009e-01  1.377394e+01  3.424879e+01  5.445217e+02  2.961150e+03  3.796901e+04  2.724331e+01  2.211332e+03  1.9689199423889572e+03
      3510  8.7750000000003965e+00  7.8340189367080537e-02  4.7435142194954603e+00  5.113455e-01  1.376234e+01  3.606563e+01  5.492671e+02  3.109178e+03  3.863397e+04  2.737381e+01  2.280575e+03  1.9823641141070682e+03
      3520  8.8000000000003915e+00  7.8043671528995454e-02  4.7454578648126864e+00  5.372400e-01  1.370914e+01  3.716998e+01  5.464118e+02  3.152715e+03  3.824045e+04  2.723331e+01  2.264482e+03  1.9967532838920633e+03
      3530  8.8250000000003865e+00  7.7747039130426243e-02  4.7471710719337583e+00  5.598282e-01  1.361540e+01  3.747399e+01  5.352120e+02  3.081645e+03  3.669685e+04  2.689449e+01  2.179828e+03  2.0121577803991668e+03
      3540  8.8500000000003816e+00  7.7450308846161914e-02  4.7485797515622341e+00  5.791233e-01  1.349509e+01  3.728307e+01  5.204272e+02  2.959934e+03  3.473508e+04  2.670071e+01  2.127869e+03  2.0286845954627643e+03
      3550  8.8750000000003766e+00  7.7153502205007954e-02  4.7496027865631572e+00  5.952087e-01  1.335785e+01  3.690312e+01  5.066195e+02  2.848934e+03  3.306508e+04  2.682628e+01  2.166717e+03  2.0464683999113863e+03
      3560  8.9000000000003716e+00  7.6856646108336840e-02  4.7501484796507354e+00  6.081859e-01  1.319563e+01  3.630319e+01  4.928470e+02  2.743416e+03  3.161740e+04  2.699757e+01  2.224795e+03  2.0656232876513218e+03
      3570  8.9250000000003666e+00  7.6559773703255340e-02  4.7501073635261033e+00  6.181705e-01  1.299378e+01  3.524587e+01  4.743612e+02  2.592339e+03  2.974244e+04  2.679864e+01  2.181082e+03  2.0861670181476297e+03
      3580  8.9500000000003617e+00  7.6262925689378244e-02  4.7493466155145416e+00  6.253502e-01  1.275562e+01  3.369546e+01  4.493990e+02  2.374474e+03  2.712148e+04  2.621377e+01  2.027211e+03  2.1079568505316711e+03
      3590  8.9750000000003567e+00  7.5966151771841572e-02  4.7477118658950435e+00  6.300844e-01  1.251033e+01  3.199271e+01  4.228329e+02  2.138132e+03  2.430786e+04  2.571302e+01  1.897443e+03  2.1306808348764380e+03
      3600  9.0000000000003517e+00  7.5669511704693188e-02  4.7450385260786776e+00  6.329855e-01  1.229170e+01  3.055806e+01  4.016574e+02  1.953784e+03  2.216760e+04  2.571485e+01  1.906182e+03  2.1539174141495928e+03
      3610  9.0250000000003467e+00  7.5373075403060610e-02  4.7411692492313868e+00  6.349108e-01  1.211023e+01  2.944382e+01  3.872964e+02  1.832574e+03  2.085742e+04  2.603474e+01  1.995982e+03  2.1772294207745681e+03
      3620  9.0500000000003418e+00  7.5076921947957898e-02  4.7359703414842294e+00  6.368260e-01  1.195256e+01  2.830977e+01  3.746208e+02  1.715696e+03  1.968905e+04  2.603871e+01  2.000515e+03  2.2002315609085563e+03
      3630  9.0750000000003368e+00  7.4781137776151446e-02  4.7293403110878636e+00  6.395877e-01  1.181108e+01  2.693081e+01  3.595288e+02  1.555527e+03  1.810322e+04  2.542060e+01  1.851220e+03  2.2225863715698306e+03
      3640  9.1000000000003318e+00  7.4485814649511151e-02  4.7212085914033786e+00  6.437564e-01  1.170446e+01  2.560093e+01  3.452065e+02  1.385070e+03  1.645107e+04  2.465507e+01  1.670651e+03  2.2439339750485428e+03
      3650  9.1250000000003268e+00  7.4191047916725178e-02  4.7115289153357676e+00  6.495366e-01  1.165546e+01  2.484182e+01  3.381794e+02  1.280108e+03  1.552284e+04  2.445312e+01  1.623079e+03  2.2638076656775320e+03
      3660  9.1500000000003219e+00  7.3896935170688322e-02  4.7002748125955209e+00  6.568648e-01  1.165102e+01  2.474614e+01  3.391035e+02  1.260019e+03  1.546506e+04  2.485169e+01  1.704979e+03  2.2815934121863402e+03
      3670  9.1750000000003169e+00  7.3603574994253670e-02  4.6874417909017181e+00  6.655688e-01  1.164410e+01  2.483615e+01  3.411783e+02  1.261381e+03  1.556688e+04  2.517919e+01  1.765048e+03  2.2965577317979978e+03
      3680  9.2000000000003119e+00  7.3311065369154993e-02  4.6730554260561989e+00  6.754699e-01  1.160559e+01  2.466805e+01  3.388966e+02  1.223212e+03  1.525204e+04  2.499851e+01  1.724217e+03  2.3079332687473420e+03
      3690  9.2250000000003070e+00  7.3019501468285647e-02  4.6571822706358832e+00  6.863599e-01  1.155907e+01  2.438772e+01  3.350902e+02  1.167692e+03  1.488242e+04  2.471730e+01  1.681068e+03  2.3150431221457170e+03
      3700  9.2500000000003020e+00  7.2728972735443209e-02  4.6399410096734384e+00  6.979418e-01  1.154620e+01  2.448060e+01  3.361269e+02  1.162838e+03  1.514754e+04  2.497853e+01  1.763255e+03  2.3174444952220570e+03
      3710  9.2750000000002970e+00  7.2439559362683092e-02  4.6215092896468803e+00  7.099005e-01  1.156686e+01  2.507849e+01  3.418971e+02  1.221249e+03  1.594146e+04  2.567267e+01  1.930179e+03  2.3150471402606786e+03
      3720  9.3000000000002920e+00  7.2151328708335405e-02  4.6021172120099489e+00  7.221165e-01  1.157696e+01  2.582428e+01  3.453030e+02  1.284933e+03  1.639487e+04  2.596895e+01  2.002726e+03  2.3081363040588649e+03
      3730  9.3250000000002871e+00  7.1864332748412543e-02  4.5820207090775043e+00  7.348341e-01  1.154661e+01  2.646510e+01  3.421819e+02  1.315273e+03  1.602456e+04  2.533538e+01  1.881010e+03  2.2972674579758523e+03
      3740  9.3500000000002821e+00  7.1578607706317632e-02  4.5614610698456737e+00  7.486101e-01  1.149709e+01  2.723052e+01  3.368497e+02  1.347575e+03  1.538515e+04  2.415974e+01  1.647857e+03  2.2830942816941410e+03
      3750  9.3750000000002771e+00  7.1294176167640569e-02  4.5406296174799126e+00  7.640527e-01  1.146877e+01  2.843354e+01  3.358390e+02  1.434700e+03  1.535245e+04  2.319598e+01  1.454254e+03  2.2662406209558417e+03
      3760  9.4000000000002721e+00  7.1011050748385859e-02  4.5196552486586778e+00  7.814781e-01  1.146958e+01  3.000844e+01  3.404344e+02  1.579899e+03  1.617994e+04  2.267899e+01  1.360113e+03  2.2472714755365573e+03
      3770  9.4250000000002672e+00  7.0729237703180015e-02  4.4986174232406357e+00  8.006146e-01  1.147486e+01  3.169152e+01  3.481552e+02  1.754615e+03  1.756612e+04  2.229428e+01  1.308256e+03  2.2267236724667337e+03
      3780  9.4500000000002622e+00  7.0448739262263360e-02  4.4775701938880452e+00  8.205206e-01  1.146883e+01  3.338199e+01  3.576294e+02  1.940727e+03  1.922200e+04  2.186291e+01  1.246362e+03  2.2051161683879009e+03
      3790  9.4750000000002572e+00  7.0169554648068733e-02  4.4565575932025112e+00  8.398770e-01  1.145994e+01  3.503084e+01  3.677867e+02  2.119270e+03  2.088975e+04  2.160867e+01  1.213171e+03  2.1828933556404868e+03
      3800  9.5000000000002522e+00  6.9891680637299558e-02  4.4356134748627198e+00  8.575785e-01  1.145271e+01  3.638765e+01  3.753574e+02  2.253736e+03  2.214210e+04  2.167994e+01  1.261853e+03  2.1603335450859950e+03
      3810  9.5250000000002473e+00  6.9615112338064902e-02  4.4147578598518145e+00  8.732118e-01  1.143025e+01  3.720218e+01  3.774529e+02  2.317919e+03  2.265955e+04  2.182815e+01  1.357455e+03  2.1375156847804951e+03
      3820  9.5500000000002423e+00  6.9339843898502729e-02  4.3940040648463601e+00  8.870337e-01  1.137615e+01  3.754493e+01  3.744338e+02  2.319395e+03  2.245171e+04  2.178635e+01  1.413838e+03  2.1143985062558722e+03
      3830  9.5750000000002373e+00  6.9065868448998702e-02  4.3733740731955733e+00  8.995016e-01  1.129464e+01  3.762967e+01  3.679837e+02  2.274735e+03  2.164995e+04  2.164606e+01  1.402588e+03  2.0909489643111260e+03
      3840  9.6000000000002323e+00  6.8793177194155827e-02  4.3529080911780413e+00  9.107906e-01  1.119661e+01  3.747346e+01  3.582092e+02  2.182838e+03  2.028814e+04  2.159144e+01  1.358874e+03  2.0672085236237890e+03
      3850  9.6250000000002274e+00  6.8521758289939505e-02  4.3326620661900463e+00  9.206510e-01  1.108050e+01  3.695543e+01  3.443688e+02  2.042705e+03  1.843563e+04  2.151496e+01  1.305448e+03  2.0432703598306962e+03
      3860  9.6500000000002224e+00  6.8251596097255535e-02  4.3126998427690468e+00  9.286165e-01  1.093857e+01  3.606882e+01  3.274817e+02  1.878935e+03  1.644822e+04  2.116036e+01  1.234952e+03  2.0192373990798048e+03
      3870  9.6750000000002174e+00  6.7982670866032671e-02  4.2930881611209806e+00  9.343392e-01  1.077417e+01  3.497945e+01  3.101710e+02  1.724890e+03  1.472653e+04  2.050838e+01  1.145096e+03  1.9952232435006906e+03
      3880  9.7000000000002125e+00  6.7714958609219555e-02  4.2738951319505265e+00  9.378133e-01  1.060327e+01  3.389105e+01  2.942433e+02  1.592051e+03  1.331696e+04  1.982431e+01  1.052259e+03  1.9713824205075407e+03
      3890  9.7250000000002075e+00  6.7448431081534255e-02  4.2551877241147853e+00  9.393591e-01  1.043913e+01  3.289952e+01  2.797572e+02  1.473180e+03  1.204067e+04  1.932827e+01  9.744725e+02  1.9479190246302867e+03
      3900  9.7500000000002025e+00  6.7183056015258813e-02  4.2370261823120385e+00  9.393953e-01  1.028134e+01  3.197216e+01  2.661494e+02  1.363637e+03  1.084044e+04  1.895275e+01  9.117177e+02  1.9250569506808201e+03
      3910  9.7750000000001975e+00  6.6918797738158967e-02  4.2194580388573382e+00  9.381746e-01  1.012354e+01  3.105607e+01  2.534367e+02  1.268538e+03  9.831514e+03  1.850991e+01  8.541014e+02  1.9030014735016771e+03
      3920  9.8000000000001926e+00  6.6655618095002672e-02  4.2025145992376061e+00  9.356793e-01  9.966895e+00  3.017614e+01  2.422933e+02  1.194730e+03  9.114397e+03  1.799946e+01  8.040183e+02  1.8819202798500592e+03
      3930  9.8250000000001876e+00  6.6393477521398056e-02  4.1862092211405191e+00  9.317436e-01  9.820565e+00  2.940554e+01  2.333193e+02  1.142433e+03  8.653260e+03  1.762139e+01  7.758933e+02  1.8619369158433610e+03
      3940  9.8500000000001826e+00  6.6132336219130491e-02  4.1705356466063250e+00  9.262878e-01  9.690651e+00  2.876314e+01  2.263331e+02  1.103945e+03  8.321250e+03  1.751148e+01  7.790800e+02  1.8431180739011820e+03
      3950  9.8750000000001776e+00  6.5872155410926420e-02  4.1554675351420691e+00  9.194710e-01  9.573302e+00  2.818141e+01  2.203286e+02  1.068086e+03  7.998440e+03  1.756328e+01  8.036519e+02  1.8254605161898983e+03
      3960  9.9000000000001727e+00  6.5612898513625562e-02  4.1409618166806004e+00  9.116584e-01  9.459832e+00  2.758024e+01  2.142621e+02  1.027856e+03  7.634372e+03  1.753201e+01  8.190735e+02  1.8088999626701784e+03
      3970  9.9250000000001677e+00  6.5354531983787864e-02  4.1269653863912605e+00  9.032600e-01  9.345662e+00  2.693833e+01  2.078511e+02  9.843174e+02  7.249348e+03  1.726221e+01  7.983262e+02  1.7933444557904375e+03
      3980  9.9500000000001627e+00  6.5097025744106168e-02  4.1134211333888242e+00  8.945739e-01  9.233025e+00  2.628763e+01  2.015078e+02  9.423020e+02  6.885720e+03  1.679501e+01  7.471271e+02  1.7787057257221791e+03
      3990  9.9750000000001577e+00  6.4840353341138079e-02  4.1002704086122312e+00  8.857326e-01  9.127452e+00  2.566939e+01  1.956795e+02  9.042552e+02  6.560789e+03  1.629651e+01  6.945926e+02  1.7649038638447744e+03
      4000  1.0000000000000153e+01  6.4584492029734819e-02  4.0874534671033445e+00  8.767567e-01  9.033149e+00  2.509880e+01  1.904310e+02  8.689252e+02  6.259133e+03  1.590790e+01  6.597731e+02  1.7518507964110820e+03
