         0  0.0000000000000000e+00  1.2500000000000000e-01  3.7500000000000000e-01 -0.000000e+00  3.375000e+00 -0.000000e+00  1.562500e+01 -0.000000e+00  8.374023e+01  3.375000e+00  1.562500e+01  1.1250000000000000e+00
        10  2.4999999999999998e-02  1.2498828155317977e-01  3.7498925463677063e-01  1.325774e-02  3.375301e+00  1.325870e-01  1.563092e+01  1.087814e+00  8.381023e+01  3.373816e+00  1.561447e+01  1.1251630668523773e+00
        20  5.0000000000000010e-02  1.2497656271196127e-01  3.7502732054271143e-01  2.651549e-02  3.376204e+00  2.652321e-01  1.564870e+01  2.177223e+00  8.402035e+01  3.370276e+00  1.558301e+01  1.1258633908502964e+00
        30  7.5000000000000025e-02  1.2496484195077368e-01  3.7511420262895817e-01  3.977491e-02  3.377709e+00  3.980098e-01  1.567834e+01  3.269962e+00  8.437104e+01  3.364418e+00  1.553104e+01  1.1271018953731058e+00
        40  1.0000000000000005e-01  1.2495311774333190e-01  3.7524993337253237e-01  5.303760e-02  3.379817e+00  5.309945e-01  1.571986e+01  4.367762e+00  8.486308e+01  3.356300e+00  1.545922e+01  1.1288803640175520e+00
        50  1.2500000000000006e-01  1.2494138856178082e-01  3.7543457268550412e-01  6.630511e-02  3.382529e+00  6.642598e-01  1.577331e+01  5.472357e+00  8.549757e+01  3.346005e+00  1.536846e+01  1.1312014427019856e+00
        60  1.5000000000000008e-01  1.2492965287584500e-01  3.7566820776056270e-01  7.957889e-02  3.385846e+00  7.978790e-01  1.583873e+01  6.585486e+00  8.627594e+01  3.333637e+00  1.525993e+01  1.1340686433616314e+00
        70  1.7500000000000010e-01  1.2491790915198499e-01  3.7595095289361236e-01  9.286031e-02  3.389770e+00  9.319246e-01  1.591617e+01  7.708889e+00  8.719996e+01  3.319319e+00  1.513500e+01  1.1374863492631384e+00
        80  2.0000000000000012e-01  1.2490615585255978e-01  3.7628294928414596e-01  1.061506e-01  3.394303e+00  1.066468e+00  1.600571e+01  8.844309e+00  8.827171e+01  3.303194e+00  1.499522e+01  1.1414598219774308e+00
        90  2.2500000000000014e-01  1.2489439143499834e-01  3.7666436481433202e-01  1.194508e-01  3.399446e+00  1.201581e+00  1.610741e+01  9.993495e+00  8.949358e+01  3.285422e+00  1.484235e+01  1.1459952100603450e+00
       100  2.5000000000000017e-01  1.2488261435097674e-01  3.7709539380789131e-01  1.327620e-01  3.405202e+00  1.337332e+00  1.622137e+01  1.115820e+01  9.086828e+01  3.266178e+00  1.467828e+01  1.1510995595013966e+00
       110  2.7500000000000019e-01  1.2487082304560693e-01  3.7757625676998852e-01  1.460848e-01  3.411573e+00  1.473790e+00  1.634766e+01  1.234018e+01  9.239883e+01  3.245650e+00  1.450503e+01  1.1567808260114296e+00
       120  3.0000000000000021e-01  1.2485901595663099e-01  3.7810720010948407e-01  1.594198e-01  3.418561e+00  1.611021e+00  1.648641e+01  1.354119e+01  9.408856e+01  3.224037e+00  1.432472e+01  1.1630478892308738e+00
       130  3.2500000000000023e-01  1.2484719151362733e-01  3.7868849584500125e-01  1.727673e-01  3.426168e+00  1.749090e+00  1.663769e+01  1.476299e+01  9.594106e+01  3.201547e+00  1.413954e+01  1.1699105689508960e+00
       140  3.5000000000000026e-01  1.2483534813722488e-01  3.7932044129638925e-01  1.861275e-01  3.434396e+00  1.888059e+00  1.680164e+01  1.600734e+01  9.796022e+01  3.178395e+00  1.395174e+01  1.1773796434507549e+00
       150  3.7500000000000028e-01  1.2482348423832805e-01  3.8000335876321817e-01  1.995002e-01  3.443247e+00  2.027991e+00  1.697835e+01  1.727599e+01  1.001502e+02  3.154803e+00  1.376359e+01  1.1854668700657078e+00
       160  4.0000000000000030e-01  1.2481159821735166e-01  3.8073759519202655e-01  2.128850e-01  3.452722e+00  2.168942e+00  1.716795e+01  1.857070e+01  1.025154e+02  3.130991e+00  1.357736e+01  1.1941850081108685e+00
       170  4.2500000000000032e-01  1.2479968846346527e-01  3.8152352183409904e-01  2.262813e-01  3.462822e+00  2.310967e+00  1.737056e+01  1.989321e+01  1.050605e+02  3.107183e+00  1.339530e+01  1.2035478442980911e+00
       180  4.5000000000000034e-01  1.2478775335384952e-01  3.8236153389557986e-01  2.396879e-01  3.473547e+00  2.454119e+00  1.758628e+01  2.124525e+01  1.077904e+02  3.083600e+00  1.321962e+01  1.2135702207943810e+00
       190  4.7500000000000037e-01  1.2477579125296105e-01  3.8325205018176106e-01  2.531038e-01  3.484898e+00  2.598447e+00  1.781523e+01  2.262852e+01  1.107100e+02  3.060461e+00  1.305250e+01  1.2242680660826200e+00
       200  5.0000000000000033e-01  1.2476380051181116e-01  3.8419551273735897e-01  2.665272e-01  3.496873e+00  2.743994e+00  1.805752e+01  2.404471e+01  1.138248e+02  3.037978e+00  1.289603e+01  1.2356584287975041e+00
       210  5.2499999999999980e-01  1.2475177946725119e-01  3.8519238648463244e-01  2.799562e-01  3.509471e+00  2.890801e+00  1.831325e+01  2.549549e+01  1.171399e+02  3.016358e+00  1.275221e+01  1.2477595147227221e+00
       220  5.4999999999999927e-01  1.2473972644127131e-01  3.8624315886110266e-01  2.933886e-01  3.522689e+00  3.038904e+00  1.858252e+01  2.698245e+01  1.206610e+02  2.995798e+00  1.262298e+01  1.2605907271485102e+00
       230  5.7499999999999873e-01  1.2472763974030920e-01  3.8734833945865016e-01  3.068216e-01  3.536523e+00  3.188333e+00  1.886540e+01  2.850719e+01  1.243936e+02  2.976487e+00  1.251017e+01  1.2741727108028440e+00
       240  5.9999999999999820e-01  1.2471551765456965e-01  3.8850845966563696e-01  3.202524e-01  3.550969e+00  3.339114e+00  1.916197e+01  3.007121e+01  1.283433e+02  2.958604e+00  1.241551e+01  1.2885273995839972e+00
       250  6.2499999999999767e-01  1.2470335845735342e-01  3.8972407231371686e-01  3.336775e-01  3.566021e+00  3.491265e+00  1.947229e+01  3.167597e+01  1.325157e+02  2.942313e+00  1.234062e+01  1.3036780683377502e+00
       260  6.4999999999999714e-01  1.2469116040439605e-01  3.9099575133079811e-01  3.470933e-01  3.581672e+00  3.644798e+00  1.979637e+01  3.332284e+01  1.369162e+02  2.927768e+00  1.228701e+01  1.3196493889386165e+00
       270  6.7499999999999660e-01  1.2467892173321939e-01  3.9232409140161856e-01  3.604955e-01  3.597913e+00  3.799720e+00  2.013425e+01  3.501311e+01  1.415504e+02  2.915111e+00  1.225611e+01  1.3364674909516561e+00
       280  6.9999999999999607e-01  1.2466664066249025e-01  3.9370970763722324e-01  3.738797e-01  3.614734e+00  3.956028e+00  2.048591e+01  3.674797e+01  1.464235e+02  2.904468e+00  1.224920e+01  1.3541600271699152e+00
       290  7.2499999999999554e-01  1.2465431539138898e-01  3.9515323525450807e-01  3.872411e-01  3.632123e+00  4.113713e+00  2.085132e+01  3.852848e+01  1.515403e+02  2.895951e+00  1.226749e+01  1.3727562443416190e+00
       300  7.4999999999999500e-01  1.2464194409898791e-01  3.9665532926690039e-01  4.005742e-01  3.650068e+00  4.272755e+00  2.123040e+01  4.035559e+01  1.569057e+02  2.889659e+00  1.231207e+01  1.3922870594222321e+00
       310  7.7499999999999447e-01  1.2462952494363916e-01  3.9821666418706808e-01  4.138736e-01  3.668553e+00  4.433128e+00  2.162305e+01  4.223009e+01  1.625238e+02  2.885675e+00  1.238393e+01  1.4127851417085378e+00
       320  7.9999999999999394e-01  1.2461705606236931e-01  3.9983793374237608e-01  4.271330e-01  3.687561e+00  4.594794e+00  2.202914e+01  4.415260e+01  1.683983e+02  2.884068e+00  1.248394e+01  1.4342850012353492e+00
       330  8.2499999999999341e-01  1.2460453557028500e-01  4.0151985060375084e-01  4.403462e-01  3.707074e+00  4.757705e+00  2.244848e+01  4.612359e+01  1.745326e+02  2.884893e+00  1.261290e+01  1.4568230838411103e+00
       340  8.4999999999999287e-01  1.2459196155998284e-01  4.0326314612831682e-01  4.535062e-01  3.727071e+00  4.921805e+00  2.288086e+01  4.814329e+01  1.809292e+02  2.888189e+00  1.277147e+01  1.4804378733351333e+00
       350  8.7499999999999234e-01  1.2457933210096996e-01  4.0506857011612424e-01  4.666059e-01  3.747529e+00  5.087025e+00  2.332600e+01  5.021174e+01  1.875897e+02  2.893982e+00  1.296024e+01  1.5051700012286653e+00
       360  8.9999999999999181e-01  1.2456664523909063e-01  4.0693689058105548e-01  4.796377e-01  3.768424e+00  5.253283e+00  2.378358e+01  5.232874e+01  1.945151e+02  2.902283e+00  1.317967e+01  1.5310623645223158e+00
       370  9.2499999999999127e-01  1.2455389899595903e-01  4.0886889353586009e-01  4.925938e-01  3.789729e+00  5.420489e+00  2.425323e+01  5.449382e+01  2.017052e+02  2.913091e+00  1.343012e+01  1.5581602520756521e+00
       380  9.4999999999999074e-01  1.2454109136839851e-01  4.1086538279108542e-01  5.054659e-01  3.811415e+00  5.588536e+00  2.473452e+01  5.670624e+01  2.091589e+02  2.926387e+00  1.371184e+01  1.5865114801196214e+00
       390  9.7499999999999021e-01  1.2452822032788786e-01  4.1292717976754528e-01  5.182453e-01  3.833451e+00  5.757310e+00  2.522695e+01  5.896496e+01  2.168737e+02  2.942144e+00  1.402495e+01  1.6161665375098497e+00
       400  9.9999999999998967e-01  1.2451528382001216e-01  4.1505512332176864e-01  5.309232e-01  3.855804e+00  5.926678e+00  2.572997e+01  6.126865e+01  2.248459e+02  2.960320e+00  1.436944e+01  1.6471787413583359e+00
       410  1.0249999999999893e+00  1.2450227976391842e-01  4.1725006958374899e-01  5.434903e-01  3.878439e+00  6.096498e+00  2.624296e+01  6.361562e+01  2.330704e+02  2.980858e+00  1.474519e+01  1.6796044037229187e+00
       420  1.0499999999999887e+00  1.2448920605177805e-01  4.1951289180615919e-01  5.559371e-01  3.901319e+00  6.266614e+00  2.676523e+01  6.600382e+01  2.415402e+02  3.003693e+00  1.515191e+01  1.7135030100779596e+00
       430  1.0749999999999882e+00  1.2447606054825069e-01  4.2184448022407495e-01  5.682538e-01  3.924403e+00  6.436855e+00  2.729603e+01  6.843088e+01  2.502472e+02  3.028747e+00  1.558917e+01  1.7489374103359481e+00
       440  1.0999999999999877e+00  1.2446284108995734e-01  4.2424574192408998e-01  5.804303e-01  3.947652e+00  6.607039e+00  2.783452e+01  7.089401e+01  2.591810e+02  3.055929e+00  1.605636e+01  1.7859740232381203e+00
       450  1.1249999999999871e+00  1.2444954548495081e-01  4.2671760072161874e-01  5.924564e-01  3.971021e+00  6.776968e+00  2.837981e+01  7.339003e+01  2.683297e+02  3.085140e+00  1.655272e+01  1.8246830549823767e+00
       460  1.1499999999999866e+00  1.2443617151219484e-01  4.2926099704506154e-01  6.043215e-01  3.994465e+00  6.946433e+00  2.893092e+01  7.591540e+01  2.776794e+02  3.116268e+00  1.707729e+01  1.8651387330088416e+00
       470  1.1749999999999861e+00  1.2442271692104782e-01  4.3187688782541961e-01  6.160149e-01  4.017939e+00  7.115212e+00  2.948680e+01  7.846612e+01  2.872141e+02  3.149194e+00  1.762893e+01  1.9074195559164764e+00
       480  1.1999999999999855e+00  1.2440917943074394e-01  4.3456624638983909e-01  6.275257e-01  4.041393e+00  7.283070e+00  3.004635e+01  8.103782e+01  2.969158e+02  3.183789e+00  1.820626e+01  1.9516085605381464e+00
       490  1.2249999999999850e+00  1.2439555672988434e-01  4.3733006235751987e-01  6.388429e-01  4.064777e+00  7.449760e+00  3.060837e+01  8.362571e+01  3.067645e+02  3.219914e+00  1.880774e+01  1.9977936072562108e+00
       500  1.2499999999999845e+00  1.2438184647592665e-01  4.4016934153637388e-01  6.499553e-01  4.088041e+00  7.615024e+00  3.117162e+01  8.622459e+01  3.167379e+02  3.257423e+00  1.943157e+01  2.0460676846940204e+00
       510  1.2749999999999839e+00  1.2436804629468100e-01  4.4308510581872751e-01  6.608517e-01  4.111132e+00  7.778596e+00  3.173477e+01  8.882888e+01  3.268118e+02  3.296164e+00  2.007576e+01  2.0965292349716051e+00
       520  1.2999999999999834e+00  1.2435415377980812e-01  4.4607839307438069e-01  6.715207e-01  4.133997e+00  7.940197e+00  3.229645e+01  9.143261e+01  3.369599e+02  3.335978e+00  2.073806e+01  2.1492825007633325e+00
       530  1.3249999999999829e+00  1.2434016649232010e-01  4.4915025703932254e-01  6.819512e-01  4.156582e+00  8.099542e+00  3.285523e+01  9.402948e+01  3.471539e+02  3.376699e+00  2.141604e+01  2.2044378954417581e+00
       540  1.3499999999999823e+00  1.2432608196008664e-01  4.5230176719835802e-01  6.921316e-01  4.178834e+00  8.256338e+00  3.340963e+01  9.661282e+01  3.573636e+02  3.418157e+00  2.210701e+01  2.2621123976318782e+00
       550  1.3749999999999818e+00  1.2431189767734327e-01  4.5553400865997357e-01  7.020508e-01  4.200697e+00  8.410288e+00  3.395812e+01  9.917570e+01  3.675570e+02  3.460180e+00  2.280811e+01  2.3224299715334134e+00
       560  1.3999999999999813e+00  1.2429761110420452e-01  4.5884808202177330e-01  7.116974e-01  4.222118e+00  8.561087e+00  3.449916e+01  1.017109e+02  3.777007e+02  3.502591e+00  2.351626e+01  2.3855220143916114e+00
       570  1.4249999999999807e+00  1.2428321966618086e-01  4.6224510322486673e-01  7.210603e-01  4.243043e+00  8.708433e+00  3.503115e+01  1.042109e+02  3.877598e+02  3.545212e+00  2.422821e+01  2.4515278325072254e+00
       580  1.4499999999999802e+00  1.2426872075370277e-01  4.6572620339566329e-01  7.301285e-01  4.263417e+00  8.852017e+00  3.555251e+01  1.066683e+02  3.976980e+02  3.587865e+00  2.494054e+01  2.5205951471708294e+00
       590  1.4749999999999797e+00  1.2425411172164570e-01  4.6929252867363069e-01  7.388911e-01  4.283190e+00  8.991534e+00  3.606163e+01  1.090751e+02  4.074783e+02  3.630371e+00  2.564970e+01  2.5928806318800763e+00
       600  1.4999999999999791e+00  1.2423938988886338e-01  4.7294524002360189e-01  7.473374e-01  4.302310e+00  9.126682e+00  3.655691e+01  1.114237e+02  4.170630e+02  3.672555e+00  2.635205e+01  2.6685504821469319e+00
       610  1.5249999999999786e+00  1.2422455253772680e-01  4.7668551303144052e-01  7.554571e-01  4.320727e+00  9.257163e+00  3.703677e+01  1.137062e+02  4.264141e+02  3.714243e+00  2.704386e+01  2.7477810191186585e+00
       620  1.5499999999999781e+00  1.2420959691366971e-01  4.8051453768188263e-01  7.632399e-01  4.338396e+00  9.382684e+00  3.749965e+01  1.159149e+02  4.354935e+02  3.755268e+00  2.772136e+01  2.8307593281137020e+00
       630  1.5749999999999775e+00  1.2419452022474196e-01  4.8443351811763879e-01  7.706759e-01  4.355270e+00  9.502962e+00  3.794405e+01  1.180421e+02  4.442635e+02  3.795466e+00  2.838081e+01  2.9176839330023165e+00
       640  1.5999999999999770e+00  1.2417931964116746e-01  4.8844367237890679e-01  7.777555e-01  4.371308e+00  9.617724e+00  3.836850e+01  1.200804e+02  4.526872e+02  3.834683e+00  2.901850e+01  3.0087655071305432e+00
       650  1.6249999999999765e+00  1.2416399229491504e-01  4.9254623212267906e-01  7.844695e-01  4.386470e+00  9.726710e+00  3.877161e+01  1.220227e+02  4.607286e+02  3.872773e+00  2.963083e+01  3.1042276211816597e+00
       660  1.6499999999999759e+00  1.2414853527927597e-01  4.9674244232140591e-01  7.908090e-01  4.400720e+00  9.829673e+00  3.915206e+01  1.238621e+02  4.683534e+02  3.909598e+00  3.021432e+01  3.2043075279745641e+00
       670  1.6749999999999754e+00  1.2413294564845007e-01  5.0103356094079321e-01  7.967655e-01  4.414027e+00  9.926383e+00  3.950863e+01  1.255923e+02  4.755288e+02  3.945033e+00  3.076569e+01  3.3092569836965247e+00
       680  1.6999999999999749e+00  1.2411722041714249e-01  5.0542085859672325e-01  8.023310e-01  4.426361e+00  1.001663e+01  3.984018e+01  1.272071e+02  4.822247e+02  3.978966e+00  3.128190e+01  3.4193431044377460e+00
       690  1.7249999999999743e+00  1.2410135656017568e-01  5.0990561819157365e-01  8.074977e-01  4.437699e+00  1.010021e+01  4.014571e+01  1.287012e+02  4.884131e+02  4.011298e+00  3.176019e+01  3.5348492561157139e+00
       700  1.7499999999999738e+00  1.2408535101210666e-01  5.1448913453036804e-01  8.122587e-01  4.448021e+00  1.017697e+01  4.042432e+01  1.300697e+02  4.940690e+02  4.041946e+00  3.219815e+01  3.6560759749284939e+00
       710  1.7749999999999733e+00  1.2406920066686024e-01  5.1917271391760811e-01  8.166070e-01  4.457313e+00  1.024674e+01  4.067525e+01  1.313084e+02  4.991706e+02  4.070843e+00  3.259371e+01  3.7833419143377487e+00
       720  1.7999999999999727e+00  1.2405290237737480e-01  5.2395767373583113e-01  8.205364e-01  4.465563e+00  1.030940e+01  4.089788e+01  1.324137e+02  5.036997e+02  4.097939e+00  3.294525e+01  3.9169848132419478e+00
       730  1.8249999999999722e+00  1.2403645295525867e-01  5.2884534200729094e-01  8.240412e-01  4.472769e+00  1.036485e+01  4.109172e+01  1.333827e+02  5.076414e+02  4.123202e+00  3.325158e+01  4.0573624784484972e+00
       740  1.8499999999999717e+00  1.2401984917046488e-01  5.3383705694054517e-01  8.271160e-01  4.478929e+00  1.041300e+01  4.125646e+01  1.342135e+02  5.109849e+02  4.146620e+00  3.351200e+01  4.2048537727955857e+00
       750  1.8749999999999711e+00  1.2400308775097753e-01  5.3893416646414949e-01  8.297561e-01  4.484051e+00  1.045381e+01  4.139192e+01  1.349046e+02  5.137230e+02  4.168200e+00  3.372633e+01  4.3598595983235002e+00
       760  1.8999999999999706e+00  1.2398616538251186e-01  5.4413802775004805e-01  8.319570e-01  4.488147e+00  1.048723e+01  4.149809e+01  1.354554e+02  5.158529e+02  4.187967e+00  3.389490e+01  4.5228038617847925e+00
       770  1.9249999999999701e+00  1.2396907870823207e-01  5.4945000672988431e-01  8.337149e-01  4.491232e+00  1.051327e+01  4.157511e+01  1.358662e+02  5.173756e+02  4.205971e+00  3.401862e+01  4.6941344075565237e+00
       780  1.9499999999999695e+00  1.2395182432848276e-01  5.5487147760802302e-01  8.350264e-01  4.493331e+00  1.053195e+01  4.162329e+01  1.361379e+02  5.182960e+02  4.222278e+00  3.409892e+01  4.8743239007453774e+00
       790  1.9749999999999690e+00  1.2393439880053420e-01  5.6040382237581199e-01  8.358885e-01  4.494472e+00  1.054329e+01  4.164309e+01  1.362722e+02  5.186231e+02  4.236976e+00  3.413781e+01  5.0638706410368046e+00
       800  1.9999999999999685e+00  1.2391679863834751e-01  5.6604843033247754e-01  8.362986e-01  4.494690e+00  1.054737e+01  4.163511e+01  1.362715e+02  5.183696e+02  4.250175e+00  3.413785e+01  5.2632992857315308e+00
       810  2.0249999999999679e+00  1.2389902031234677e-01  5.7180669761901770e-01  8.362546e-01  4.494025e+00  1.054426e+01  4.160012e+01  1.361388e+02  5.175519e+02  4.262002e+00  3.410215e+01  5.4731614585478567e+00
       820  2.0499999999999674e+00  1.2388106024921360e-01  5.7768002677272479e-01  8.357548e-01  4.492523e+00  1.053408e+01  4.153902e+01  1.358779e+02  5.161895e+02  4.272604e+00  3.403434e+01  5.6940362192619780e+00
       830  2.0749999999999669e+00  1.2386291483168946e-01  5.8366982631112840e-01  8.347978e-01  4.490236e+00  1.051693e+01  4.145285e+01  1.354931e+02  5.143053e+02  4.282149e+00  3.393862e+01  5.9265303682376036e+00
       840  2.0999999999999663e+00  1.2384458039839541e-01  5.8977751035586312e-01  8.333825e-01  4.487221e+00  1.049296e+01  4.134279e+01  1.349892e+02  5.119249e+02  4.290822e+00  3.381968e+01  6.1712785594774315e+00
       850  2.1249999999999658e+00  1.2382605324365589e-01  5.9600449830857005e-01  8.315082e-01  4.483540e+00  1.046230e+01  4.121012e+01  1.343713e+02  5.090765e+02  4.298824e+00  3.368271e+01  6.4289431961253163e+00
       860  2.1499999999999653e+00  1.2380732961733901e-01  6.0235221459297950e-01  8.291745e-01  4.479261e+00  1.042513e+01  4.105625e+01  1.336452e+02  5.057906e+02  4.306375e+00  3.353343e+01  6.7002140834667312e+00
       870  2.1749999999999647e+00  1.2378840572469849e-01  6.0882208847933161e-01  8.263812e-01  4.474457e+00  1.038160e+01  4.088268e+01  1.328167e+02  5.020995e+02  4.313709e+00  3.337803e+01  6.9858078164906310e+00
       880  2.1999999999999642e+00  1.2376927772622423e-01  6.1541555400973202e-01  8.231283e-01  4.469206e+00  1.033189e+01  4.069103e+01  1.318920e+02  4.980371e+02  4.321077e+00  3.322324e+01  7.2864668820629976e+00
       890  2.2249999999999637e+00  1.2374994173748724e-01  6.2213405004546629e-01  8.194163e-01  4.463590e+00  1.027617e+01  4.048299e+01  1.308775e+02  4.936384e+02  4.328742e+00  3.307628e+01  7.6029584597570645e+00
       900  2.2499999999999631e+00  1.2373039382898857e-01  6.2897902045999465e-01  8.152454e-01  4.457697e+00  1.021461e+01  4.026032e+01  1.297794e+02  4.889397e+02  4.336985e+00  3.294494e+01  7.9360729104120118e+00
       910  2.2749999999999626e+00  1.2371063002599211e-01  6.3595191450413158e-01  8.106164e-01  4.451619e+00  1.014738e+01  4.002488e+01  1.286041e+02  4.839775e+02  4.346096e+00  3.283757e+01  8.2866219475439991e+00
       920  2.2999999999999621e+00  1.2369064630834982e-01  6.4305418737277598e-01  8.055300e-01  4.445452e+00  1.007465e+01  3.977857e+01  1.273579e+02  4.787891e+02  4.356380e+00  3.276314e+01  8.6554364937952837e+00
       930  2.3249999999999615e+00  1.2367043861030035e-01  6.5028730100567922e-01  7.999871e-01  4.439296e+00  9.996567e+00  3.952338e+01  1.260469e+02  4.734117e+02  4.368154e+00  3.273132e+01  9.0433642326287185e+00
       940  2.3499999999999610e+00  1.2365000282024116e-01  6.5765272515760520e-01  7.939886e-01  4.433257e+00  9.913271e+00  3.926133e+01  1.246767e+02  4.678826e+02  4.381745e+00  3.275250e+01  9.4512668744117256e+00
       950  2.3749999999999605e+00  1.2362933478046365e-01  6.6515193877643042e-01  7.875355e-01  4.427442e+00  9.824886e+00  3.899451e+01  1.232529e+02  4.622389e+02  4.397495e+00  3.283789e+01  9.8800171658091447e+00
       960  2.3999999999999599e+00  1.2360843028683779e-01  6.7278643173075947e-01  7.806291e-01  4.421964e+00  9.731515e+00  3.872506e+01  1.217804e+02  4.565175e+02  4.415753e+00  3.299965e+01  1.0330495681955696e+01
       970  2.4249999999999594e+00  1.2358728508843853e-01  6.8055770693163742e-01  7.732705e-01  4.416938e+00  9.633239e+00  3.845517e+01  1.202636e+02  4.507549e+02  4.436880e+00  3.325090e+01  1.0803587452119402e+01
       980  2.4499999999999589e+00  1.2356589488709631e-01  6.8846728289608072e-01  7.654609e-01  4.412482e+00  9.530112e+00  3.818710e+01  1.187064e+02  4.449874e+02  4.461247e+00  3.360591e+01  1.1300178481433615e+01
       990  2.4749999999999583e+00  1.2354425533686861e-01  6.9651669680288730e-01  7.572017e-01  4.408721e+00  9.422161e+00  3.792317e+01  1.171120e+02  4.392513e+02  4.489233e+00  3.408013e+01  1.1821152243681693e+01
      1000  2.4999999999999578e+00  1.2352236204339061e-01  7.0470750809436922e-01  7.484941e-01  4.405778e+00  9.309379e+00  3.766577e+01  1.154826e+02  4.335827e+02  4.521226e+00  3.469036e+01  1.2367386233012684e+01
      1010  2.5249999999999573e+00  1.2350021056312839e-01  7.1304130268027321e-01  7.393396e-01  4.403782e+00  9.191724e+00  3.741735e+01  1.138197e+02  4.280183e+02  4.557618e+00  3.545483e+01  1.2939748675783992e+01
      1020  2.5499999999999567e+00  1.2347779640246641e-01  7.2151969780312153e-01  7.297396e-01  4.402863e+00  9.069118e+00  3.718050e+01  1.121237e+02  4.225951e+02  4.598809e+00  3.639326e+01  1.3539095517420778e+01
      1030  2.5749999999999562e+00  1.2345511501665050e-01  7.3014434762698066e-01  7.196956e-01  4.403154e+00  8.941441e+00  3.695786e+01  1.103939e+02  4.173516e+02  4.645200e+00  3.752697e+01  1.4166267813238829e+01
      1040  2.5999999999999557e+00  1.2343216180853464e-01  7.3891694961452803e-01  7.092094e-01  4.404792e+00  8.808531e+00  3.675223e+01  1.086284e+02  4.123279e+02  4.697191e+00  3.887891e+01  1.4822089666557973e+01
      1050  2.6249999999999551e+00  1.2340893212711537e-01  7.4783925176018107e-01  6.982827e-01  4.407912e+00  8.670184e+00  3.656654e+01  1.068240e+02  4.075664e+02  4.755184e+00  4.047367e+01  1.5507366872181112e+01
      1060  2.6499999999999546e+00  1.2338542126583454e-01  7.5691306075001208e-01  6.869174e-01  4.412654e+00  8.526148e+00  3.640388e+01  1.049761e+02  4.031129e+02  4.819570e+00  4.233744e+01  1.6222886438446380e+01
      1070  2.6749999999999541e+00  1.2336162446060088e-01  7.6614025112257633e-01  6.751155e-01  4.419157e+00  8.376125e+00  3.626753e+01  1.030781e+02  3.990176e+02  4.890731e+00  4.449791e+01  1.6969417176674533e+01
      1080  2.6999999999999535e+00  1.2333753688751437e-01  7.7552277550801274e-01  6.628795e-01  4.427562e+00  8.219769e+00  3.616097e+01  1.011222e+02  3.953358e+02  4.969037e+00  4.698408e+01  1.7747711563058225e+01
      1090  2.7249999999999530e+00  1.2331315366025500e-01  7.8506267602679891e-01  6.502118e-01  4.438011e+00  8.056689e+00  3.608794e+01  9.909822e+01  3.921298e+02  5.054835e+00  4.982601e+01  1.8558509095073358e+01
      1100  2.7499999999999525e+00  1.2328846982709457e-01  7.9476209693374633e-01  6.371153e-01  4.450644e+00  7.886448e+00  3.605240e+01  9.699419e+01  3.894700e+02  5.148446e+00  5.305444e+01  1.9402541382618658e+01
      1110  2.7749999999999519e+00  1.2326348036748816e-01  8.0462329859755055e-01  6.235933e-01  4.465602e+00  7.708564e+00  3.605861e+01  9.479580e+01  3.874369e+02  5.250163e+00  5.670031e+01  2.0280539233677853e+01
      1120  2.7999999999999514e+00  1.2323818018821620e-01  8.1464867291177390e-01  6.096493e-01  4.483024e+00  7.522519e+00  3.611115e+01  9.248639e+01  3.861226e+02  5.360237e+00  6.079417e+01  2.1193242015829643e+01
      1130  2.8249999999999509e+00  1.2321256411901138e-01  8.2484076023902508e-01  5.952874e-01  4.503048e+00  7.327755e+00  3.621492e+01  9.004674e+01  3.856331e+02  5.478878e+00  6.536546e+01  2.2141409598962284e+01
      1140  2.8499999999999504e+00  1.2318662690763882e-01  8.3520226799719977e-01  5.805123e-01  4.525809e+00  7.123688e+00  3.637514e+01  8.745501e+01  3.860902e+02  5.606247e+00  7.044170e+01  2.3125837211646655e+01
      1150  2.8749999999999498e+00  1.2316036321436599e-01  8.4573609100408376e-01  5.653293e-01  4.551438e+00  6.909710e+00  3.659743e+01  8.468660e+01  3.876339e+02  5.742452e+00  7.604762e+01  2.4147373574272748e+01
      1160  2.8999999999999493e+00  1.2313376760576469e-01  8.5644533370539078e-01  5.497443e-01  4.580063e+00  6.685202e+00  3.688772e+01  8.171411e+01  3.904248e+02  5.887548e+00  8.220427e+01  2.5206942706303302e+01
      1170  2.9249999999999488e+00  1.2310683454779514e-01  8.6733333442042371e-01  5.337641e-01  4.611808e+00  6.449542e+00  3.725234e+01  7.850735e+01  3.946458e+02  6.041536e+00  8.892826e+01  2.6305569842273755e+01
      1180  2.9499999999999482e+00  1.2307955839808726e-01  8.7840369174977950e-01  5.173964e-01  4.646789e+00  6.202123e+00  3.769792e+01  7.503347e+01  4.005046e+02  6.204372e+00  9.623124e+01  2.7444411929724140e+01
      1190  2.9749999999999477e+00  1.2305193339737505e-01  8.8966029329853735e-01  5.006498e-01  4.685120e+00  5.942362e+00  3.823143e+01  7.125710e+01  4.082355e+02  6.375977e+00  1.041197e+02  2.8624793219150405e+01
      1200  2.9999999999999472e+00  1.2302395365998095e-01  9.0110734687595384e-01  4.835344e-01  4.726903e+00  5.669721e+00  3.886008e+01  6.714078e+01  4.181000e+02  6.556254e+00  1.125949e+02  2.9848246487275006e+01
      1210  3.0249999999999466e+00  1.2299561316329918e-01  9.1274941433402867e-01  4.660611e-01  4.772234e+00  5.383729e+00  3.959131e+01  6.264540e+01  4.303877e+02  6.745118e+00  1.216534e+02  3.1116560456299997e+01
      1220  3.0499999999999461e+00  1.2296690573616889e-01  9.2459144820018824e-01  4.482425e-01  4.821202e+00  5.083999e+00  4.043267e+01  5.773096e+01  4.454154e+02  6.942521e+00  1.312879e+02  3.2431833980394813e+01
      1230  3.0749999999999456e+00  1.2293782504605436e-01  9.3663883123900304e-01  4.300928e-01  4.873883e+00  4.770252e+00  4.139174e+01  5.235749e+01  4.635256e+02  7.148499e+00  1.414891e+02  3.3796537566666004e+01
      1240  3.0999999999999450e+00  1.2290836458495508e-01  9.4889741904345903e-01  4.116278e-01  4.930346e+00  4.442347e+00  4.247601e+01  4.648626e+01  4.850825e+02  7.363225e+00  1.522502e+02  3.5213582785804391e+01
      1250  3.1249999999999445e+00  1.2287851765392421e-01  9.6137358571128417e-01  3.928652e-01  4.990647e+00  4.100302e+00  4.369277e+01  4.008120e+01  5.104675e+02  7.587068e+00  1.635732e+02  3.6686400117160836e+01
      1260  3.1499999999999440e+00  1.2284827734611603e-01  9.7407427261353674e-01  3.738248e-01  5.054832e+00  3.744324e+00  4.504893e+01  3.311057e+01  5.400727e+02  7.820674e+00  1.754762e+02  3.8219025778485801e+01
      1270  3.1749999999999434e+00  1.2281763652826891e-01  9.8700704022278662e-01  3.545286e-01  5.122935e+00  3.374834e+00  4.655090e+01  2.554888e+01  5.742931e+02  8.065047e+00  1.879988e+02  3.9816198129691486e+01
      1280  3.1999999999999429e+00  1.2278658782050741e-01  1.0001801229471581e+00  3.350009e-01  5.194977e+00  2.992493e+00  4.820441e+01  1.737913e+01  6.135166e+02  8.321646e+00  2.012027e+02  4.1483464331131799e+01
      1290  3.2249999999999424e+00  1.2275512357440059e-01  1.0136024869134417e+00  3.152685e-01  5.270969e+00  2.598230e+00  5.001432e+01  8.595310e+00  6.581109e+02  8.592475e+00  2.151679e+02  4.3227298093040886e+01
      1300  3.2499999999999418e+00  1.2272323584915670e-01  1.0272838906438706e+00  2.953607e-01  5.350908e+00  2.193264e+00  5.198447e+01 -7.945803e-01  7.084050e+02  8.880193e+00  2.299902e+02  4.5055229569877795e+01
      1310  3.2749999999999413e+00  1.2269091638589305e-01  1.0412349485412253e+00  2.753093e-01  5.434779e+00  1.779124e+00  5.411745e+01 -1.076512e+01  7.646661e+02  9.188243e+00  2.457913e+02  4.6975988692265361e+01
      1320  3.2999999999999408e+00  1.2265815657986798e-01  1.0554671969884999e+00  2.551489e-01  5.522558e+00  1.357661e+00  5.641444e+01 -2.126999e+01  8.270724e+02  9.521023e+00  2.627518e+02  4.8999663396126280e+01
      1330  3.3249999999999402e+00  1.2262494745061846e-01  1.0699931626285921e+00  2.349161e-01  5.614208e+00  9.310468e-01  5.887508e+01 -3.223878e+01  8.956880e+02  9.884111e+00  2.811746e+02  5.1137874145743723e+01
      1340  3.3499999999999397e+00  1.2259127960994518e-01  1.0848264319753744e+00  2.146498e-01  5.709683e+00  5.017528e-01  6.149748e+01 -4.357506e+01  9.704443e+02  1.028454e+01  3.015703e+02  5.3403965648841719e+01
      1350  3.3749999999999392e+00  1.2255714322771187e-01  1.0999817209041511e+00  1.943902e-01  5.808932e+00  7.251101e-02  6.427832e+01 -5.515613e+01  1.051138e+03  1.073107e+01  3.247513e+02  5.5813215522314508e+01
      1360  3.3999999999999386e+00  1.2252252799551422e-01  1.1154749417946910e+00  1.741781e-01  5.911899e+00 -3.537564e-01  6.721319e+01 -6.683523e+01  1.137447e+03  1.123441e+01  3.519101e+02  5.8383057755635406e+01
      1370  3.4249999999999381e+00  1.2248742308831734e-01  1.1313232652151823e+00  1.540546e-01  6.018524e+00 -7.740299e-01  7.029699e+01 -7.844601e+01  1.228965e+03  1.180727e+01  3.846674e+02  6.1133316145891087e+01
      1380  3.4499999999999376e+00  1.2245181712431330e-01  1.1475451721354277e+00  1.340592e-01  6.128750e+00 -1.185308e+00  7.352447e+01 -8.980904e+01  1.325243e+03  1.246419e+01  4.250885e+02  6.4086439623916505e+01
      1390  3.4749999999999370e+00  1.2241569812335355e-01  1.1641604918667352e+00  1.142292e-01  6.242520e+00 -1.584739e+00  7.689076e+01 -1.007394e+02  1.425842e+03  1.322112e+01  4.756867e+02  6.7267727870932774e+01
      1400  3.4999999999999365e+00  1.2237905346448871e-01  1.1811904203777970e+00  9.459826e-02  6.359777e+00 -1.969764e+00  8.039171e+01 -1.110549e+02  1.530364e+03  1.409466e+01  5.394362e+02  7.0705532208491348e+01
      1410  3.5249999999999360e+00  1.2234186984332174e-01  1.1986575134447268e+00  7.519551e-02  6.480465e+00 -2.338257e+00  8.402421e+01 -1.205843e+02  1.638483e+03  1.510120e+01  6.198061e+02  7.4431413768392133e+01
      1420  3.5499999999999354e+00  1.2230413323003372e-01  1.2165856493258875e+00  5.604414e-02  6.604521e+00 -2.688676e+00  8.778616e+01 -1.291763e+02  1.749960e+03  1.625601e+01  7.208074e+02  7.8480238681694971e+01
      1430  3.5749999999999349e+00  1.2226582882912582e-01  1.2349999563165719e+00  3.716069e-02  6.731871e+00 -3.020190e+00  9.167641e+01 -1.367078e+02  1.864644e+03  1.757235e+01  8.470421e+02  8.2890188701774179e+01
      1440  3.5999999999999344e+00  1.2222694104201612e-01  1.2539267015849722e+00  1.855427e-02  6.862426e+00 -3.332816e+00  9.569446e+01 -1.430935e+02  1.982469e+03  1.906099e+01  1.003747e+03  8.7702665580058238e+01
      1450  3.6249999999999338e+00  1.2218745343375437e-01  1.2733931390624931e+00  2.261156e-04  6.996078e+00 -3.627526e+00  9.984014e+01 -1.482962e+02  2.103443e+03  2.072991e+01  1.196843e+03  9.2962069045807340e+01
      1460  3.6499999999999333e+00  1.2214734870514396e-01  1.2934273158339287e+00 -1.783053e-02  7.132692e+00 -3.906344e+00  1.041133e+02 -1.523364e+02  2.227647e+03  2.258460e+01  1.432996e+03  9.8715431906457411e+01
      1470  3.6749999999999328e+00  1.2210660867154033e-01  1.3140578384842185e+00 -3.563011e-02  7.272109e+00 -4.172412e+00  1.085137e+02 -1.553037e+02  2.355229e+03  2.462867e+01  1.719711e+03  1.0501190205602360e+02
      1480  3.6999999999999322e+00  1.2206521424953798e-01  1.3353136032629211e+00 -5.319394e-02  7.414145e+00 -4.430017e+00  1.130408e+02 -1.573658e+02  2.486411e+03  2.686482e+01  2.065445e+03  1.1190207025457750e+02
      1490  3.7249999999999317e+00  1.2202314545257611e-01  1.3572234966871495e+00 -7.054868e-02  7.558600e+00 -4.684555e+00  1.176946e+02 -1.587760e+02  2.621499e+03  2.929594e+01  2.479772e+03  1.1943715403833727e+02
      1500  3.7499999999999312e+00  1.2198038139624054e-01  1.3798160760566258e+00 -8.772404e-02  7.705266e+00 -4.942431e+00  1.224752e+02 -1.598762e+02  2.760910e+03  3.192606e+01  2.973592e+03  1.2766806080574284e+02
      1510  3.7749999999999306e+00  1.2193690031370608e-01  1.4031192417482474e+00 -1.047496e-01  7.853935e+00 -5.210855e+00  1.273842e+02 -1.610953e+02  2.905200e+03  3.476091e+01  3.559342e+03  1.3664436488042310e+02
      1520  3.7999999999999301e+00  1.2189267958138464e-01  1.4271599143661926e+00 -1.216508e-01  8.004413e+00 -5.497552e+00  1.324248e+02 -1.629403e+02  3.055114e+03  3.780763e+01  4.251158e+03  1.4641324158761017e+02
      1530  3.8249999999999296e+00  1.2184769575441237e-01  1.4519637292574186e+00 -1.384433e-01  8.156523e+00 -5.810333e+00  1.376029e+02 -1.659798e+02  3.211620e+03  4.107324e+01  5.064738e+03  1.5701840403250091e+02
      1540  3.8499999999999290e+00  1.2180192461126352e-01  1.4775547585273467e+00 -1.551274e-01  8.310107e+00 -6.156525e+00  1.429262e+02 -1.708149e+02  3.375923e+03  4.456164e+01  6.016491e+03  1.6849908511809946e+02
      1550  3.8749999999999285e+00  1.2175534120652448e-01  1.5039552672680472e+00 -1.716797e-01  8.465010e+00 -6.542195e+00  1.484030e+02 -1.780350e+02  3.549395e+03  4.826855e+01  7.121279e+03  1.8088910084095721e+02
      1560  3.8999999999999280e+00  1.2170791993067087e-01  1.5311855075557275e+00 -1.880457e-01  8.621048e+00 -6.971118e+00  1.540385e+02 -1.881519e+02  3.733370e+03  5.217492e+01  8.387999e+03  1.9421602539135233e+02
      1570  3.9249999999999274e+00  1.2165963457564431e-01  1.5592635518475946e+00 -2.041299e-01  8.777953e+00 -7.443488e+00  1.598282e+02 -2.015115e+02  3.928754e+03  5.623973e+01  9.812787e+03  2.0850050721367006e+02
      1580  3.9499999999999269e+00  1.2161045840497152e-01  1.5882051660651479e+00 -2.197869e-01  8.935303e+00 -7.954503e+00  1.657509e+02 -2.181901e+02  4.135494e+03  6.039452e+01  1.137108e+04  2.2375575555310115e+02
      1590  3.9749999999999264e+00  1.2156036422718840e-01  1.6180237189089257e+00 -2.348134e-01  9.092435e+00 -8.493185e+00  1.717632e+02 -2.379035e+02  4.352097e+03  6.454282e+01  1.301200e+04  2.3998721856441148e+02
      1600  3.9999999999999258e+00  1.2150932447162896e-01  1.6487301134512125e+00 -2.489429e-01  9.248385e+00 -9.042039e+00  1.778004e+02 -2.599779e+02  4.575565e+03  6.856710e+01  1.465997e+04  2.5719244139941179e+02
      1610  4.0249999999999293e+00  1.2145731126628628e-01  1.6803327074275785e+00 -2.618463e-01  9.401855e+00 -9.578028e+00  1.837855e+02 -2.834141e+02  4.802004e+03  7.234266e+01  1.622681e+04  2.7536102731317493e+02
      1620  4.0499999999999332e+00  1.2140429651896656e-01  1.7128371644107432e+00 -2.731403e-01  9.551256e+00 -1.007464e+01  1.896400e+02 -3.070131e+02  5.027538e+03  7.575362e+01  1.763144e+04  2.9447454227421730e+02
      1630  4.0749999999999371e+00  1.2135025200497142e-01  1.7462461640992304e+00 -2.824071e-01  9.694820e+00 -1.050389e+01  1.952820e+02 -3.294328e+02  5.248357e+03  7.870275e+01  1.881674e+04  3.1450615575307455e+02
      1640  4.0999999999999410e+00  1.2129514946668196e-01  1.7805589192608653e+00 -2.892264e-01  9.830778e+00 -1.083693e+01  2.006059e+02 -3.490671e+02  5.458892e+03  8.111013e+01  1.975185e+04  3.3541987762116969e+02
      1650  4.1249999999999449e+00  1.2123896073106671e-01  1.8157705190194964e+00 -2.932186e-01  9.957601e+00 -1.104392e+01  2.054634e+02 -3.638699e+02  5.649368e+03  8.290500e+01  2.041842e+04  3.5716950128179303e+02
      1660  4.1499999999999488e+00  1.2118165784874557e-01  1.8518712400697683e+00 -2.940926e-01  1.007434e+01 -1.109614e+01  2.096904e+02 -3.715160e+02  5.806665e+03  8.402338e+01  2.079447e+04  3.7969778135290738e+02
      1670  4.1749999999999527e+00  1.2112321325176734e-01  1.8888460952506720e+00 -2.916897e-01  1.018106e+01 -1.097315e+01  2.131973e+02 -3.701509e+02  5.921039e+03  8.442135e+01  2.085346e+04  4.0293679520286230e+02
      1680  4.1999999999999567e+00  1.2106359991774972e-01  1.9266749378525403e+00 -2.860063e-01  1.027928e+01 -1.067217e+01  2.160716e+02 -3.593544e+02  5.995021e+03  8.409740e+01  2.058081e+04  4.2681054467854250e+02
      1690  4.2249999999999606e+00  1.2100279151941995e-01  1.9653333182554351e+00 -2.771818e-01  1.037201e+01 -1.021174e+01  2.186036e+02 -3.405140e+02  6.046694e+03  8.310511e+01  1.999173e+04  4.5124031455612987e+02
      1700  4.2499999999999645e+00  1.2094076253702155e-01  2.0047939681080877e+00 -2.654424e-01  1.046328e+01 -9.623563e+00  2.211968e+02 -3.161458e+02  6.103693e+03  8.154313e+01  1.913380e+04  4.7615205089815129e+02
      1710  4.2749999999999684e+00  1.2087748832142130e-01  2.0450283726659078e+00 -2.510074e-01  1.055697e+01 -8.935232e+00  2.242096e+02 -2.883982e+02  6.190985e+03  7.952942e+01  1.807463e+04  5.0148354338575427e+02
      1720  4.2999999999999723e+00  1.2081294511750895e-01  2.0860076301915909e+00 -2.339906e-01  1.065575e+01 -8.154257e+00  2.278317e+02 -2.575706e+02  6.319442e+03  7.717801e+01  1.688593e+04  5.2718851313165032e+02
      1730  4.3249999999999762e+00  1.2074711008144842e-01  2.1277019480238026e+00 -2.143439e-01  1.076058e+01 -7.263651e+00  2.320929e+02 -2.218899e+02  6.485885e+03  7.459134e+01  1.563377e+04  5.5323577042692182e+02
      1740  4.3499999999999801e+00  1.2067996133701388e-01  2.1700787387402456e+00 -1.918892e-01  1.087137e+01 -6.231282e+00  2.369955e+02 -1.789041e+02  6.688248e+03  7.187016e+01  1.437862e+04  5.7960428490769220e+02
      1750  4.3749999999999840e+00  1.2061147810481579e-01  2.2131000573378854e+00 -1.664448e-01  1.098816e+01 -5.027136e+00  2.426244e+02 -1.268677e+02  6.938352e+03  6.913263e+01  1.318241e+04  6.0627758440567322e+02
      1760  4.3999999999999879e+00  1.2054164090660413e-01  2.2567205534220536e+00 -1.379968e-01  1.111213e+01 -3.640350e+00  2.491623e+02 -6.482521e+01  7.257487e+03  6.652343e+01  1.210969e+04  6.3324104387928344e+02
      1770  4.4249999999999918e+00  1.2047043181193970e-01  2.3008868847404274e+00 -1.068242e-01  1.124549e+01 -2.086676e+00  2.568676e+02  7.666361e+00  7.668818e+03  6.419267e+01  1.121271e+04  6.6048265412193859e+02
      1780  4.4499999999999957e+00  1.2039783467554419e-01  2.3455388322202162e+00 -7.350339e-02  1.139016e+01 -4.008521e-01  2.660046e+02  9.037163e+01  8.195918e+03  6.225454e+01  1.051508e+04  6.8799414295243719e+02
      1790  4.4749999999999996e+00  1.2032383531749263e-01  2.3906116882488710e+00 -3.878444e-02  1.154618e+01  1.375346e+00  2.766669e+02  1.819486e+02  8.852529e+03  6.076060e+01  1.001499e+04  7.1576866801743165e+02
      1800  4.5000000000000036e+00  1.2024842161766489e-01  2.4360391796399710e+00 -3.406897e-03  1.171078e+01  3.195266e+00  2.885903e+02  2.791855e+02  9.622247e+03  5.969399e+01  9.695563e+03  7.4379497024655279e+02
      1810  4.5250000000000075e+00  1.2017158352065627e-01  2.4817560948535147e+00  3.205073e-02  1.187841e+01  5.007586e+00  3.011320e+02  3.769864e+02  1.045244e+04  5.896683e+01  9.521458e+03  7.7205243229752432e+02
      1820  4.5500000000000114e+00  1.2009331297491602e-01  2.5276997175301199e+00  6.722179e-02  1.204220e+01  6.770652e+00  3.135084e+02  4.708175e+02  1.127983e+04  5.843292e+01  9.435605e+03  8.0051186858315327e+02
      1830  4.5750000000000153e+00  1.2001360385605811e-01  2.5738093951458492e+00  1.018911e-01  1.219661e+01  8.474867e+00  3.251839e+02  5.602823e+02  1.207024e+04  5.793942e+01  9.377048e+03  8.2914212167962035e+02
      1840  4.6000000000000192e+00  1.1993245193173453e-01  2.6200245093119490e+00  1.358573e-01  1.234019e+01  1.014869e+01  3.361278e+02  6.500773e+02  1.283513e+04  5.739327e+01  9.307141e+03  8.5791731364513998e+02
      1850  4.6250000000000231e+00  1.1984985489563579e-01  2.6662823726442406e+00  1.687849e-01  1.247650e+01  1.183634e+01  3.467772e+02  7.470429e+02  1.361734e+04  5.678966e+01  9.219102e+03  8.8681903056752344e+02
      1860  4.6500000000000270e+00  1.1976581244134671e-01  2.7125179036969991e+00  2.001397e-01  1.261254e+01  1.356458e+01  3.578261e+02  8.561193e+02  1.447307e+04  5.618914e+01  9.129925e+03  9.1583181869950477e+02
      1870  4.6750000000000309e+00  1.1968032630683842e-01  2.7586656894491060e+00  2.292825e-01  1.275552e+01  1.532770e+01  3.700039e+02  9.787373e+02  1.546309e+04  5.567380e+01  9.068848e+03  9.4493518424300407e+02
      1880  4.7000000000000348e+00  1.1959340023178439e-01  2.8046632742334889e+00  2.557084e-01  1.290971e+01  1.710222e+01  3.838804e+02  1.114337e+03  1.664368e+04  5.531256e+01  9.068481e+03  9.7409796665252429e+02
      1890  4.7250000000000387e+00  1.1950503982157755e-01  2.8504537179047507e+00  2.792996e-01  1.307460e+01  1.887664e+01  3.997089e+02  1.262972e+03  1.805453e+04  5.514738e+01  9.157609e+03  1.0032805081476724e+03
      1900  4.7500000000000426e+00  1.1941525236591102e-01  2.8959859413759936e+00  3.004264e-01  1.324523e+01  2.067196e+01  4.173646e+02  1.426848e+03  1.971214e+04  5.519810e+01  9.355752e+03  1.0324456067161482e+03
      1910  4.7750000000000465e+00  1.1932404668811637e-01  2.9412124566248767e+00  3.198239e-01  1.341419e+01  2.253886e+01  4.364197e+02  1.610222e+03  2.161208e+04  5.547235e+01  9.669535e+03  1.0615721479479503e+03
      1920  4.8000000000000504e+00  1.1923143309840732e-01  2.9860850363056906e+00  3.382999e-01  1.357422e+01  2.453315e+01  4.563394e+02  1.817814e+03  2.373983e+04  5.596756e+01  1.009118e+04  1.0906602612036231e+03
      1930  4.8250000000000544e+00  1.1913742349782067e-01  3.0305495303514007e+00  3.564271e-01  1.372043e+01  2.668162e+01  4.767156e+02  2.052076e+03  2.608760e+04  5.666721e+01  1.060073e+04  1.1197195561444582e+03
      1940  4.8500000000000583e+00  1.1904203162936933e-01  3.0745420206279617e+00  3.743713e-01  1.385138e+01  2.895980e+01  4.974319e+02  2.311097e+03  2.866839e+04  5.754283e+01  1.117243e+04  1.1487453693653129e+03
      1950  4.8750000000000622e+00  1.1894527338836089e-01  3.1179893126717571e+00  3.919142e-01  1.396924e+01  3.129884e+01  5.187089e+02  2.589439e+03  3.151986e+04  5.856786e+01  1.178451e+04  1.1777024769800992e+03
      1960  4.9000000000000661e+00  1.1884716702906285e-01  3.1608149423847163e+00  4.085947e-01  1.407880e+01  3.361782e+01  5.410128e+02  2.881931e+03  3.469764e+04  5.973195e+01  1.242838e+04  1.2065321253837362e+03
      1970  4.9250000000000700e+00  1.1874773313097586e-01  3.2029478119831611e+00  4.238759e-01  1.418556e+01  3.585828e+01  5.648288e+02  3.187391e+03  3.826049e+04  6.103737e+01  1.311052e+04  1.2351764943205480e+03
      1980  4.9500000000000739e+00  1.1864699431824451e-01  3.2443286625269163e+00  4.372926e-01  1.429321e+01  3.799700e+01  5.903884e+02  3.508573e+03  4.225101e+04  6.247855e+01  1.384346e+04  1.2635994595699576e+03
      1990  4.9750000000000778e+00  1.1854497485170906e-01  3.2849115786951097e+00  4.485498e-01  1.440164e+01  4.003173e+01  6.175009e+02  3.847833e+03  4.667714e+04  6.402316e+01  1.463271e+04  1.2917873278100767e+03
      2000  5.0000000000000817e+00  1.1844170024647149e-01  3.3246612535037574e+00  4.575332e-01  1.450702e+01  4.196020e+01  6.455725e+02  4.202843e+03  5.149787e+04  6.561232e+01  1.547020e+04  1.3197302923326065e+03
      2010  5.0250000000000856e+00  1.1833719699663453e-01  3.3635496527231812e+00  4.642344e-01  1.460411e+01  4.377232e+01  6.738205e+02  4.566620e+03  5.662619e+04  6.718570e+01  1.633984e+04  1.3474029560013234e+03
      2020  5.0500000000000895e+00  1.1823149235918357e-01  3.4015561500426514e+00  4.686408e-01  1.468935e+01  4.545037e+01  7.016117e+02  4.931062e+03  6.196467e+04  6.871783e+01  1.723065e+04  1.3747661826454946e+03
      2030  5.0750000000000934e+00  1.1812461406173450e-01  3.4386720818451395e+00  4.706676e-01  1.476250e+01  4.696563e+01  7.286950e+02  5.289561e+03  6.744808e+04  7.023232e+01  1.814365e+04  1.4017951509986633e+03
      2040  5.1000000000000973e+00  1.1801658983860405e-01  3.4749063254964381e+00  4.701885e-01  1.482509e+01  4.827083e+01  7.549840e+02  5.635019e+03  7.301999e+04  7.176553e+01  1.907901e+04  1.4285140791102071e+03
      2050  5.1250000000001013e+00  1.1790744684448011e-01  3.5102867236365438e+00  4.671462e-01  1.487697e+01  4.929392e+01  7.798921e+02  5.953599e+03  7.851564e+04  7.329281e+01  2.000643e+04  1.4550084957771373e+03
      2060  5.1500000000001052e+00  1.1779721113189168e-01  3.5448544695765687e+00  4.616644e-01  1.491407e+01  4.994337e+01  8.018328e+02  6.220225e+03  8.355269e+04  7.468043e+01  2.084381e+04  1.4813988623612013e+03
      2070  5.1750000000001091e+00  1.1768590739856091e-01  3.5786531331410227e+00  4.540996e-01  1.492956e+01  5.013676e+01  8.185497e+02  6.403792e+03  8.758644e+04  7.571771e+01  2.147132e+04  1.5077841831232108e+03
      2080  5.2000000000001130e+00  1.1757355909983691e-01  3.6117171446272316e+00  4.450180e-01  1.491718e+01  4.984714e+01  8.281652e+02  6.481720e+03  9.013850e+04  7.621296e+01  2.177926e+04  1.5341810630801924e+03
      2090  5.2250000000001169e+00  1.1746018886640586e-01  3.6440643169843812e+00  4.351101e-01  1.487394e+01  4.913217e+01  8.300327e+02  6.451629e+03  9.099913e+04  7.607486e+01  2.171325e+04  1.5604826270350618e+03
      2100  5.2500000000001208e+00  1.1734581905875842e-01  3.6756947195393526e+00  4.250705e-01  1.480021e+01  4.811149e+01  8.246372e+02  6.329010e+03  9.022704e+04  7.531627e+01  2.128113e+04  1.5864498038464462e+03
      2110  5.2750000000001247e+00  1.1723047225666158e-01  3.7065958113617006e+00  4.154882e-01  1.469813e+01  4.689940e+01  8.127428e+02  6.133337e+03  8.798990e+04  7.399595e+01  2.052450e+04  1.6117344359322253e+03
      2120  5.3000000000001286e+00  1.1711417151464018e-01  3.7367519094105406e+00  4.068113e-01  1.457031e+01  4.554509e+01  7.946596e+02  5.874821e+03  8.441454e+04  7.216166e+01  1.948830e+04  1.6359246348730921e+03
      2130  5.3250000000001325e+00  1.1699694029048813e-01  3.7661551778822338e+00  3.993984e-01  1.442050e+01  4.404128e+01  7.704830e+02  5.555314e+03  7.960284e+04  6.984713e+01  1.821869e+04  1.6586000342915122e+03
      2140  5.3500000000001364e+00  1.1687880203995811e-01  3.7948155639069530e+00  3.935982e-01  1.425562e+01  4.240662e+01  7.413411e+02  5.186582e+03  7.385386e+04  6.713168e+01  1.678992e+04  1.6793863138687657e+03
      2150  5.3750000000001403e+00  1.1675977953774169e-01  3.8227680263351207e+00  3.897639e-01  1.408677e+01  4.075440e+01  7.102586e+02  4.806086e+03  6.784307e+04  6.420185e+01  1.532254e+04  1.6980013866163715e+03
      2160  5.4000000000001442e+00  1.1663989402278351e-01  3.8500763665424698e+00  3.881647e-01  1.392633e+01  3.925569e+01  6.811712e+02  4.464723e+03  6.240683e+04  6.133047e+01  1.395412e+04  1.7142887059077309e+03
      2170  5.4250000000001481e+00  1.1651916427770695e-01  3.8768336648357935e+00  3.888672e-01  1.378244e+01  3.803428e+01  6.568331e+02  4.196112e+03  5.807871e+04  5.877224e+01  1.278347e+04  1.7282346087729859e+03
      2180  5.4500000000001521e+00  1.1639760574553223e-01  3.9031596557996444e+00  3.917168e-01  1.365532e+01  3.710697e+01  6.376673e+02  4.001624e+03  5.489231e+04  5.665888e+01  1.184391e+04  1.7399656682450950e+03
      2190  5.4750000000001560e+00  1.1627522977218410e-01  3.9291955033678438e+00  3.964752e-01  1.353811e+01  3.639923e+01  6.220792e+02  3.857943e+03  5.251910e+04  5.495489e+01  1.111237e+04  1.7497239010456576e+03
      2200  5.5000000000001599e+00  1.1615204304187976e-01  3.9550968856092865e+00  4.030170e-01  1.342181e+01  3.581001e+01  6.077032e+02  3.734214e+03  5.050610e+04  5.348902e+01  1.052948e+04  1.7578273490367762e+03
      2210  5.5250000000001638e+00  1.1602804723346341e-01  3.9810270293357206e+00  4.114169e-01  1.330196e+01  3.530488e+01  5.933327e+02  3.617568e+03  4.864025e+04  5.206629e+01  1.002888e+04  1.7646333490978852e+03
      2220  5.5500000000001677e+00  1.1590323887211010e-01  4.0071514415020069e+00  4.218506e-01  1.318321e+01  3.495975e+01  5.801261e+02  3.528076e+03  4.719457e+04  5.061737e+01  9.569350e+03  1.7705198328762817e+03
      2230  5.5750000000001716e+00  1.1577760930682986e-01  4.0336353055643119e+00  4.343892e-01  1.307650e+01  3.486753e+01  5.700369e+02  3.489566e+03  4.651471e+04  4.922357e+01  9.139188e+03  1.7758893893173456e+03
      2240  5.6000000000001755e+00  1.1565114472953475e-01  4.0606433570559917e+00  4.488354e-01  1.298954e+01  3.497837e+01  5.625374e+02  3.479192e+03  4.626641e+04  4.794216e+01  8.721180e+03  1.7811906159459663e+03
      2250  5.6250000000001794e+00  1.1552382618086285e-01  4.0883403291601468e+00  4.646864e-01  1.292121e+01  3.511155e+01  5.544793e+02  3.437049e+03  4.556156e+04  4.673122e+01  8.291445e+03  1.7869384232659900e+03
      2260  5.6500000000001833e+00  1.1539562957823393e-01  4.1168883509409522e+00  4.811961e-01  1.286577e+01  3.518398e+01  5.443760e+02  3.344306e+03  4.411381e+04  4.561371e+01  7.885372e+03  1.7937037784274855e+03
      2270  5.6750000000001872e+00  1.1526652590408376e-01  4.1464393221255467e+00  4.974888e-01  1.281565e+01  3.526980e+01  5.338957e+02  3.241412e+03  4.251889e+04  4.468627e+01  7.580246e+03  1.8020605474041561e+03
      2280  5.7000000000001911e+00  1.1513648167042737e-01  4.1771259231160167e+00  5.127562e-01  1.275892e+01  3.537021e+01  5.236844e+02  3.146413e+03  4.103880e+04  4.389025e+01  7.366701e+03  1.8125231765701285e+03
      2290  5.7250000000001950e+00  1.1500545961064462e-01  4.2090566060919290e+00  5.265714e-01  1.268408e+01  3.534598e+01  5.115039e+02  3.019801e+03  3.904228e+04  4.299593e+01  7.126066e+03  1.8255230298351501e+03
      2300  5.7500000000001990e+00  1.1487341948675074e-01  4.2423120307209707e+00  5.391910e-01  1.259220e+01  3.514568e+01  4.959398e+02  2.835958e+03  3.605549e+04  4.186160e+01  6.777008e+03  1.8414138854507291e+03
      2310  5.7750000000002029e+00  1.1474031909590016e-01  4.2769350429983435e+00  5.515855e-01  1.249980e+01  3.495773e+01  4.794138e+02  2.642832e+03  3.269450e+04  4.052674e+01  6.337557e+03  1.8604466080544698e+03
      2320  5.8000000000002068e+00  1.1460611567248641e-01  4.3129173569295842e+00  5.651140e-01  1.242868e+01  3.506777e+01  4.661735e+02  2.519937e+03  3.006047e+04  3.903247e+01  5.809079e+03  1.8827061767310852e+03
      2330  5.8250000000002107e+00  1.1447076753741028e-01  4.3501997671744066e+00  5.810268e-01  1.239618e+01  3.564032e+01  4.586569e+02  2.500905e+03  2.861653e+04  3.736376e+01  5.159858e+03  1.9080939821706872e+03
      2340  5.8500000000002146e+00  1.1433423538781973e-01  4.3886943035688413e+00  6.000231e-01  1.241249e+01  3.669977e+01  4.573359e+02  2.566436e+03  2.816094e+04  3.563046e+01  4.455743e+03  1.9364128774833202e+03
      2350  5.8750000000002185e+00  1.1419648272246061e-01  4.4283137489559579e+00  6.219838e-01  1.248022e+01  3.821193e+01  4.624520e+02  2.691309e+03  2.850938e+04  3.410329e+01  3.863055e+03  1.9674909272774646e+03
      2360  5.9000000000002224e+00  1.1405747553039527e-01  4.4689867198736177e+00  6.458807e-01  1.259232e+01  4.008058e+01  4.736153e+02  2.862329e+03  2.963508e+04  3.295109e+01  3.477261e+03  2.0012332531357572e+03
      2370  5.9250000000002263e+00  1.1391718184743645e-01  4.5106515884771410e+00  6.698293e-01  1.273415e+01  4.214995e+01  4.893401e+02  3.067057e+03  3.140545e+04  3.215344e+01  3.262252e+03  2.0375722279072584e+03
      2380  5.9500000000002302e+00  1.1377557171391696e-01  4.5532390188408396e+00  6.913656e-01  1.289693e+01  4.429713e+01  5.086321e+02  3.296158e+03  3.363873e+04  3.177024e+01  3.163666e+03  2.0763727801905097e+03
      2390  5.9750000000002341e+00  1.1363261766131327e-01  4.5966577721295829e+00  7.080734e-01  1.308236e+01  4.643689e+01  5.310518e+02  3.544159e+03  3.620256e+04  3.189517e+01  3.145639e+03  2.1173635646644566e+03
      2400  6.0000000000002380e+00  1.1348829542935226e-01  4.6407958113333834e+00  7.183925e-01  1.328626e+01  4.842003e+01  5.549697e+02  3.799065e+03  3.892991e+04  3.230811e+01  3.166334e+03  2.1601508752607310e+03
      2410  6.0250000000002419e+00  1.1334258433874510e-01  4.6855411687903104e+00  7.221051e-01  1.349675e+01  5.007181e+01  5.789474e+02  4.048898e+03  4.181825e+04  3.270302e+01  3.220403e+03  2.2043470554547430e+03
      2420  6.0500000000002458e+00  1.1319546680767822e-01  4.7308128073237201e+00  7.202181e-01  1.371225e+01  5.132931e+01  6.042768e+02  4.294823e+03  4.522435e+04  3.313350e+01  3.345732e+03  2.2497661115511673e+03
      2430  6.0750000000002498e+00  1.1304692702862248e-01  4.7765794622547624e+00  7.145104e-01  1.393420e+01  5.220132e+01  6.316756e+02  4.518815e+03  4.905919e+04  3.374267e+01  3.529451e+03  2.2965504227124638e+03
      2440  6.1000000000002537e+00  1.1289694945888602e-01  4.8228527104671270e+00  7.071272e-01  1.414636e+01  5.267846e+01  6.572150e+02  4.663188e+03  5.214907e+04  3.433805e+01  3.665973e+03  2.3451239117419586e+03
      2450  6.1250000000002576e+00  1.1274551779387318e-01  4.8696675350350747e+00  7.002057e-01  1.432803e+01  5.289564e+01  6.768192e+02  4.716553e+03  5.368277e+04  3.465319e+01  3.675364e+03  2.3960226241127029e+03
      2460  6.1500000000002615e+00  1.1259261441077101e-01  4.9170742663599665e+00  6.953631e-01  1.447831e+01  5.321713e+01  6.925193e+02  4.768184e+03  5.459826e+04  3.472594e+01  3.622396e+03  2.4497464721370538e+03
      2470  6.1750000000002654e+00  1.1243821981988623e-01  4.9651433111250949e+00  6.932644e-01  1.461314e+01  5.391056e+01  7.096263e+02  4.901561e+03  5.631900e+04  3.476965e+01  3.626258e+03  2.5066987796290641e+03
      2480  6.2000000000002693e+00  1.1228231201628225e-01  5.0139631955631732e+00  6.936640e-01  1.474683e+01  5.490781e+01  7.305487e+02  5.109223e+03  5.916261e+04  3.484505e+01  3.698488e+03  2.5671671761783241e+03
      2490  6.2250000000002732e+00  1.1212486616511891e-01  5.0636214893662945e+00  6.958337e-01  1.488863e+01  5.607428e+01  7.557493e+02  5.361310e+03  6.292417e+04  3.492058e+01  3.792215e+03  2.6312932533699382e+03
      2500  6.2500000000002771e+00  1.1196585505202938e-01  5.1141777011690843e+00  6.987908e-01  1.505180e+01  5.745846e+01  7.875947e+02  5.669294e+03  6.789395e+04  3.514697e+01  3.944531e+03  2.6990396723080780e+03
      2510  6.2750000000002810e+00  1.1180525032270248e-01  5.1656420325192389e+00  7.010797e-01  1.524796e+01  5.906479e+01  8.284624e+02  6.036247e+03  7.439555e+04  3.575931e+01  4.242186e+03  2.7701871967100014e+03
      2520  6.3000000000002849e+00  1.1164302416724657e-01  5.2179695287042236e+00  7.006942e-01  1.547338e+01  6.058227e+01  8.768598e+02  6.410932e+03  8.211991e+04  3.682949e+01  4.720551e+03  2.8443795155268699e+03
      2530  6.3250000000002888e+00  1.1147915087119117e-01  5.2710745139560151e+00  6.956412e-01  1.570803e+01  6.153541e+01  9.276586e+02  6.714605e+03  9.024613e+04  3.824490e+01  5.349854e+03  2.9212245950330425e+03
      2540  6.3500000000002927e+00  1.1131360769626530e-01  5.3248557181322997e+00  6.846948e-01  1.592318e+01  6.161639e+01  9.751612e+02  6.890285e+03  9.793036e+04  3.977434e+01  6.059083e+03  3.0004180550980582e+03
      2550  6.3750000000002967e+00  1.1114637514256076e-01  5.3792063496392828e+00  6.676968e-01  1.609359e+01  6.079706e+01  1.015787e+03  6.929831e+03  1.047488e+05  4.119371e+01  6.774286e+03  3.0817864468224989e+03
      2560  6.4000000000003006e+00  1.1097743734585824e-01  5.4339956192365797e+00  6.454144e-01  1.621010e+01  5.926295e+01  1.048602e+03  6.866449e+03  1.107541e+05  4.246118e+01  7.456976e+03  3.1651911224579917e+03
      2570  6.4250000000003045e+00  1.1080678327857101e-01  5.4890406021171687e+00  6.192334e-01  1.627646e+01  5.729410e+01  1.074273e+03  6.749919e+03  1.162091e+05  4.366130e+01  8.107942e+03  3.2503784060262487e+03
      2580  6.4500000000003084e+00  1.1063440860510795e-01  5.5440962039905815e+00  5.907380e-01  1.629522e+01  5.513904e+01  1.093603e+03  6.621573e+03  1.212446e+05  4.480434e+01  8.739314e+03  3.3369082744894749e+03
      2590  6.4750000000003123e+00  1.1046031745658386e-01  5.5988703651994030e+00  5.612180e-01  1.626505e+01  5.294286e+01  1.106277e+03  6.498256e+03  1.256104e+05  4.582815e+01  9.344971e+03  3.4241901416000023e+03
      2600  6.5000000000003162e+00  1.1028452345558820e-01  5.6530548524326845e+00  5.313656e-01  1.618471e+01  5.072630e+01  1.110523e+03  6.370112e+03  1.286594e+05  4.669878e+01  9.890130e+03  3.5115656435952369e+03
      2610  6.5250000000003201e+00  1.1010704966055603e-01  5.7063607826472822e+00  5.013851e-01  1.604919e+01  4.838581e+01  1.103469e+03  6.204327e+03  1.295052e+05  4.737202e+01  1.031194e+04  3.5983832509327449e+03
      2620  6.5500000000003240e+00  1.0992792745004608e-01  5.7585478472637739e+00  4.713682e-01  1.584457e+01  4.577722e+01  1.081677e+03  5.956201e+03  1.272664e+05  4.771607e+01  1.052311e+04  3.6840286706878969e+03
      2630  6.5750000000003279e+00  1.0974719475828534e-01  5.8094351210932587e+00  4.415404e-01  1.555292e+01  4.282264e+01  1.042323e+03  5.591667e+03  1.213837e+05  4.754982e+01  1.043253e+04  3.7678860432807801e+03
      2640  6.6000000000003318e+00  1.0956489436520933e-01  5.8588877901671861e+00  4.122064e-01  1.515983e+01  3.950362e+01  9.844288e+02  5.104512e+03  1.119011e+05  4.670479e+01  9.984589e+03  3.8492487977878282e+03
      2650  6.6250000000003357e+00  1.0938107294464111e-01  5.9067843870169465e+00  3.835514e-01  1.465977e+01  3.585104e+01  9.092961e+02  4.519571e+03  9.954530e+04  4.507258e+01  9.192783e+03  3.9272295896681112e+03
      2660  6.6500000000003396e+00  1.0919578126521527e-01  5.9529795336601499e+00  3.555093e-01  1.406283e+01  3.197163e+01  8.204806e+02  3.885713e+03  8.549810e+04  4.268321e+01  8.142364e+03  4.0007058447262361e+03
      2670  6.6750000000003435e+00  1.0900907529393401e-01  5.9972874542760550e+00  3.277975e-01  1.339533e+01  2.801763e+01  7.233428e+02  3.258791e+03  7.100209e+04  3.970870e+01  6.954479e+03  4.0683430625440228e+03
      2680  6.7000000000003475e+00  1.0882101719933998e-01  6.0395050499704261e+00  3.000568e-01  1.269557e+01  2.415217e+01  6.241375e+02  2.681660e+03  5.706216e+04  3.640296e+01  5.742518e+03  4.1287346921531134e+03
      2690  6.7250000000003514e+00  1.0863167510359040e-01  6.0794641291835312e+00  2.719524e-01  1.200731e+01  2.049293e+01  5.290974e+02  2.172269e+03  4.440483e+04  3.302987e+01  4.590739e+03  4.1806183351746586e+03
      2700  6.7500000000003553e+00  1.0844112113260085e-01  6.1170839831449282e+00  2.432296e-01  1.136607e+01  1.710512e+01  4.437475e+02  1.731010e+03  3.359734e+04  2.977068e+01  3.556027e+03  4.2230770138605221e+03
      2710  6.7750000000003592e+00  1.0824942803638390e-01  6.1524108427696813e+00  2.138835e-01  1.078799e+01  1.404453e+01  3.717028e+02  1.357654e+03  2.503334e+04  2.669234e+01  2.675995e+03  4.2557131551577550e+03
      2720  6.8000000000003631e+00  1.0805666470290205e-01  6.1856507264522786e+00  1.844279e-01  1.027931e+01  1.133433e+01  3.140235e+02  1.053981e+03  1.874276e+04  2.384208e+01  1.973185e+03  4.2788594709793506e+03
      2730  6.8250000000003670e+00  1.0786289073438460e-01  6.2171938420246988e+00  1.560016e-01  9.857979e+00  8.981843e+00  2.703913e+02  8.165414e+02  1.440988e+04  2.137459e+01  1.457292e+03  4.2938035617713658e+03
      2740  6.8500000000003709e+00  1.0766815067752389e-01  6.2476068097915931e+00  1.301755e-01  9.547599e+00  6.939879e+00  2.400777e+02  6.336324e+02  1.162751e+04  1.949976e+01  1.123802e+03  4.3028508393735156e+03
      2750  6.8750000000003748e+00  1.0747246931863608e-01  6.2775707601308426e+00  1.085608e-01  9.342482e+00  5.149064e+00  2.204782e+02  4.887059e+02  9.900399e+03  1.825422e+01  9.382621e+02  4.3090701793404260e+03
      2760  6.9000000000003787e+00  1.0727584970402984e-01  6.3077749582170384e+00  9.232344e-02  9.205942e+00  3.671121e+00  2.064570e+02  3.675400e+02  8.579840e+03  1.745373e+01  8.336336e+02  4.3157745919420977e+03
      2770  6.9250000000003826e+00  1.0707827467287871e-01  6.3388083197879421e+00  8.175221e-02  9.103432e+00  2.548385e+00  1.940389e+02  2.611833e+02  7.241869e+03  1.684096e+01  7.491032e+02  4.3259511013156580e+03
      2780  6.9500000000003865e+00  1.0687971116202535e-01  6.3710961398150303e+00  7.622096e-02  9.028677e+00  1.726648e+00  1.834531e+02  1.681016e+02  6.010794e+03  1.629304e+01  6.707290e+02  4.3418200206058673e+03
      2790  6.9750000000003904e+00  1.0668011548019291e-01  6.4048979845070324e+00  7.465035e-02  8.997850e+00  1.145653e+00  1.770956e+02  9.652338e+01  5.231105e+03  1.590843e+01  6.188430e+02  4.3645659259196273e+03
      2800  7.0000000000003944e+00  1.0647943798723641e-01  6.4403410294044292e+00  7.609455e-02  9.007174e+00  8.208628e-01  1.756472e+02  5.735911e+01  5.000719e+03  1.570420e+01  5.969396e+02  4.3942342798339632e+03
      2810  7.0250000000003983e+00  1.0627762664757280e-01  6.4774578295167409e+00  8.023141e-02  9.032351e+00  8.246801e-01  1.776315e+02  5.281532e+01  5.160201e+03  1.555049e+01  5.869395e+02  4.4298864991318023e+03
      2820  7.0500000000004022e+00  1.0607462944754753e-01  6.5162240106223202e+00  8.776080e-02  9.065216e+00  1.156823e+00  1.813681e+02  7.435734e+01  5.481525e+03  1.543521e+01  5.821472e+02  4.4700972951207541e+03
      2830  7.0750000000004061e+00  1.0587039563418392e-01  6.5565920940367697e+00  1.002184e-01  9.104247e+00  1.812717e+00  1.860534e+02  1.199015e+02  5.882166e+03  1.538077e+01  5.850921e+02  4.5135412637721638e+03
      2840  7.1000000000004100e+00  1.0566487623832375e-01  6.5984955868970037e+00  1.188733e-01  9.138957e+00  2.791486e+00  1.907367e+02  1.845642e+02  6.284934e+03  1.531880e+01  5.888755e+02  4.5591662829872494e+03
      2850  7.1250000000004139e+00  1.0545802501069058e-01  6.6418208301674957e+00  1.436019e-01  9.160199e+00  4.009222e+00  1.941332e+02  2.548289e+02  6.561560e+03  1.516639e+01  5.859649e+02  4.6058653217012679e+03
      2860  7.1500000000004178e+00  1.0524980010611391e-01  6.6863996210476699e+00  1.726888e-01  9.173087e+00  5.373234e+00  1.966962e+02  3.267956e+02  6.771204e+03  1.493633e+01  5.777674e+02  4.6522172089577389e+03
      2870  7.1750000000004217e+00  1.0504016504333082e-01  6.7320677930685555e+00  2.034078e-01  9.191614e+00  6.753764e+00  1.996654e+02  3.934169e+02  6.978803e+03  1.470470e+01  5.650434e+02  4.6967755189888776e+03
      2880  7.2000000000004256e+00  1.0482908709343938e-01  6.7787611161523724e+00  2.330470e-01  9.224338e+00  7.994360e+00  2.040686e+02  4.551063e+02  7.328794e+03  1.453238e+01  5.573543e+02  4.7386436889564302e+03
      2890  7.2250000000004295e+00  1.0461653298537589e-01  6.8265780583953841e+00  2.599753e-01  9.274214e+00  9.096133e+00  2.102668e+02  5.196008e+02  7.906433e+03  1.450366e+01  5.673350e+02  4.7777847386382227e+03
      2900  7.2500000000004334e+00  1.0440246389728353e-01  6.8757588431165022e+00  2.836576e-01  9.335674e+00  1.018742e+01  2.172658e+02  5.946372e+02  8.621447e+03  1.465265e+01  5.977446e+02  4.8149168709594014e+03
      2910  7.2750000000004373e+00  1.0418683258899349e-01  6.9265789931496480e+00  3.034323e-01  9.395062e+00  1.120513e+01  2.234608e+02  6.718818e+02  9.302059e+03  1.492059e+01  6.482616e+02  4.8511866128392121e+03
      2920  7.3000000000004412e+00  1.0396958436947673e-01  6.9792294858540558e+00  3.176508e-01  9.438312e+00  1.198259e+01  2.282455e+02  7.367488e+02  9.869065e+03  1.521192e+01  7.070292e+02  4.8878592373159354e+03
      2930  7.3250000000004452e+00  1.0375066052833851e-01  7.0337876721338901e+00  3.243215e-01  9.455927e+00  1.245938e+01  2.321348e+02  7.913398e+02  1.041011e+04  1.540990e+01  7.520667e+02  4.9262170036302678e+03
      2940  7.3500000000004491e+00  1.0353000087205884e-01  7.0902894765805700e+00  3.226298e-01  9.454072e+00  1.254480e+01  2.337906e+02  8.136438e+02  1.064827e+04  1.548347e+01  7.710883e+02  4.9676561055497659e+03
      2950  7.3750000000004530e+00  1.0330754372317918e-01  7.1488019242274090e+00  3.139648e-01  9.450883e+00  1.214804e+01  2.320268e+02  7.810097e+02  1.038706e+04  1.549539e+01  7.699333e+02  5.0137749892197171e+03
      2960  7.4000000000004569e+00  1.0308322492550635e-01  7.2094113445217864e+00  3.014730e-01  9.457735e+00  1.133660e+01  2.283727e+02  7.032365e+02  9.826613e+03  1.544602e+01  7.499677e+02  5.0662320644432111e+03
      2970  7.4250000000004608e+00  1.0285697853720938e-01  7.2721329982713439e+00  2.884000e-01  9.485610e+00  1.038260e+01  2.251253e+02  6.078937e+02  9.199441e+03  1.534087e+01  7.139206e+02  5.1262692297993271e+03
      2980  7.4500000000004647e+00  1.0262874061023791e-01  7.3368161011490356e+00  2.767928e-01  9.550527e+00  9.579288e+00  2.243756e+02  5.269720e+02  8.750344e+03  1.529765e+01  6.861106e+02  5.1941665333542542e+03
      2990  7.4750000000004686e+00  1.0239845476723460e-01  7.4031370019732776e+00  2.675789e-01  9.651236e+00  8.965153e+00  2.265022e+02  4.726891e+02  8.633854e+03  1.536262e+01  6.815186e+02  5.2692006871715166e+03
      3000  7.5000000000004725e+00  1.0216607624960915e-01  7.4706959949896801e+00  2.611422e-01  9.772869e+00  8.393526e+00  2.297306e+02  4.209525e+02  8.628516e+03  1.546156e+01  6.840183e+02  5.3501925290902118e+03
      3010  7.5250000000004764e+00  1.0193157256690968e-01  7.5391145126601877e+00  2.574409e-01  9.913418e+00  7.856961e+00  2.344087e+02  3.657815e+02  8.695023e+03  1.560193e+01  6.930543e+02  5.4359606520969846e+03
      3020  7.5500000000004803e+00  1.0169492238490069e-01  7.6080479015104689e+00  2.560410e-01  1.007624e+01  7.500056e+00  2.415065e+02  3.225902e+02  8.941165e+03  1.585496e+01  7.174664e+02  5.5252331598609253e+03
      3030  7.5750000000004842e+00  1.0145611485855564e-01  7.6771638442164214e+00  2.562920e-01  1.025340e+01  7.424448e+00  2.507843e+02  3.043615e+02  9.384359e+03  1.620839e+01  7.525883e+02  5.6164634502820436e+03
      3040  7.6000000000004881e+00  1.0121514910039843e-01  7.7461630676425335e+00  2.573180e-01  1.042989e+01  7.566561e+00  2.610125e+02  3.061827e+02  9.940860e+03  1.658427e+01  7.880591e+02  5.7080550261873877e+03
      3050  7.6250000000004921e+00  1.0097203244771406e-01  7.8148278249308110e+00  2.580571e-01  1.059727e+01  7.804155e+00  2.710782e+02  3.145101e+02  1.050764e+04  1.696088e+01  8.229832e+02  5.7987947268178777e+03
      3060  7.6500000000004960e+00  1.0072677722284598e-01  7.8830699315432167e+00  2.577709e-01  1.075406e+01  8.186997e+00  2.813712e+02  3.386794e+02  1.110565e+04  1.735358e+01  8.692686e+02  5.8881705903752018e+03
      3070  7.6750000000004999e+00  1.0047939573945802e-01  7.9509954201423252e+00  2.567639e-01  1.090110e+01  8.928277e+00  2.924457e+02  4.049435e+02  1.181859e+04  1.778216e+01  9.346278e+02  5.9766364004029929e+03
      3080  7.7000000000005038e+00  1.0022989326335584e-01  8.0189524160031063e+00  2.564896e-01  1.104019e+01  1.005310e+01  3.039389e+02  5.193144e+02  1.270069e+04  1.827166e+01  1.014382e+03  6.0657616683728511e+03
      3090  7.7250000000005077e+00  9.9978261076596686e-02  8.0874582586159445e+00  2.586731e-01  1.116915e+01  1.130670e+01  3.151081e+02  6.522056e+02  1.369286e+04  1.876539e+01  1.093513e+03  6.1579064052530339e+03
      3100  7.7500000000005116e+00  9.9724474323408585e-02  8.1569811966259920e+00  2.642673e-01  1.129243e+01  1.255673e+01  3.260728e+02  7.769929e+02  1.471525e+04  1.917938e+01  1.156052e+03  6.2553741147586352e+03
      3110  7.7750000000005155e+00  9.9468497306809886e-02  8.2277216985491641e+00  2.733106e-01  1.143295e+01  1.400955e+01  3.386836e+02  9.049705e+02  1.585378e+04  1.952595e+01  1.196202e+03  6.3595130988180290e+03
      3120  7.8000000000005194e+00  9.9210293210956424e-02  8.2995651006050259e+00  2.854693e-01  1.161031e+01  1.591698e+01  3.561856e+02  1.079419e+03  1.751677e+04  1.982932e+01  1.219224e+03  6.4702420758497537e+03
      3130  7.8250000000005233e+00  9.8949832244589225e-02  8.3722079591487777e+00  3.002095e-01  1.180865e+01  1.821118e+01  3.790603e+02  1.323663e+03  2.003715e+04  1.997869e+01  1.224629e+03  6.5861680811680862e+03
      3140  7.8500000000005272e+00  9.8687094821700488e-02  8.4453244619558419e+00  3.164071e-01  1.198459e+01  2.049979e+01  4.009275e+02  1.585827e+03  2.280156e+04  1.979773e+01  1.199444e+03  6.7052456818432302e+03
      3150  7.8750000000005311e+00  9.8422070333749959e-02  8.5186778889164820e+00  3.321847e-01  1.212458e+01  2.249373e+01  4.156307e+02  1.789002e+03  2.468992e+04  1.936558e+01  1.148264e+03  6.8256406768297120e+03
      3160  7.9000000000005350e+00  9.8154753481536822e-02  8.5921631978651476e+00  3.453279e-01  1.226631e+01  2.421956e+01  4.270729e+02  1.936751e+03  2.573391e+04  1.903613e+01  1.111757e+03  6.9462071045901448e+03
      3170  7.9250000000005389e+00  9.7885140358957554e-02  8.6657753656374883e+00  3.538040e-01  1.241715e+01  2.547930e+01  4.388292e+02  2.048697e+03  2.663359e+04  1.884553e+01  1.103883e+03  7.0662890401203886e+03
      3180  7.9500000000005429e+00  9.7613226528935920e-02  8.7395315787585073e+00  3.562100e-01  1.252205e+01  2.582063e+01  4.438106e+02  2.057590e+03  2.678483e+04  1.838432e+01  1.061014e+03  7.1853928352948060e+03
      3190  7.9750000000005468e+00  9.7339007110779113e-02  8.8134449360609715e+00  3.523498e-01  1.258579e+01  2.544629e+01  4.426967e+02  1.965103e+03  2.591701e+04  1.763710e+01  9.602445e+02  7.3035043300647048e+03
      3200  8.0000000000005507e+00  9.7062476450174628e-02  8.8875597037266925e+00  3.434830e-01  1.268341e+01  2.474543e+01  4.457738e+02  1.870273e+03  2.541940e+04  1.703128e+01  8.740292e+02  7.4216040320099846e+03
      3210  8.0250000000005457e+00  9.6783627415540280e-02  8.9619062812293713e+00  3.316252e-01  1.280364e+01  2.339123e+01  4.487319e+02  1.731266e+03  2.499982e+04  1.650808e+01  7.969109e+02  7.5410689009186417e+03
      3220  8.0500000000005407e+00  9.6502454278538374e-02  9.0363309054755963e+00  3.184011e-01  1.291628e+01  2.178726e+01  4.511910e+02  1.575742e+03  2.472950e+04  1.595709e+01  7.046140e+02  7.6621288795847104e+03
      3230  8.0750000000005357e+00  9.6218960879714960e-02  9.1103707532216678e+00  3.046606e-01  1.308474e+01  2.064270e+01  4.636866e+02  1.510199e+03  2.593821e+04  1.576845e+01  6.601093e+02  7.7832078492465616e+03
      3240  8.1000000000005308e+00  9.5933169582170269e-02  9.1833429982491985e+00  2.913432e-01  1.330444e+01  1.942479e+01  4.816448e+02  1.447764e+03  2.790552e+04  1.583381e+01  6.566770e+02  7.9020047185839576e+03
      3250  8.1250000000005258e+00  9.5645123718228628e-02  9.2546514184469402e+00  2.807460e-01  1.352256e+01  1.821016e+01  5.029778e+02  1.399575e+03  3.052941e+04  1.582523e+01  6.447273e+02  8.0172345591479780e+03
      3260  8.1500000000005208e+00  9.5354878780673197e-02  9.3241593524836848e+00  2.766394e-01  1.376358e+01  1.776034e+01  5.309399e+02  1.459552e+03  3.431475e+04  1.589378e+01  6.538925e+02  8.1297637321731618e+03
      3270  8.1750000000005159e+00  9.5062484559186727e-02  9.3923506925766560e+00  2.824209e-01  1.403697e+01  1.832916e+01  5.628726e+02  1.616091e+03  3.857478e+04  1.600942e+01  6.774394e+02  8.2426612912571836e+03
      3280  8.2000000000005109e+00  9.4767968928057972e-02  9.4600579349662404e+00  2.986017e-01  1.432806e+01  1.983286e+01  5.975792e+02  1.837993e+03  4.277337e+04  1.608280e+01  6.971361e+02  8.3600006137231139e+03
      3290  8.2250000000005059e+00  9.4471335635178899e-02  9.5279045384421508e+00  3.223551e-01  1.462823e+01  2.216848e+01  6.361902e+02  2.142103e+03  4.733807e+04  1.627774e+01  7.391774e+02  8.4847820126867155e+03
      3300  8.2500000000005009e+00  9.4172577901674090e-02  9.5959343232065351e+00  3.500524e-01  1.489483e+01  2.505094e+01  6.710475e+02  2.510012e+03  5.175986e+04  1.649312e+01  7.780893e+02  8.6173703092981523e+03
      3310  8.2750000000004960e+00  9.3871696012835820e-02  9.6637307609098251e+00  3.799846e-01  1.512716e+01  2.875173e+01  7.098348e+02  3.105693e+03  5.851554e+04  1.657356e+01  7.833738e+02  8.7557430207764464e+03
      3320  8.3000000000004910e+00  9.3568705597213239e-02  9.7308083863799641e+00  4.120835e-01  1.537388e+01  3.390593e+01  7.738448e+02  4.180256e+03  7.323353e+04  1.662941e+01  7.976209e+02  8.8971524727971355e+03
      3330  8.3250000000004860e+00  9.3263635432077802e-02  9.7968227319528332e+00  4.455330e-01  1.562754e+01  4.001741e+01  8.596602e+02  5.649156e+03  9.682428e+04  1.675296e+01  8.280865e+02  9.0395747165189932e+03
      3340  8.3500000000004810e+00  9.2956523757887044e-02  9.8614829006325628e+00  4.777553e-01  1.583654e+01  4.586153e+01  9.477483e+02  7.184823e+03  1.243878e+05  1.693961e+01  8.680956e+02  9.1819863981309245e+03
      3350  8.3750000000004761e+00  9.2647418309116047e-02  9.9244662045476755e+00  5.060001e-01  1.595103e+01  5.016473e+01  1.014135e+03  8.340275e+03  1.466541e+05  1.709929e+01  9.145344e+02  9.3239327987604211e+03
      3360  8.4000000000004711e+00  9.2336375731967527e-02  9.9855440093692991e+00  5.292794e-01  1.596784e+01  5.265015e+01  1.046434e+03  8.851990e+03  1.564389e+05  1.716574e+01  9.512645e+02  9.4652604692352852e+03
      3370  8.4250000000004661e+00  9.2023455866641679e-02  1.0044730207285051e+01  5.481032e-01  1.591062e+01  5.370016e+01  1.047642e+03  8.773185e+03  1.536414e+05  1.716382e+01  9.701172e+02  9.6061504359828723e+03
      3380  8.4500000000004611e+00  9.1708714875505859e-02  1.0102189877585761e+01  5.624807e-01  1.579290e+01  5.353203e+01  1.023126e+03  8.269514e+03  1.421967e+05  1.709329e+01  9.611327e+02  9.7470100217163581e+03
      3390  8.4750000000004562e+00  9.1392204718533238e-02  1.0157975586790995e+01  5.708520e-01  1.561095e+01  5.214470e+01  9.791982e+02  7.523655e+03  1.268438e+05  1.691634e+01  9.265530e+02  9.8881455602797159e+03
      3400  8.5000000000004512e+00  9.1073979891591453e-02  1.0211870639357986e+01  5.712943e-01  1.539982e+01  4.968126e+01  9.222734e+02  6.626540e+03  1.102822e+05  1.675301e+01  8.866689e+02  1.0029653382805656e+04
      3410  8.5250000000004462e+00  9.0754105906359572e-02  1.0263409496649119e+01  5.639195e-01  1.520970e+01  4.664974e+01  8.665483e+02  5.745506e+03  9.573305e+04  1.677690e+01  8.682172e+02  1.0171522097812678e+04
      3420  8.5500000000004412e+00  9.0432666723580885e-02  1.0311878865192142e+01  5.523043e-01  1.503194e+01  4.359742e+01  8.212996e+02  5.029011e+03  8.526574e+04  1.687017e+01  8.716069e+02  1.0313288661094175e+04
      3430  8.5750000000004363e+00  9.0109773963966341e-02  1.0356212988768744e+01  5.422373e-01  1.483877e+01  4.094257e+01  7.840202e+02  4.482548e+03  7.778666e+04  1.681383e+01  8.721819e+02  1.0453251281241737e+04
      3440  8.6000000000004313e+00  8.9785578754702181e-02  1.0394976408920190e+01  5.382542e-01  1.463862e+01  3.838189e+01  7.428553e+02  3.945766e+03  6.970776e+04  1.659636e+01  8.471007e+02  1.0588265670372928e+04
      3450  8.6250000000004263e+00  8.9460279786717486e-02  1.0426633610285023e+01  5.411309e-01  1.444739e+01  3.621859e+01  6.938606e+02  3.436472e+03  5.977716e+04  1.633457e+01  7.950541e+02  1.0714683170042805e+04
      3460  8.6500000000004214e+00  8.9134118980134472e-02  1.0450020816240279e+01  5.489327e-01  1.425840e+01  3.528325e+01  6.478788e+02  3.131110e+03  5.081568e+04  1.617003e+01  7.514185e+02  1.0829570481591256e+04
      3470  8.6750000000004164e+00  8.8807363514908685e-02  1.0464693751054851e+01  5.599471e-01  1.405202e+01  3.553455e+01  6.139145e+02  3.098900e+03  4.568911e+04  1.619202e+01  7.527403e+02  1.0930902081655144e+04
      3480  8.7000000000004114e+00  8.8480282253612111e-02  1.0470957457695981e+01  5.736650e-01  1.377799e+01  3.578908e+01  5.806077e+02  3.107518e+03  4.229300e+04  1.622352e+01  7.708966e+02  1.1016763768305973e+04
      3490  8.7250000000004064e+00  8.8153124673006400e-02  1.0469733822002862e+01  5.892450e-01  1.340330e+01  3.484212e+01  5.311678e+02  2.816555e+03  3.596253e+04  1.598206e+01  7.328979e+02  1.1084963189249607e+04
      3500  8.7500000000004015e+00  8.7826103064347016e-02  1.0462499188995563e+01  6.046424e-01  1.298112e+01  3.295413e+01  4.735062e+02  2.328982e+03  2.791186e+04  1.547775e+01  6.400889e+02  1.1133868022820769e+04
      3510  8.7750000000003965e+00  8.7499374930068083e-02  1.0451291226739345e+01  6.181313e-01  1.261633e+01  3.169673e+01  4.339924e+02  2.052735e+03  2.346348e+04  1.499379e+01  5.747550e+02  1.1164036375910127e+04
      3520  8.8000000000003915e+00  8.7173027040533438e-02  1.0438537260075973e+01  6.297853e-01  1.236744e+01  3.182685e+01  4.214475e+02  2.052530e+03  2.294605e+04  1.471577e+01  5.664330e+02  1.1179388042544582e+04
      3530  8.8250000000003865e+00  8.6847070873892040e-02  1.0426503174944957e+01  6.404209e-01  1.216751e+01  3.208416e+01  4.127514e+02  2.063579e+03  2.270273e+04  1.445061e+01  5.614823e+02  1.1186285567396588e+04
      3540  8.8500000000003816e+00  8.6521458536684845e-02  1.0416628086971704e+01  6.495464e-01  1.191937e+01  3.137700e+01  3.893625e+02  1.938228e+03  2.068409e+04  1.394532e+01  5.179075e+02  1.1190548181607210e+04
      3550  8.8750000000003766e+00  8.6196114435860005e-02  1.0409247528617446e+01  6.552231e-01  1.165573e+01  3.018488e+01  3.633445e+02  1.765825e+03  1.831212e+04  1.337013e+01  4.612646e+02  1.1194762110381591e+04
      3560  8.9000000000003716e+00  8.5870967432816095e-02  1.0403815620940636e+01  6.556893e-01  1.147151e+01  2.925332e+01  3.513622e+02  1.678393e+03  1.749650e+04  1.310084e+01  4.382547e+02  1.1197901907016427e+04
      3570  8.9250000000003666e+00  8.5545970988123998e-02  1.0399396880834429e+01  6.504982e-01  1.134029e+01  2.865767e+01  3.490416e+02  1.680304e+03  1.796037e+04  1.307182e+01  4.472653e+02  1.1197341298116902e+04
      3580  8.9500000000003617e+00  8.5221107112039507e-02  1.0395153770078089e+01  6.405341e-01  1.116983e+01  2.770795e+01  3.418632e+02  1.641855e+03  1.795257e+04  1.292078e+01  4.562627e+02  1.1191623427355265e+04
      3590  8.9750000000003567e+00  8.4896379002998998e-02  1.0390554913284101e+01  6.279047e-01  1.097798e+01  2.624797e+01  3.273427e+02  1.507888e+03  1.680321e+04  1.263831e+01  4.485520e+02  1.1181615319872813e+04
      3600  9.0000000000003517e+00  8.4571802864946158e-02  1.0385262946523017e+01  6.156879e-01  1.082696e+01  2.490854e+01  3.113309e+02  1.349991e+03  1.503403e+04  1.235715e+01  4.197350e+02  1.1169331078294917e+04
      3610  9.0250000000003467e+00  8.4247404471055776e-02  1.0379002926456659e+01  6.071069e-01  1.070965e+01  2.411890e+01  2.992032e+02  1.235356e+03  1.351140e+04  1.197153e+01  3.742936e+02  1.1156261881940256e+04
      3620  9.0500000000003418e+00  8.3923216832265807e-02  1.0371614914974849e+01  6.049352e-01  1.066120e+01  2.417573e+01  2.977587e+02  1.218730e+03  1.315546e+04  1.160994e+01  3.381945e+02  1.1143014963587604e+04
      3630  9.0750000000003368e+00  8.3599275367705880e-02  1.0363112370372129e+01  6.110919e-01  1.071827e+01  2.480534e+01  3.040575e+02  1.269944e+03  1.367157e+04  1.152851e+01  3.289360e+02  1.1129895273550148e+04
      3640  9.1000000000003318e+00  8.3275614230322884e-02  1.0353545797802518e+01  6.253092e-01  1.082163e+01  2.599265e+01  3.142101e+02  1.384380e+03  1.476015e+04  1.162533e+01  3.350519e+02  1.1117137613770612e+04
      3650  9.1250000000003268e+00  8.2952268292586895e-02  1.0342824024695375e+01  6.442720e-01  1.095935e+01  2.822919e+01  3.357635e+02  1.663080e+03  1.767592e+04  1.184964e+01  3.596421e+02  1.1104700420469919e+04
      3660  9.1500000000003219e+00  8.2629277022126496e-02  1.0330788877292992e+01  6.634858e-01  1.116347e+01  3.108692e+01  3.680080e+02  2.061521e+03  2.219360e+04  1.233397e+01  4.133164e+02  1.1092544598744964e+04
      3670  9.1750000000003169e+00  8.2306682132722117e-02  1.0317475762756750e+01  6.797373e-01  1.136228e+01  3.302585e+01  3.889069e+02  2.275319e+03  2.437530e+04  1.287958e+01  4.644820e+02  1.1081345247062907e+04
      3680  9.2000000000003119e+00  8.1984520101263170e-02  1.0303120660233164e+01  6.911165e-01  1.141659e+01  3.319316e+01  3.848786e+02  2.193992e+03  2.295768e+04  1.301880e+01  4.700942e+02  1.1072238989645952e+04
      3690  9.2250000000003070e+00  8.1662821517528184e-02  1.0287767805806785e+01  6.964232e-01  1.131566e+01  3.218450e+01  3.648458e+02  1.969293e+03  2.000015e+04  1.276956e+01  4.335109e+02  1.1065225423280319e+04
      3700  9.2500000000003020e+00  8.1341623614645697e-02  1.0270921488968366e+01  6.959457e-01  1.118283e+01  3.102933e+01  3.474506e+02  1.800609e+03  1.799049e+04  1.258766e+01  4.074280e+02  1.1057988403447336e+04
      3710  9.2750000000002970e+00  8.1020987303668607e-02  1.0251617589023686e+01  6.917774e-01  1.109378e+01  3.016026e+01  3.431095e+02  1.767287e+03  1.812191e+04  1.265915e+01  4.324920e+02  1.1046458913285134e+04
      3720  9.3000000000002920e+00  8.0701006647179052e-02  1.0228776291921077e+01  6.865178e-01  1.098904e+01  2.911101e+01  3.384013e+02  1.706698e+03  1.809882e+04  1.269432e+01  4.587384e+02  1.1026291515587274e+04
      3730  9.3250000000002871e+00  8.0381806230821487e-02  1.0201589834936575e+01  6.818620e-01  1.077345e+01  2.754440e+01  3.180132e+02  1.508413e+03  1.595782e+04  1.236070e+01  4.171950e+02  1.0994202084190923e+04
      3740  9.3500000000002821e+00  8.0063527023478714e-02  1.0169853526163468e+01  6.783938e-01  1.045883e+01  2.593536e+01  2.896265e+02  1.299260e+03  1.329293e+04  1.173408e+01  3.440833e+02  1.0949042993323426e+04
      3750  9.3750000000002771e+00  7.9746304768472109e-02  1.0134083906527225e+01  6.760881e-01  1.014330e+01  2.454816e+01  2.640139e+02  1.155381e+03  1.131791e+04  1.117611e+01  2.964130e+02  1.0892172290330651e+04
      3760  9.4000000000002721e+00  7.9430250544533551e-02  1.0095268804680652e+01  6.743072e-01  9.882289e+00  2.339129e+01  2.435709e+02  1.044381e+03  9.866004e+03  1.086863e+01  2.738408e+02  1.0826373925738784e+04
      3770  9.4250000000002672e+00  7.9115443250116685e-02  1.0054411910409854e+01  6.715621e-01  9.674656e+00  2.245281e+01  2.290560e+02  9.596211e+02  8.884328e+03  1.075592e+01  2.680357e+02  1.0753857859253432e+04
      3780  9.4500000000002622e+00  7.8801934275405050e-02  1.0012254492689527e+01  6.663007e-01  9.497005e+00  2.154748e+01  2.175253e+02  8.775204e+02  8.068954e+03  1.070444e+01  2.696310e+02  1.0675120004665323e+04
      3790  9.4750000000002572e+00  7.8489755169571102e-02  9.9693515563239181e+00  6.581990e-01  9.304946e+00  2.047281e+01  2.053146e+02  7.860294e+02  7.192593e+03  1.054738e+01  2.645998e+02  1.0589801726123453e+04
      3800  9.5000000000002522e+00  7.8178919839770378e-02  9.9263036255330661e+00  6.482417e-01  9.096740e+00  1.930168e+01  1.925681e+02  7.016453e+02  6.339647e+03  1.027045e+01  2.497861e+02  1.0498686301825664e+04
      3810  9.5250000000002473e+00  7.7869421626840518e-02  9.8838278886107265e+00  6.376554e-01  8.924967e+00  1.839370e+01  1.829129e+02  6.480695e+02  5.795271e+03  1.001148e+01  2.349788e+02  1.0404744306632490e+04
      3820  9.5500000000002423e+00  7.7561232130371041e-02  9.8425832668967779e+00  6.272897e-01  8.806471e+00  1.780563e+01  1.780436e+02  6.135042e+02  5.602999e+03  9.794717e+00  2.247004e+02  1.0312116720029117e+04
      3830  9.5750000000002373e+00  7.7254306453431426e-02  9.8029568631266297e+00  6.179572e-01  8.707465e+00  1.715858e+01  1.738728e+02  5.711861e+02  5.427095e+03  9.552518e+00  2.129974e+02  1.0224153599398900e+04
      3840  9.6000000000002323e+00  7.6948592242987640e-02  9.7650415198164993e+00  6.106566e-01  8.633829e+00  1.656416e+01  1.697028e+02  5.388798e+02  5.207268e+03  9.390747e+00  2.068265e+02  1.0142471939877525e+04
      3850  9.6250000000002274e+00  7.6644036552361544e-02  9.7287849777062263e+00  6.060515e-01  8.606810e+00  1.617300e+01  1.675767e+02  5.193657e+02  5.069569e+03  9.376511e+00  2.073855e+02  1.0067483622141406e+04
      3860  9.6500000000002224e+00  7.6340588304928902e-02  9.6941170058034007e+00  6.039767e-01  8.612384e+00  1.594112e+01  1.678992e+02  5.051459e+02  5.069275e+03  9.448238e+00  2.087497e+02  9.9992047753238203e+03
      3870  9.6750000000002174e+00  7.6038198872245749e-02  9.6609532817944093e+00  6.036418e-01  8.628462e+00  1.597062e+01  1.696318e+02  5.041442e+02  5.152602e+03  9.603372e+00  2.162026e+02  9.9373796876129145e+03
      3880  9.7000000000002125e+00  7.5736823599696579e-02  9.6291347838579480e+00  6.042117e-01  8.649202e+00  1.619947e+01  1.716863e+02  5.212967e+02  5.281993e+03  9.836322e+00  2.306711e+02  9.8810991673096014e+03
      3890  9.7250000000002075e+00  7.5436424481109821e-02  9.5984083596210628e+00  6.052800e-01  8.657791e+00  1.636623e+01  1.722242e+02  5.409923e+02  5.334640e+03  1.000857e+01  2.383849e+02  9.8285995513888356e+03
      3900  9.7500000000002025e+00  7.5136971644805400e-02  9.5685166587033788e+00  6.069982e-01  8.643074e+00  1.646946e+01  1.711710e+02  5.572930e+02  5.303313e+03  1.007833e+01  2.385531e+02  9.7777307979405923e+03
      3910  9.7750000000001975e+00  7.4838440842404361e-02  9.5393537102913086e+00  6.096770e-01  8.632901e+00  1.675444e+01  1.724287e+02  5.884390e+02  5.470973e+03  1.020263e+01  2.502705e+02  9.7269757957484180e+03
      3920  9.8000000000001926e+00  7.4540807554513810e-02  9.5110158603961157e+00  6.130811e-01  8.633746e+00  1.716244e+01  1.766883e+02  6.307309e+02  5.902576e+03  1.038633e+01  2.732817e+02  9.6761676634373507e+03
      3930  9.8250000000001876e+00  7.4244043051856667e-02  9.4836425412541807e+00  6.161476e-01  8.616173e+00  1.738100e+01  1.789722e+02  6.545290e+02  6.203151e+03  1.050218e+01  2.882870e+02  9.6261655954464404e+03
      3940  9.8500000000001826e+00  7.3948117145756748e-02  9.4571842274178639e+00  6.175647e-01  8.561261e+00  1.737642e+01  1.764240e+02  6.526005e+02  6.087997e+03  1.050988e+01  2.896154e+02  9.5778900523572593e+03
      3950  9.8750000000001776e+00  7.3653005787015613e-02  9.4313357942108418e+00  6.167284e-01  8.483618e+00  1.736974e+01  1.727534e+02  6.519568e+02  5.910278e+03  1.045264e+01  2.904963e+02  9.5317751065143802e+03
      3960  9.9000000000001727e+00  7.3358696782960753e-02  9.4056918968033933e+00  6.140962e-01  8.413862e+00  1.740034e+01  1.715594e+02  6.670055e+02  6.016888e+03  1.038835e+01  2.968194e+02  9.4880111093793967e+03
      3970  9.9250000000001677e+00  7.3065189271432851e-02  9.3799501459861077e+00  6.105760e-01  8.359773e+00  1.730175e+01  1.704330e+02  6.724063e+02  6.063793e+03  1.033142e+01  2.967063e+02  9.4469847942219621e+03
      3980  9.9500000000001627e+00  7.2772488979605587e-02  9.3539690141894436e+00  6.066947e-01  8.298405e+00  1.698408e+01  1.659820e+02  6.446374e+02  5.690456e+03  1.022463e+01  2.828007e+02  9.4092715151153297e+03
      3990  9.9750000000001577e+00  7.2480604620615813e-02  9.3276633728856453e+00  6.024523e-01  8.223700e+00  1.658629e+01  1.601420e+02  6.055363e+02  5.197980e+03  1.004433e+01  2.631532e+02  9.3752022406211945e+03
      4000  1.0000000000000153e+01  7.2189548477554696e-02  9.3008715754955809e+00  5.978527e-01  8.173937e+00  1.636217e+01  1.575552e+02  5.912348e+02  5.034714e+03  9.899103e+00  2.506264e+02  9.3444708292035502e+03
