         0  0.0000000000000000e+00  1.2500000000000000e-01  3.7500000000000000e-01 -0.000000e+00  3.375000e+00 -0.000000e+00  1.562500e+01 -0.000000e+00  8.374023e+01  3.375000e+00  1.562500e+01  1.1250000000000000e+00
        10  2.4999999999999998e-02  1.2499375003257537e-01  3.7500566256708001e-01  1.325812e-02  3.375301e+00  1.325908e-01  1.563092e+01  1.087845e+00  8.381024e+01  3.373816e+00  1.561447e+01  1.1252123105844198e+00
        20  5.0000000000000010e-02  1.2498749959641636e-01  3.7506015113603874e-01  2.651704e-02  3.376204e+00  2.652476e-01  1.564870e+01  2.177351e+00  8.402039e+01  3.370276e+00  1.558301e+01  1.1259620422823897e+00
        30  7.5000000000000025e-02  1.2498124787740433e-01  3.7516348773047953e-01  3.977839e-02  3.377709e+00  3.980448e-01  1.567835e+01  3.270250e+00  8.437116e+01  3.364416e+00  1.553102e+01  1.1272502902571002e+00
        40  1.0000000000000005e-01  1.2497499406069368e-01  3.7531572199298008e-01  5.304380e-02  3.379818e+00  5.310567e-01  1.571989e+01  4.368276e+00  8.486335e+01  3.356296e+00  1.545918e+01  1.1290790114716764e+00
        50  1.2500000000000006e-01  1.2496873733025528e-01  3.7551693108700152e-01  6.631481e-02  3.382531e+00  6.643573e-01  1.577336e+01  5.473168e+00  8.549809e+01  3.345997e+00  1.536839e+01  1.1314510276524465e+00
        60  1.5000000000000008e-01  1.2496247686842356e-01  3.7576721957519815e-01  7.959287e-02  3.385850e+00  7.980199e-01  1.583881e+01  6.586665e+00  8.627686e+01  3.333623e+00  1.525981e+01  1.1343700298549508e+00
        70  1.7500000000000010e-01  1.2495621185544710e-01  3.7606671927474078e-01  9.287937e-02  3.389776e+00  9.321173e-01  1.591630e+01  7.710511e+00  8.720143e+01  3.319297e+00  1.513480e+01  1.1378405846656023e+00
        80  2.0000000000000012e-01  1.2494994146904254e-01  3.7641558909045247e-01  1.061755e-01  3.394312e+00  1.066721e+00  1.600589e+01  8.846456e+00  8.827391e+01  3.303162e+00  1.499494e+01  1.1418681420827737e+00
        90  2.2500000000000014e-01  1.2494366488395252e-01  3.7681401482670762e-01  1.194825e-01  3.399459e+00  1.201903e+00  1.610767e+01  9.996252e+00  8.949673e+01  3.285378e+00  1.484196e+01  1.1464590451318684e+00
       100  2.5000000000000017e-01  1.2493738127150719e-01  3.7726220897919233e-01  1.328011e-01  3.405220e+00  1.337732e+00  1.622173e+01  1.116166e+01  9.087265e+01  3.266119e+00  1.467776e+01  1.1516205412799847e+00
       110  2.7500000000000019e-01  1.2493108979919131e-01  3.7776041050778841e-01  1.461323e-01  3.411596e+00  1.474278e+00  1.634815e+01  1.234444e+01  9.240471e+01  3.245574e+00  1.450437e+01  1.1573607957266068e+00
       120  3.0000000000000021e-01  1.2492478963021449e-01  3.7830888459196305e-01  1.594764e-01  3.418592e+00  1.611606e+00  1.648703e+01  1.354635e+01  9.409626e+01  3.223942e+00  1.432390e+01  1.1636889066580278e+00
       130  3.2500000000000023e-01  1.2491847992308602e-01  3.7890792237015619e-01  1.728340e-01  3.426207e+00  1.749782e+00  1.663850e+01  1.476917e+01  9.595097e+01  3.201431e+00  1.413855e+01  1.1706149225643327e+00
       140  3.5000000000000026e-01  1.2491215983119573e-01  3.7955784066478959e-01  1.862051e-01  3.434446e+00  1.888869e+00  1.680265e+01  1.601467e+01  9.797275e+01  3.178258e+00  1.395058e+01  1.1781498617292281e+00
       150  3.7500000000000028e-01  1.2490582850239777e-01  3.8025898169458194e-01  1.995895e-01  3.443308e+00  2.028929e+00  1.697960e+01  1.728460e+01  1.001658e+02  3.154642e+00  1.376225e+01  1.1863057340145904e+00
       160  4.0000000000000030e-01  1.2489948507860038e-01  3.8101171277595158e-01  2.129870e-01  3.452797e+00  2.170020e+00  1.716948e+01  1.858074e+01  1.025346e+02  3.130806e+00  1.357585e+01  1.1950955650736030e+00
       170  4.2500000000000032e-01  1.2489312869536018e-01  3.8181642601534083e-01  2.263968e-01  3.462912e+00  2.312198e+00  1.737240e+01  1.990483e+01  1.050839e+02  3.106975e+00  1.339363e+01  1.2045334231382983e+00
       180  4.5000000000000034e-01  1.2488675848148122e-01  3.8267353799433268e-01  2.398179e-01  3.473655e+00  2.455514e+00  1.758848e+01  2.125861e+01  1.078185e+02  3.083369e+00  1.321781e+01  1.2146344485401639e+00
       190  4.7500000000000037e-01  1.2488037355861865e-01  3.8358348944948140e-01  2.532491e-01  3.485025e+00  2.600019e+00  1.781784e+01  2.264382e+01  1.107437e+02  3.060208e+00  1.305057e+01  1.2254148861352250e+00
       200  5.0000000000000033e-01  1.2487397304088761e-01  3.8454674494873298e-01  2.666887e-01  3.497022e+00  2.745757e+00  1.806059e+01  2.406214e+01  1.138646e+02  3.037706e+00  1.289401e+01  1.2368921208185626e+00
       210  5.2499999999999980e-01  1.2486755603447756e-01  3.8556379256640255e-01  2.801350e-01  3.509644e+00  2.892769e+00  1.831683e+01  2.551526e+01  1.171868e+02  3.016069e+00  1.275015e+01  1.2490847163272951e+00
       220  5.4999999999999927e-01  1.2486112163726804e-01  3.8663514355853212e-01  2.935854e-01  3.522888e+00  3.041091e+00  1.858666e+01  2.700481e+01  1.207159e+02  2.995496e+00  1.262093e+01  1.2620124575457288e+00
       230  5.7499999999999873e-01  1.2485466893845514e-01  3.8776133204052188e-01  3.070376e-01  3.536752e+00  3.190754e+00  1.887018e+01  2.853236e+01  1.244574e+02  2.976177e+00  1.250819e+01  1.2756963965418500e+00
       240  5.9999999999999820e-01  1.2484819701817634e-01  3.8894291466880265e-01  3.204884e-01  3.551230e+00  3.341785e+00  1.916744e+01  3.009947e+01  1.284171e+02  2.958290e+00  1.241366e+01  1.2901589025806459e+00
       250  6.2499999999999767e-01  1.2484170494714419e-01  3.9018047032829145e-01  3.339344e-01  3.566318e+00  3.494203e+00  1.947852e+01  3.170760e+01  1.326006e+02  2.942002e+00  1.233898e+01  1.3054237163770990e+00
       260  6.4999999999999714e-01  1.2483519178628096e-01  3.9147459982725408e-01  3.473721e-01  3.582007e+00  3.648020e+00  1.980345e+01  3.335815e+01  1.370136e+02  2.927467e+00  1.228567e+01  1.3215160088699471e+00
       270  6.7499999999999660e-01  1.2482865658636190e-01  3.9282592560115770e-01  3.607971e-01  3.598289e+00  3.803243e+00  2.014224e+01  3.505242e+01  1.416615e+02  2.914828e+00  1.225516e+01  1.3384624448171043e+00
       280  6.9999999999999607e-01  1.2482209838765819e-01  3.9423509142690788e-01  3.742051e-01  3.615155e+00  3.959870e+00  2.049490e+01  3.679162e+01  1.465498e+02  2.904211e+00  1.224876e+01  1.3562912515344807e+00
       290  7.2499999999999554e-01  1.2481551621958678e-01  3.9570276214883626e-01  3.875911e-01  3.632593e+00  4.117892e+00  2.086138e+01  3.857684e+01  1.516834e+02  2.895730e+00  1.226768e+01  1.3750322931225076e+00
       300  7.4999999999999500e-01  1.2480890910036231e-01  3.9722962341761836e-01  4.009499e-01  3.650589e+00  4.277291e+00  2.124163e+01  4.040904e+01  1.570671e+02  2.889484e+00  1.231301e+01  1.3947171505488283e+00
       310  7.7499999999999447e-01  1.2480227603665546e-01  3.9881638144318604e-01  4.142757e-01  3.669129e+00  4.438040e+00  2.163554e+01  4.228904e+01  1.627054e+02  2.885556e+00  1.238576e+01  1.4153792079817287e+00
       320  7.9999999999999394e-01  1.2479561602325064e-01  4.0046376276255785e-01  4.275625e-01  3.688196e+00  4.600102e+00  2.204298e+01  4.421748e+01  1.686021e+02  2.884018e+00  1.248682e+01  1.4370537457968691e+00
       330  8.2499999999999341e-01  1.2478892804271015e-01  4.0217251402334908e-01  4.408038e-01  3.707772e+00  4.763431e+00  2.246378e+01  4.619484e+01  1.747604e+02  2.884923e+00  1.261698e+01  1.4597780407102632e+00
       340  8.4999999999999287e-01  1.2478221106504213e-01  4.0394340178362642e-01  4.539929e-01  3.727835e+00  4.927968e+00  2.289772e+01  4.822138e+01  1.811831e+02  2.888312e+00  1.277694e+01  1.4835914735231093e+00
       350  8.7499999999999234e-01  1.2477546404736700e-01  4.0577721232851072e-01  4.671224e-01  3.748363e+00  5.093645e+00  2.334452e+01  5.029716e+01  1.878721e+02  2.894211e+00  1.296727e+01  1.5085356449995664e+00
       360  8.9999999999999181e-01  1.2476868593359099e-01  4.0767475150389243e-01  4.801848e-01  3.769331e+00  5.260382e+00  2.380387e+01  5.242199e+01  1.948282e+02  2.902632e+00  1.318847e+01  1.5346545004365735e+00
       370  9.2499999999999127e-01  1.2476187565408034e-01  4.0963684456742044e-01  4.931721e-01  3.790713e+00  5.428087e+00  2.427540e+01  5.459542e+01  2.020514e+02  2.913572e+00  1.344089e+01  1.5619944635264669e+00
       380  9.4999999999999074e-01  1.2475503212533720e-01  4.1166433605672953e-01  5.060761e-01  3.812480e+00  5.596655e+00  2.475867e+01  5.681673e+01  2.095408e+02  2.927017e+00  1.372479e+01  1.5906045801572894e+00
       390  9.7499999999999021e-01  1.2474815424967853e-01  4.1375808967482153e-01  5.188880e-01  3.834600e+00  5.765969e+00  2.525320e+01  5.908488e+01  2.172939e+02  2.942936e+00  1.404031e+01  1.6205366728442896e+00
       400  9.9999999999998967e-01  1.2474124091491612e-01  4.1591898819226591e-01  5.315990e-01  3.857041e+00  5.935898e+00  2.575843e+01  6.139856e+01  2.253071e+02  2.961287e+00  1.438746e+01  1.6518455065377196e+00
       410  1.0249999999999893e+00  1.2473429099403736e-01  4.1814793336583350e-01  5.441997e-01  3.879766e+00  6.106298e+00  2.627374e+01  6.375606e+01  2.335752e+02  2.982017e+00  1.476611e+01  1.6845889666081091e+00
       420  1.0499999999999887e+00  1.2472730334488941e-01  4.2044584587298073e-01  5.566805e-01  3.902740e+00  6.277012e+00  2.679844e+01  6.615538e+01  2.420916e+02  3.005057e+00  1.517599e+01  1.7188282498703160e+00
       430  1.0749999999999882e+00  1.2472027680986106e-01  4.2281366526152442e-01  5.690315e-01  3.925921e+00  6.447870e+00  2.733177e+01  6.859409e+01  2.508478e+02  3.030330e+00  1.561666e+01  1.7546280695723286e+00
       440  1.0999999999999877e+00  1.2471321021556959e-01  4.2525234991371075e-01  5.812427e-01  3.949269e+00  6.618686e+00  2.787290e+01  7.106943e+01  2.598338e+02  3.057746e+00  1.608754e+01  1.7920568753440371e+00
       450  1.1249999999999871e+00  1.2470610237254394e-01  4.2776287702377447e-01  5.933036e-01  3.972739e+00  6.789263e+00  2.842092e+01  7.357821e+01  2.690375e+02  3.087204e+00  1.658786e+01  1.8311870891754713e+00
       460  1.1499999999999866e+00  1.2469895207491007e-01  4.3034624258802956e-01  6.052035e-01  3.996288e+00  6.959390e+00  2.897486e+01  7.611685e+01  2.784450e+02  3.118593e+00  1.711665e+01  1.8720953585730911e+00
       470  1.1749999999999861e+00  1.2469175810007742e-01  4.3300346140639251e-01  6.169318e-01  4.019867e+00  7.128843e+00  2.953366e+01  7.868134e+01  2.880401e+02  3.151792e+00  1.767278e+01  1.9148628281271285e+00
       480  1.1999999999999855e+00  1.2468451920842427e-01  4.3573556709425232e-01  6.284774e-01  4.043427e+00  7.297384e+00  3.009620e+01  8.126728e+01  2.978049e+02  3.186671e+00  1.825488e+01  1.9595754308124811e+00
       490  1.2249999999999850e+00  1.2467723414298237e-01  4.3854361210346032e-01  6.398291e-01  4.066919e+00  7.464766e+00  3.066128e+01  8.386983e+01  3.077191e+02  3.223091e+00  1.886138e+01  2.0063242004406727e+00
       500  1.2499999999999845e+00  1.2466990162912260e-01  4.4142866775127421e-01  6.509758e-01  4.090291e+00  7.630728e+00  3.122764e+01  8.648377e+01  3.177603e+02  3.260907e+00  1.949047e+01  2.0552056067803206e+00
       510  1.2749999999999839e+00  1.2466252037423786e-01  4.4439182425597268e-01  6.619059e-01  4.113491e+00  7.795000e+00  3.179396e+01  8.910345e+01  3.279041e+02  3.299963e+00  2.014015e+01  2.1063219149685382e+00
       520  1.2999999999999834e+00  1.2465508906742898e-01  4.4743419077793972e-01  6.726082e-01  4.136464e+00  7.957301e+00  3.235884e+01  9.172285e+01  3.381240e+02  3.340100e+00  2.080816e+01  2.1597815709459844e+00
       530  1.3249999999999829e+00  1.2464760637918550e-01  4.5055689546494038e-01  6.830711e-01  4.159156e+00  8.117343e+00  3.292083e+01  9.433560e+01  3.483913e+02  3.381151e+00  2.149203e+01  2.2156996147620034e+00
       540  1.3499999999999823e+00  1.2464007096107198e-01  4.5376108550042932e-01  6.932832e-01  4.181513e+00  8.274830e+00  3.347845e+01  9.693496e+01  3.586755e+02  3.422946e+00  2.218906e+01  2.2741981237148772e+00
       550  1.3749999999999818e+00  1.2463248144540343e-01  4.5704792715366954e-01  7.032330e-01  4.203480e+00  8.429461e+00  3.403015e+01  9.951391e+01  3.689445e+02  3.465309e+00  2.289634e+01  2.3354066874127448e+00
       560  1.3999999999999813e+00  1.2462483644493208e-01  4.6041860583060057e-01  7.129091e-01  4.225002e+00  8.580929e+00  3.457436e+01  1.020651e+02  3.791641e+02  3.508062e+00  2.361076e+01  2.3994629169636803e+00
       570  1.4249999999999807e+00  1.2461713455252334e-01  4.6387432612439544e-01  7.223002e-01  4.246024e+00  8.728925e+00  3.510949e+01  1.045811e+02  3.892990e+02  3.551027e+00  2.432903e+01  2.4665129906261996e+00
       580  1.4499999999999802e+00  1.2460937434083680e-01  4.6741631186473953e-01  7.313952e-01  4.266492e+00  8.873139e+00  3.563391e+01  1.070542e+02  3.993128e+02  3.594024e+00  2.504769e+01  2.5367122383722602e+00
       590  1.4749999999999797e+00  1.2460155436200272e-01  4.7104580616502029e-01  7.401830e-01  4.286354e+00  9.013262e+00  3.614600e+01  1.094765e+02  4.091677e+02  3.636872e+00  2.576315e+01  2.6102257679302525e+00
       600  1.4999999999999791e+00  1.2459367314729963e-01  4.7476407146665933e-01  7.486528e-01  4.305558e+00  9.148987e+00  3.664414e+01  1.118400e+02  4.188256e+02  3.679395e+00  2.647170e+01  2.6872291349821009e+00
       610  1.5249999999999786e+00  1.2458572920683385e-01  4.7857238957998710e-01  7.567939e-01  4.324055e+00  9.280011e+00  3.712673e+01  1.141370e+02  4.282479e+02  3.721419e+00  2.716958e+01  2.7679090602796634e+00
       620  1.5499999999999781e+00  1.2457772102920944e-01  4.8247206172123858e-01  7.645960e-01  4.341796e+00  9.406039e+00  3.759220e+01  1.163595e+02  4.373960e+02  3.762773e+00  2.785296e+01  2.8524641965138695e+00
       630  1.5749999999999775e+00  1.2456964708120813e-01  4.8646440854526951e-01  7.720491e-01  4.358736e+00  9.526783e+00  3.803902e+01  1.184998e+02  4.462317e+02  3.803295e+00  2.851805e+01  2.9411059478048034e+00
       640  1.5999999999999770e+00  1.2456150580746239e-01  4.9055077017390419e-01  7.791434e-01  4.374833e+00  9.641966e+00  3.846569e+01  1.205504e+02  4.547175e+02  3.842828e+00  2.916109e+01  3.0340593446678561e+00
       650  1.6249999999999765e+00  1.2455329563012882e-01  4.9473250621991016e-01  7.858694e-01  4.390046e+00  9.751324e+00  3.887082e+01  1.225040e+02  4.628169e+02  3.881225e+00  2.977843e+01  3.1315639772318926e+00
       660  1.6499999999999759e+00  1.2454501494856125e-01  4.9901099580670899e-01  7.922181e-01  4.404340e+00  9.854608e+00  3.925307e+01  1.243536e+02  4.704950e+02  3.918350e+00  3.036656e+01  3.2338749893167478e+00
       670  1.6749999999999754e+00  1.2453666213898569e-01  5.0338763758421234e-01  7.981808e-01  4.417682e+00  9.951582e+00  3.961118e+01  1.260928e+02  4.777187e+02  3.954077e+00  3.092216e+01  3.3412641356908668e+00
       680  1.6999999999999749e+00  1.2452823555417245e-01  5.0786384974123111e-01  8.037493e-01  4.430042e+00  1.004203e+01  3.994403e+01  1.277155e+02  4.844572e+02  3.988294e+00  3.144218e+01  3.4540209043915766e+00
       690  1.7249999999999743e+00  1.2451973352310644e-01  5.1244107001510142e-01  8.089158e-01  4.441398e+00  1.012576e+01  4.025058e+01  1.292162e+02  4.906823e+02  4.020905e+00  3.192384e+01  3.5724537053610637e+00
       700  1.7499999999999738e+00  1.2451115435066179e-01  5.1712075569925386e-01  8.136728e-01  4.451729e+00  1.020260e+01  4.052993e+01  1.305899e+02  4.963687e+02  4.051827e+00  3.236471e+01  3.6968911257902475e+00
       710  1.7749999999999733e+00  1.2450249631727404e-01  5.2190438364963132e-01  8.180135e-01  4.461020e+00  1.027238e+01  4.078131e+01  1.318324e+02  5.014943e+02  4.080997e+00  3.276278e+01  3.8276832514240624e+00
       720  1.7999999999999727e+00  1.2449375767861086e-01  5.2679345029087710e-01  8.219314e-01  4.469262e+00  1.033499e+01  4.100409e+01  1.329400e+02  5.060405e+02  4.108367e+00  3.311644e+01  3.9652030516278445e+00
       730  1.8249999999999722e+00  1.2448493666524288e-01  5.3178947162339685e-01  8.254205e-01  4.476450e+00  1.039031e+01  4.119780e+01  1.339099e+02  5.099924e+02  4.133912e+00  3.342458e+01  4.1098478242044445e+00
       740  1.8499999999999717e+00  1.2447603148231817e-01  5.3689398323230031e-01  8.284753e-01  4.482585e+00  1.043827e+01  4.136210e+01  1.347399e+02  5.133390e+02  4.157623e+00  3.368660e+01  4.2620406937664210e+00
       750  1.8749999999999711e+00  1.2446704030923034e-01  5.4210854029946498e-01  8.310909e-01  4.487673e+00  1.047880e+01  4.149683e+01  1.354288e+02  5.160734e+02  4.179515e+00  3.390241e+01  4.4222321548893007e+00
       760  1.8999999999999706e+00  1.2445796129929239e-01  5.4743471761986673e-01  8.332625e-01  4.491728e+00  1.051188e+01  4.160197e+01  1.359760e+02  5.181926e+02  4.199622e+00  3.407253e+01  4.5909016483166809e+00
       770  1.9249999999999701e+00  1.2444879257940367e-01  5.5287410962353389e-01  8.349862e-01  4.494766e+00  1.053751e+01  4.167769e+01  1.363816e+02  5.196978e+02  4.218000e+00  3.419802e+01  4.7685591551828175e+00
       780  1.9499999999999695e+00  1.2443953224972484e-01  5.5842833040449180e-01  8.362583e-01  4.496812e+00  1.055569e+01  4.172430e+01  1.366466e+02  5.205943e+02  4.234729e+00  3.428056e+01  4.9557467906276020e+00
       790  1.9749999999999690e+00  1.2443017838334319e-01  5.6409901375833926e-01  8.370756e-01  4.497896e+00  1.056647e+01  4.174227e+01  1.367729e+02  5.208913e+02  4.249909e+00  3.432241e+01  5.1530403743852391e+00
       800  1.9999999999999685e+00  1.2442072902594287e-01  5.6988781323043303e-01  8.374353e-01  4.498053e+00  1.056991e+01  4.173223e+01  1.367629e+02  5.206019e+02  4.263661e+00  3.432644e+01  5.3610509520518130e+00
       810  2.0249999999999679e+00  1.2441118219547458e-01  5.7579640217698347e-01  8.373350e-01  4.497325e+00  1.056609e+01  4.169496e+01  1.366196e+02  5.197428e+02  4.276130e+00  3.429609e+01  5.5804262369147430e+00
       820  2.0499999999999674e+00  1.2440153588181985e-01  5.8182647384217123e-01  8.367728e-01  4.495760e+00  1.055513e+01  4.163140e+01  1.363470e+02  5.183341e+02  4.287480e+00  3.423541e+01  5.8118519386227110e+00
       830  2.0749999999999669e+00  1.2439178804645901e-01  5.8797974145508081e-01  8.357468e-01  4.493411e+00  1.053712e+01  4.154261e+01  1.359493e+02  5.163993e+02  4.297897e+00  3.414901e+01  6.0560529417690905e+00
       840  2.0999999999999663e+00  1.2438193662213221e-01  5.9425793835147411e-01  8.342559e-01  4.490337e+00  1.051222e+01  4.142978e+01  1.354315e+02  5.139645e+02  4.307587e+00  3.404207e+01  6.3137942948366099e+00
       850  2.1249999999999658e+00  1.2437197951250309e-01  6.0066281812680167e-01  8.322990e-01  4.486603e+00  1.048057e+01  4.129425e+01  1.347988e+02  5.110586e+02  4.316773e+00  3.392035e+01  6.5858819681018028e+00
       860  2.1499999999999653e+00  1.2436191459181550e-01  6.0719615482858591e-01  8.298753e-01  4.482279e+00  1.044233e+01  4.113745e+01  1.340570e+02  5.077126e+02  4.325699e+00  3.379018e+01  6.8731633382028576e+00
       870  2.1749999999999647e+00  1.2435173970455110e-01  6.1385974319835090e-01  8.269843e-01  4.477440e+00  1.039765e+01  4.096094e+01  1.332121e+02  5.039595e+02  4.334628e+00  3.365845e+01  7.1765273573095669e+00
       880  2.1999999999999642e+00  1.2434145266507660e-01  6.2065539897585420e-01  8.236256e-01  4.472167e+00  1.034672e+01  4.076635e+01  1.322703e+02  4.998339e+02  4.343837e+00  3.353267e+01  7.4969043663450652e+00
       890  2.2249999999999637e+00  1.2433105125728977e-01  6.2758495928111113e-01  8.197993e-01  4.466546e+00  1.028969e+01  4.055542e+01  1.312380e+02  4.953716e+02  4.353623e+00  3.342098e+01  7.8352655146297767e+00
       900  2.2499999999999631e+00  1.2432053323426140e-01  6.3465028309294869e-01  8.155053e-01  4.460668e+00  1.022675e+01  4.032998e+01  1.301216e+02  4.906093e+02  4.364298e+00  3.333220e+01  8.1926217527449090e+00
       910  2.2749999999999626e+00  1.2430989631785899e-01  6.4185325184655240e-01  8.107437e-01  4.454629e+00  1.015805e+01  4.009193e+01  1.289275e+02  4.855846e+02  4.376192e+00  3.327590e+01  8.5700223714226862e+00
       920  2.2999999999999621e+00  1.2429913819836579e-01  6.4919577017624275e-01  8.055149e-01  4.448528e+00  1.008376e+01  3.984323e+01  1.276618e+02  4.803352e+02  4.389650e+00  3.326249e+01  8.9685530669007250e+00
       930  2.3249999999999615e+00  1.2428825653408805e-01  6.5667976683433926e-01  7.998192e-01  4.442472e+00  1.000401e+01  3.958591e+01  1.263306e+02  4.748993e+02  4.405034e+00  3.330329e+01  9.3893335224548338e+00
       940  2.3499999999999610e+00  1.2427724895094035e-01  6.6430719582140518e-01  7.936570e-01  4.436568e+00  9.918927e+00  3.932209e+01  1.249397e+02  4.693148e+02  4.422722e+00  3.341069e+01  9.8335145067322536e+00
       950  2.3749999999999605e+00  1.2426611304201236e-01  6.7208003776822345e-01  7.870289e-01  4.430932e+00  9.828631e+00  3.905391e+01  1.234944e+02  4.636198e+02  4.443109e+00  3.359829e+01  1.0302274502025924e+01
       960  2.3999999999999599e+00  1.2425484636711021e-01  6.8000030161535030e-01  7.799352e-01  4.425680e+00  9.733207e+00  3.878362e+01  1.219994e+02  4.578519e+02  4.466604e+00  3.388103e+01  1.0796815889709421e+01
       970  2.4249999999999594e+00  1.2424344645226912e-01  6.8807002664114325e-01  7.723766e-01  4.420935e+00  9.632716e+00  3.851349e+01  1.204590e+02  4.520489e+02  4.493637e+00  3.427540e+01  1.1318360735647408e+01
       980  2.4499999999999589e+00  1.2423191078922594e-01  6.9629128489546077e-01  7.643535e-01  4.416822e+00  9.527189e+00  3.824589e+01  1.188768e+02  4.462483e+02  4.524651e+00  3.479963e+01  1.1868146235432146e+01
       990  2.4749999999999583e+00  1.2422023683484586e-01  7.0466618410181958e-01  7.558666e-01  4.413472e+00  9.416626e+00  3.798327e+01  1.172554e+02  4.404876e+02  4.560107e+00  3.547394e+01  1.2447419897721854e+01
      1000  2.4999999999999578e+00  1.2420842201050605e-01  7.1319687109722807e-01  7.469164e-01  4.411017e+00  9.300989e+00  3.772815e+01  1.155969e+02  4.348048e+02  4.600481e+00  3.632069e+01  1.3057434563697219e+01
      1010  2.5249999999999573e+00  1.2419646370140738e-01  7.2188553588516191e-01  7.375035e-01  4.409594e+00  9.180201e+00  3.748319e+01  1.139019e+02  4.292386e+02  4.646264e+00  3.736468e+01  1.3699443381657773e+01
      1020  2.5499999999999567e+00  1.2418435925581188e-01  7.3073441638379466e-01  7.276285e-01  4.409344e+00  9.054141e+00  3.725112e+01  1.121702e+02  4.238287e+02  4.697960e+00  3.863333e+01  1.4374694877993651e+01
      1030  2.5749999999999562e+00  1.2417210598420868e-01  7.3974580395846057e-01  7.172922e-01  4.410409e+00  8.922641e+00  3.703485e+01  1.104001e+02  4.186168e+02  4.756087e+00  4.015691e+01  1.5084428289168301e+01
      1040  2.5999999999999557e+00  1.2415970115836356e-01  7.4892204983433941e-01  7.064951e-01  4.412936e+00  8.785486e+00  3.683743e+01  1.085888e+02  4.136470e+02  4.821168e+00  4.196870e+01  1.5829869343913920e+01
      1050  2.6249999999999551e+00  1.2414714201026715e-01  7.5826557249277227e-01  6.952382e-01  4.417075e+00  8.642407e+00  3.666212e+01  1.067316e+02  4.089669e+02  4.893734e+00  4.410511e+01  1.6612226710603675e+01
      1060  2.6499999999999546e+00  1.2413442573094076e-01  7.6777886616234015e-01  6.835224e-01  4.422975e+00  8.493082e+00  3.651235e+01  1.048222e+02  4.046289e+02  4.974315e+00  4.660573e+01  1.7432689351794085e+01
      1070  2.6749999999999541e+00  1.2412154946910171e-01  7.7746451052414600e-01  6.713487e-01  4.430792e+00  8.337134e+00  3.639186e+01  1.028522e+02  4.006911e+02  5.063436e+00  4.951327e+01  1.8292425056360539e+01
      1080  2.6999999999999535e+00  1.2410851032964663e-01  7.8732518175941180e-01  6.587185e-01  4.440681e+00  8.174131e+00  3.630461e+01  1.008113e+02  3.972193e+02  5.161609e+00  5.287339e+01  1.9192580449715791e+01
      1090  2.7249999999999530e+00  1.2409530537194217e-01  7.9736366507704548e-01  6.456333e-01  4.452797e+00  8.003582e+00  3.625491e+01  9.868671e+01  3.942886e+02  5.269326e+00  5.673429e+01  2.0134282814645488e+01
      1100  2.7499999999999525e+00  1.2408193160790089e-01  8.0758286886927910e-01  6.320948e-01  4.467300e+00  7.824942e+00  3.624741e+01  9.646295e+01  3.919854e+02  5.387047e+00  6.114616e+01  2.1118644089839243e+01
      1110  2.7749999999999519e+00  1.2406838599978631e-01  8.1798584065473534e-01  6.181053e-01  4.484346e+00  7.637613e+00  3.628716e+01  9.412179e+01  3.904101e+02  5.515191e+00  6.616034e+01  2.2146767450925275e+01
      1120  2.7999999999999514e+00  1.2405466545776764e-01  8.2857578498095208e-01  6.036674e-01  4.504095e+00  7.440946e+00  3.637961e+01  9.164190e+01  3.896795e+02  5.654122e+00  7.182821e+01  2.3219756920664977e+01
      1130  2.8249999999999509e+00  1.2404076683712847e-01  8.3935608347230095e-01  5.887841e-01  4.526703e+00  7.234248e+00  3.653069e+01  8.899861e+01  3.899298e+02  5.804138e+00  7.819982e+01  2.4338730502058560e+01
      1140  2.8499999999999504e+00  1.2402668693514229e-01  8.5033031722482155e-01  5.734591e-01  4.552325e+00  7.016787e+00  3.674679e+01  8.616371e+01  3.913199e+02  5.965456e+00  8.532209e+01  2.5504837381707446e+01
      1150  2.8749999999999498e+00  1.2401242248753969e-01  8.6150229176705129e-01  5.576969e-01  4.581115e+00  6.787802e+00  3.703482e+01  8.310524e+01  3.940347e+02  6.138200e+00  9.323689e+01  2.6719279811961954e+01
      1160  2.8999999999999493e+00  1.2399797016455159e-01  8.7287606482590618e-01  5.415025e-01  4.613222e+00  6.546515e+00  3.740219e+01  7.978738e+01  3.982886e+02  6.322395e+00  1.019790e+02  2.7983340349538746e+01
      1170  2.9249999999999488e+00  1.2398332656645343e-01  8.8445597715929425e-01  5.248821e-01  4.648793e+00  6.292142e+00  3.785684e+01  7.617042e+01  4.043291e+02  6.517961e+00  1.115740e+02  2.9298415204217434e+01
      1180  2.9499999999999482e+00  1.2396848821856968e-01  8.9624668674279584e-01  5.078429e-01  4.687968e+00  6.023912e+00  3.840720e+01  7.221078e+01  4.124399e+02  6.724714e+00  1.220370e+02  3.0666054530273776e+01
      1190  2.9749999999999477e+00  1.2395345156568441e-01  9.0825320662364395e-01  4.903931e-01  4.730883e+00  5.741085e+00  3.906216e+01  6.786126e+01  4.229441e+02  6.942380e+00  1.333711e+02  3.2088010568893147e+01
      1200  2.9999999999999472e+00  1.2393821296578061e-01  9.2048094677839487e-01  4.725426e-01  4.777664e+00  5.442978e+00  3.983102e+01  6.307153e+01  4.362060e+02  7.170611e+00  1.455658e+02  3.3566294613288200e+01
      1210  3.0249999999999466e+00  1.2392276868305210e-01  9.3293576032294467e-01  4.543027e-01  4.828432e+00  5.128987e+00  4.072341e+01  5.778877e+01  4.526319e+02  7.409020e+00  1.585957e+02  3.5103243811323573e+01
      1220  3.0499999999999461e+00  1.2390711488010636e-01  9.4562399441646416e-01  4.356864e-01  4.883297e+00  4.798620e+00  4.174915e+01  5.195871e+01  4.726695e+02  7.657216e+00  1.724209e+02  3.6701598838992155e+01
      1230  3.0749999999999456e+00  1.2389124760927323e-01  9.5855254616744823e-01  4.167090e-01  4.942359e+00  4.451531e+00  4.291813e+01  4.552709e+01  4.968041e+02  7.914864e+00  1.869914e+02  3.8364593475496818e+01
      1240  3.0999999999999450e+00  1.2387516280293943e-01  9.7172892379068365e-01  3.973877e-01  5.005707e+00  4.087552e+00  4.424016e+01  3.844140e+01  5.255536e+02  8.181758e+00  2.022561e+02  4.0096057099397818e+01
      1250  3.1249999999999445e+00  1.2385885626283143e-01  9.8516131319164568e-01  3.777423e-01  5.073418e+00  3.706735e+00  4.572471e+01  3.065305e+01  5.594604e+02  8.457916e+00  2.181740e+02  4.1900531125634458e+01
      1260  3.1499999999999440e+00  1.2384232364812295e-01  9.9885865009586927e-01  3.577954e-01  5.145555e+00  3.309386e+00  4.738076e+01  2.211994e+01  5.990823e+02  8.743694e+00  2.347233e+02  4.3783400442000953e+01
      1270  3.1749999999999434e+00  1.2382556046230668e-01  1.0128306978278439e+00  3.375726e-01  5.222168e+00  2.896110e+00  4.921653e+01  1.280936e+01  6.449800e+02  9.039905e+00  2.519029e+02  4.5751041014727186e+01
      1280  3.1999999999999429e+00  1.2380856203872423e-01  1.0270881309017699e+00  3.171024e-01  5.303292e+00  2.467852e+00  5.123922e+01  2.701638e+00  6.976997e+02  9.347930e+00  2.697242e+02  4.7810985059519226e+01
      1290  3.2249999999999424e+00  1.2379132352464683e-01  1.0416426247120745e+00  2.964169e-01  5.388946e+00  2.025938e+00  5.345470e+01 -8.205319e+00  7.577465e+02  9.669835e+00  2.881971e+02  4.9972105565323929e+01
      1300  3.2499999999999418e+00  1.2377383986381188e-01  1.0565069517636299e+00  2.755518e-01  5.479134e+00  1.572117e+00  5.586711e+01 -1.989032e+01  8.255438e+02  1.000850e+01  3.073283e+02  5.2244822542820529e+01
      1310  3.2749999999999413e+00  1.2375610577729751e-01  1.0716950849749278e+00  2.545461e-01  5.573843e+00  1.108600e+00  5.847851e+01 -3.230239e+01  9.013819e+02  1.036783e+01  3.271533e+02  5.4641334107302612e+01
      1320  3.2999999999999408e+00  1.2373811574261971e-01  1.0872223085135393e+00  2.334424e-01  5.673047e+00  6.380689e-01  6.128859e+01 -4.535448e+01  9.853641e+02  1.075305e+01  3.478228e+02  5.7175876219333254e+01
      1330  3.3249999999999402e+00  1.2371986397091379e-01  1.1031053362701835e+00  2.122861e-01  5.776705e+00  1.636681e-01  6.429453e+01 -5.891896e+01  1.077366e+03  1.117123e+01  3.697454e+02  5.9865015244468985e+01
      1340  3.3499999999999397e+00  1.2370134438208522e-01  1.1193624373646802e+00  1.911250e-01  5.884770e+00 -3.110528e-01  6.749124e+01 -7.282665e+01  1.177024e+03  1.163173e+01  3.937596e+02  6.2727976965084963e+01
      1350  3.3749999999999392e+00  1.2368255057781853e-01  1.1360135669694711e+00  1.700080e-01  5.997192e+00 -7.822403e-01  7.087194e+01 -8.687063e+01  1.283772e+03  1.214677e+01  4.212848e+02  6.5787013788111352e+01
      1360  3.3999999999999386e+00  1.2366347581239065e-01  1.1530804992661290e+00  1.489835e-01  6.113924e+00 -1.245884e+00  7.442909e+01 -1.008149e+02  1.396914e+03  1.273154e+01  4.543996e+02  6.9067808337385074e+01
      1370  3.4249999999999381e+00  1.2364411296128333e-01  1.1705869576182444e+00  1.280985e-01  6.234932e+00 -1.698000e+00  7.815554e+01 -1.144064e+02  1.515726e+03  1.340402e+01  4.958324e+02  7.2599906445055424e+01
      1380  3.4499999999999376e+00  1.2362445448769444e-01  1.1885587352336766e+00  1.073963e-01  6.360194e+00 -2.134831e+00  8.204555e+01 -1.273882e+02  1.639552e+03  1.418415e+01  5.488967e+02  7.6417166194815536e+01
      1390  3.4749999999999370e+00  1.2360449240717654e-01  1.2070237979486875e+00  8.691507e-02  6.489706e+00 -2.553051e+00  8.609563e+01 -1.395122e+02  1.767874e+03  1.509255e+01  6.174308e+02  8.0558202811816557e+01
      1400  3.4999999999999365e+00  1.2358421825078519e-01  1.2260123595799697e+00  6.668636e-02  6.623477e+00 -2.949967e+00  9.030498e+01 -1.505503e+02  1.900354e+03  1.614883e+01  7.057701e+02  8.5066802577998743e+01
      1410  3.5249999999999360e+00  1.2356362302727078e-01  1.2455569198043115e+00  4.673378e-02  6.761525e+00 -3.323694e+00  9.467544e+01 -1.603047e+02  2.036843e+03  1.737001e+01  8.187283e+02  8.9992273199083300e+01
      1420  3.5499999999999354e+00  1.2354269718502943e-01  1.2656922548668530e+00  2.707188e-02  6.903865e+00 -3.673334e+00  9.921121e+01 -1.686189e+02  2.177377e+03  1.876913e+01  9.615469e+02  9.5389693658841736e+01
      1430  3.5749999999999349e+00  1.2352143057465566e-01  1.2864553525613887e+00  7.705409e-03  7.050503e+00 -3.999125e+00  1.039182e+02 -1.753889e+02  2.322157e+03  2.035443e+01  1.139813e+03  1.0132002408451720e+02
      1440  3.5999999999999344e+00  1.2349981241311075e-01  1.3078852847257343e+00 -1.137127e-02  7.201419e+00 -4.302595e+00  1.088032e+02 -1.805761e+02  2.471523e+03  2.212922e+01  1.359387e+03  1.0785003621947273e+02
      1450  3.6249999999999338e+00  1.2347783125056608e-01  1.3300230128204849e+00 -3.017448e-02  7.356563e+00 -4.586691e+00  1.138736e+02 -1.842230e+02  2.625940e+03  2.409255e+01  1.626390e+03  1.1505202869490125e+02
      1460  3.6499999999999333e+00  1.2345547494106050e-01  1.3529111250199231e+00 -4.873113e-02  7.515851e+00 -4.855907e+00  1.191364e+02 -1.864702e+02  2.785992e+03  2.624060e+01  1.947280e+03  1.2300329942641234e+02
      1470  3.6749999999999328e+00  1.2343273061811315e-01  1.3765935068156323e+00 -6.707813e-02  7.679163e+00 -5.116362e+00  1.245992e+02 -1.875739e+02  2.952404e+03  2.856861e+01  2.329054e+03  1.3178536085416965e+02
      1480  3.6999999999999322e+00  1.2340958467632719e-01  1.4011149515907437e+00 -8.526093e-02  7.846358e+00 -5.375833e+00  1.302697e+02 -1.879222e+02  3.126067e+03  3.107295e+01  2.779581e+03  1.4148290227545817e+02
      1490  3.7249999999999317e+00  1.2338602275992946e-01  1.4265207227938737e+00 -1.033311e-01  8.017285e+00 -5.643671e+00  1.361573e+02 -1.880447e+02  3.308088e+03  3.375287e+01  3.308056e+03  1.5218252557044494e+02
      1500  3.7499999999999312e+00  1.2336202975888727e-01  1.4528560844054113e+00 -1.213424e-01  8.191802e+00 -5.930611e+00  1.422741e+02 -1.886165e+02  3.499870e+03  3.661130e+01  3.925446e+03  1.6397130261078991e+02
      1510  3.7749999999999306e+00  1.2333758981298279e-01  1.4801658198764698e+00 -1.393456e-01  8.369799e+00 -6.248406e+00  1.486366e+02 -1.904523e+02  3.703215e+03  3.965423e+01  4.644693e+03  1.7693521932086674e+02
      1520  3.7999999999999301e+00  1.2331268632386204e-01  1.5084937600961816e+00 -1.573812e-01  8.551208e+00 -6.609268e+00  1.552664e+02 -1.944852e+02  3.920436e+03  4.288798e+01  5.480212e+03  1.9115757759061671e+02
      1530  3.8249999999999296e+00  1.2328730197474269e-01  1.5378823376086279e+00 -1.754708e-01  8.736004e+00 -7.025008e+00  1.621904e+02 -2.017243e+02  4.154399e+03  4.631407e+01  6.446009e+03  2.0671742014571947e+02
      1540  3.8499999999999290e+00  1.2326141875723706e-01  1.5683721784935611e+00 -1.936058e-01  8.924183e+00 -7.505785e+00  1.694380e+02 -2.131805e+02  4.408411e+03  4.992189e+01  7.551693e+03  2.2368802935691718e+02
      1550  3.8749999999999285e+00  1.2323501800460006e-01  1.6000017379155276e+00 -2.117344e-01  9.115696e+00 -8.058360e+00  1.770340e+02 -2.297504e+02  4.685843e+03  5.368054e+01  8.796174e+03  2.4213553873152316e+02
      1560  3.8999999999999280e+00  1.2320808043062441e-01  1.6328069829252463e+00 -2.297465e-01  9.310348e+00 -8.683909e+00  1.849883e+02 -2.520577e+02  4.989408e+03  5.753248e+01  1.016025e+04  2.6211769448074449e+02
      1570  3.9249999999999274e+00  1.2318058617334242e-01  1.6668211258015551e+00 -2.474585e-01  9.507659e+00 -9.375793e+00  1.932846e+02 -2.802781e+02  5.320259e+03  6.139298e+01  1.160149e+04  2.8368281116009763e+02
      1580  3.9499999999999269e+00  1.2315251484266321e-01  1.7020744064833546e+00 -2.645979e-01  9.706716e+00 -1.011813e+01  2.018750e+02 -3.140178e+02  5.677399e+03  6.515814e+01  1.305632e+04  3.0686895713910781e+02
      1590  3.9749999999999264e+00  1.2312384557122186e-01  1.7385939029602255e+00 -2.807938e-01  9.906054e+00 -1.088615e+01  2.106864e+02 -3.523296e+02  6.058057e+03  6.872031e+01  1.445257e+04  3.3170334624606261e+02
      1600  3.9999999999999258e+00  1.2309455706839070e-01  1.7764033072768286e+00 -2.955751e-01  1.010362e+01 -1.164827e+01  2.196323e+02 -3.938604e+02  6.458897e+03  7.198361e+01  1.572891e+04  3.5820177899832868e+02
      1610  4.0249999999999293e+00  1.2306462767886941e-01  1.8155225513537399e+00 -3.083837e-01  1.029679e+01 -1.236802e+01  2.286060e+02 -4.369237e+02  6.876086e+03  7.486778e+01  1.684906e+04  3.8636780379928518e+02
      1620  4.0499999999999332e+00  1.2303403544957470e-01  1.8559671350666642e+00 -3.186081e-01  1.048247e+01 -1.300285e+01  2.374304e+02 -4.791741e+02  7.301249e+03  7.729439e+01  1.779667e+04  4.1619117495376827e+02
      1630  4.0749999999999371e+00  1.2300275821081437e-01  1.8977470519397963e+00 -3.256410e-01  1.065721e+01 -1.350026e+01  2.457886e+02 -5.169291e+02  7.713778e+03  7.916512e+01  1.855051e+04  4.4764535572474881e+02
      1640  4.0999999999999410e+00  1.2297077367834075e-01  1.9408653690747892e+00 -3.289603e-01  1.081753e+01 -1.379824e+01  2.532274e+02 -5.449704e+02  8.077783e+03  8.035648e+01  1.906034e+04  4.8068439871379360e+02
      1650  4.1249999999999449e+00  1.2293805957988216e-01  1.9853167847738655e+00 -3.282245e-01  1.096071e+01 -1.383900e+01  2.593195e+02 -5.578672e+02  8.354155e+03  8.074996e+01  1.925105e+04  5.1524046610584378e+02
      1660  4.1499999999999488e+00  1.2290459380208424e-01  2.0310867490980327e+00 -3.233584e-01  1.108595e+01 -1.359410e+01  2.639184e+02 -5.525492e+02  8.524718e+03  8.028565e+01  1.905917e+04  5.5122408791003602e+02
      1670  4.1749999999999527e+00  1.2287035454310952e-01  2.0781517889851640e+00 -3.145964e-01  1.119552e+01 -1.308354e+01  2.673068e+02 -5.301653e+02  8.608189e+03  7.899992e+01  1.847390e+04  5.8852921698644536e+02
      1680  4.1999999999999567e+00  1.2283532044766476e-01  2.1264813396510678e+00 -3.024422e-01  1.129474e+01 -1.237031e+01  2.701053e+02 -4.955999e+02  8.652872e+03  7.701808e+01  1.754946e+04  6.2704352479716601e+02
      1690  4.2249999999999606e+00  1.2279947070185249e-01  2.1760406476303569e+00 -2.875235e-01  1.139046e+01 -1.153017e+01  2.730073e+02 -4.549081e+02  8.713126e+03  7.451162e+01  1.638362e+04  6.6666135348696446e+02
      1700  4.2499999999999645e+00  1.2276278507941309e-01  2.2267935176244125e+00 -2.703608e-01  1.148862e+01 -1.061461e+01  2.764960e+02 -4.119662e+02  8.823741e+03  7.165163e+01  1.508269e+04  7.0729395470061900e+02
      1710  4.2749999999999684e+00  1.2272524395473997e-01  2.2787034201542520e+00 -2.511376e-01  1.159215e+01 -9.628052e+00  2.807164e+02 -3.663594e+02  8.986959e+03  6.857918e+01  1.373476e+04  7.4887176740180962e+02
      1720  4.2999999999999723e+00  1.2268682831821291e-01  2.3317321849378443e+00 -2.295985e-01  1.170073e+01 -8.529979e+00  2.856066e+02 -3.146067e+02  9.190325e+03  6.539800e+01  1.240080e+04  7.9133803330697083e+02
      1730  4.3249999999999762e+00  1.2264751983079700e-01  2.3858369144809917e+00 -2.051746e-01  1.181245e+01 -7.256724e+00  2.911200e+02 -2.530601e+02  9.437269e+03  6.219298e+01  1.112450e+04  8.3463981577280356e+02
      1740  4.3499999999999801e+00  1.2260730093325592e-01  2.4409668818700494e+00 -1.773204e-01  1.192663e+01 -5.754595e+00  2.973126e+02 -1.788750e+02  9.745912e+03  5.906601e+01  9.950517e+03  8.7872563143244179e+02
      1750  4.3749999999999840e+00  1.2256615499456723e-01  2.4970620965916721e+00 -1.458946e-01  1.204576e+01 -4.014015e+00  3.044074e+02 -9.030406e+01  1.013593e+04  5.615215e+01  8.928019e+03  9.2355366611784211e+02
      1760  4.3999999999999879e+00  1.2252406646504579e-01  2.5540540518249353e+00 -1.113649e-01  1.217456e+01 -2.077321e+00  3.128733e+02  1.225516e+01  1.064169e+04  5.358552e+01  8.091182e+03  9.6910358795910554e+02
      1770  4.4249999999999918e+00  1.2248102100135416e-01  2.6118680940530257e+00 -7.470941e-02  1.231682e+01 -8.775543e-03  3.232398e+02  1.269462e+02  1.131396e+04  5.145129e+01  7.446025e+03  1.0153787476328498e+03
      1780  4.4499999999999957e+00  1.2243700554176798e-01  2.6704267912001942e+00 -3.708157e-02  1.247244e+01  2.131216e+00  3.356604e+02  2.510978e+02  1.217999e+04  4.977804e+01  6.983337e+03  1.0623927073550012e+03
      1790  4.4749999999999996e+00  1.2239200831747113e-01  2.7296539951030931e+00  5.582155e-04  1.263642e+01  4.277303e+00  3.495867e+02  3.789566e+02  1.319905e+04  4.854559e+01  6.687762e+03  1.1101497297576364e+03
      1800  4.5000000000000036e+00  1.2234601879554896e-01  2.7894786484822434e+00  3.765090e-02  1.279964e+01  6.356387e+00  3.638573e+02  5.018626e+02  1.426663e+04  4.766710e+01  6.524380e+03  1.1586363782973049e+03
      1810  4.5250000000000075e+00  1.2229902757762061e-01  2.8498360916448680e+00  7.400612e-02  1.295207e+01  8.327237e+00  3.772847e+02  6.150754e+02  1.528266e+04  4.699560e+01  6.436532e+03  1.2078304449669035e+03
      1820  4.5500000000000114e+00  1.2225102631393746e-01  2.9106651618995794e+00  1.095605e-01  1.308806e+01  1.021888e+01  3.893485e+02  7.238734e+02  1.622075e+04  4.639716e+01  6.372764e+03  1.2577152615330228e+03
      1830  4.5750000000000153e+00  1.2220200769059933e-01  2.9719029636915484e+00  1.440430e-01  1.321020e+01  1.210720e+01  4.004240e+02  8.401464e+02  1.713105e+04  4.581892e+01  6.309448e+03  1.3082835564469938e+03
      1840  4.6000000000000192e+00  1.2215196548280326e-01  3.0334824697680531e+00  1.767398e-01  1.332854e+01  1.404538e+01  4.115052e+02  9.729143e+02  1.810277e+04  4.528175e+01  6.247744e+03  1.3595288653442433e+03
      1850  4.6250000000000231e+00  1.2210089459111373e-01  3.0953364938453705e+00  2.065654e-01  1.345548e+01  1.601824e+01  4.237869e+02  1.123277e+03  1.923585e+04  4.482908e+01  6.201222e+03  1.4114351455385820e+03
      1860  4.6500000000000270e+00  1.2204879096817303e-01  3.1574062425412031e+00  2.324828e-01  1.360018e+01  1.795973e+01  4.383517e+02  1.287328e+03  2.062655e+04  4.449456e+01  6.188418e+03  1.4639752463392458e+03
      1870  4.6750000000000309e+00  1.2199565140679330e-01  3.2196492799707004e+00  2.540365e-01  1.376519e+01  1.981329e+01  4.559319e+02  1.461991e+03  2.235483e+04  4.429870e+01  6.228435e+03  1.5171241804186579e+03
      1880  4.7000000000000348e+00  1.2194147324038278e-01  3.2820423283305580e+00  2.716430e-01  1.394635e+01  2.158305e+01  4.766678e+02  1.648529e+03  2.446805e+04  4.425158e+01  6.336551e+03  1.5708874150366826e+03
      1890  4.7250000000000387e+00  1.2188625405782312e-01  3.3445770528847030e+00  2.864576e-01  1.413513e+01  2.334410e+01  5.000284e+02  1.853481e+03  2.696687e+04  4.435761e+01  6.519594e+03  1.6253344734906516e+03
      1900  4.7500000000000426e+00  1.2182999154040583e-01  3.4072496296128651e+00  2.999016e-01  1.432213e+01  2.521064e+01  5.251539e+02  2.086893e+03  2.982279e+04  4.462484e+01  6.773383e+03  1.6806158460394058e+03
      1910  4.7750000000000465e+00  1.2177268351004766e-01  3.4700454507261171e+00  3.131133e-01  1.449974e+01  2.727264e+01  5.513575e+02  2.356831e+03  3.302513e+04  4.505863e+01  7.082971e+03  1.7369342694904178e+03
      1920  4.8000000000000504e+00  1.2171432824885481e-01  3.5329225507189781e+00  3.266510e-01  1.466348e+01  2.953969e+01  5.783525e+02  2.664031e+03  3.660751e+04  4.564403e+01  7.425244e+03  1.7944672821429931e+03
      1930  4.8250000000000544e+00  1.2165492503929577e-01  3.5958034774315233e+00  3.405411e-01  1.481308e+01  3.193842e+01  6.063098e+02  3.002138e+03  4.064583e+04  4.635325e+01  7.777411e+03  1.8532943006408618e+03
      1940  4.8500000000000583e+00  1.2159447470682330e-01  3.6585832581614550e+00  3.544510e-01  1.495358e+01  3.436567e+01  6.359231e+02  3.364268e+03  4.525916e+04  4.717667e+01  8.130953e+03  1.9133879722807246e+03
      1950  4.8750000000000622e+00  1.2153297992391526e-01  3.7211483666682268e+00  3.678477e-01  1.509427e+01  3.676227e+01  6.682641e+02  3.752539e+03  5.060332e+04  4.813523e+01  8.499468e+03  1.9746674819723296e+03
      1960  4.9000000000000661e+00  1.2147044518694766e-01  3.7833955390213729e+00  3.801775e-01  1.524462e+01  3.914981e+01  7.042899e+02  4.181516e+03  5.683516e+04  4.925752e+01  8.909947e+03  2.0370689999322499e+03
      1970  4.9250000000000700e+00  1.2140687653985398e-01  3.8452421361941425e+00  3.910237e-01  1.540812e+01  4.158274e+01  7.442343e+02  4.667030e+03  6.405839e+04  5.053508e+01  9.382133e+03  2.1005849624441125e+03
      1980  4.9500000000000739e+00  1.2134228122835566e-01  3.9066238160433899e+00  4.001791e-01  1.557860e+01  4.407113e+01  7.872687e+02  5.208915e+03  7.224903e+04  5.189061e+01  9.912232e+03  2.1652394423797627e+03
      1990  4.9750000000000778e+00  1.2127666747679022e-01  3.9674841774567016e+00  4.075949e-01  1.574311e+01  4.654892e+01  8.316368e+02  5.784950e+03  8.118730e+04  5.320114e+01  1.047475e+04  2.2310228694500242e+03
      2000  5.0000000000000817e+00  1.2121004442125277e-01  4.0277692553923599e+00  4.131579e-01  1.589087e+01  4.890101e+01  8.755059e+02  6.362803e+03  9.052448e+04  5.437449e+01  1.104347e+04  2.2978578595989566e+03
      2010  5.0250000000000856e+00  1.2114242202720141e-01  4.0874358309565144e+00  4.164490e-01  1.602153e+01  5.102088e+01  9.182988e+02  6.918852e+03  1.000234e+05  5.542761e+01  1.161490e+04  2.3656437317877817e+03
      2020  5.0500000000000895e+00  1.2107381077045246e-01  4.1464691801050551e+00  4.167524e-01  1.614374e+01  5.282318e+01  9.607907e+02  7.443851e+03  1.096842e+05  5.646990e+01  1.220579e+04  2.4343536910319517e+03
      2030  5.0750000000000934e+00  1.2100422104639591e-01  4.2048942137759342e+00  4.133740e-01  1.626331e+01  5.419093e+01  1.003030e+03  7.925203e+03  1.194311e+05  5.756310e+01  1.281188e+04  2.5040957527105134e+03
      2040  5.1000000000000973e+00  1.2093366255096866e-01  4.2627666544162306e+00  4.060628e-01  1.637106e+01  5.493463e+01  1.041802e+03  8.319101e+03  1.285364e+05  5.857839e+01  1.335843e+04  2.5750642164533974e+03
      2050  5.1250000000001013e+00  1.2086214397260912e-01  4.3201467486163239e+00  3.952792e-01  1.644222e+01  5.484947e+01  1.070658e+03  8.550173e+03  1.355127e+05  5.920127e+01  1.370076e+04  2.6473976305003807e+03
      2060  5.1500000000001052e+00  1.2078967318140887e-01  4.3770683454666468e+00  3.821806e-01  1.644952e+01  5.387063e+01  1.083344e+03  8.556541e+03  1.388491e+05  5.911168e+01  1.369574e+04  2.7210164088576275e+03
      2070  5.1750000000001091e+00  1.2071625788310705e-01  4.4335156318160616e+00  3.683325e-01  1.637900e+01  5.217611e+01  1.077502e+03  8.336014e+03  1.378933e+05  5.818242e+01  1.328917e+04  2.7955083862750962e+03
      2080  5.2000000000001130e+00  1.2064190652782833e-01  4.4894170064490746e+00  3.552397e-01  1.623533e+01  5.011256e+01  1.055348e+03  7.947162e+03  1.330767e+05  5.652156e+01  1.254442e+04  2.8701098161705527e+03
      2090  5.2250000000001169e+00  1.2056662914710507e-01  4.5446599107582282e+00  3.439622e-01  1.603619e+01  4.799657e+01  1.021331e+03  7.468491e+03  1.254669e+05  5.436442e+01  1.159231e+04  2.9437902799361223e+03
      2100  5.2500000000001208e+00  1.2049043780553426e-01  4.5991209458643008e+00  3.350755e-01  1.580228e+01  4.592666e+01  9.785071e+02  6.940357e+03  1.159265e+05  5.192123e+01  1.054304e+04  3.0154021525811277e+03
      2110  5.2750000000001247e+00  1.2041334650469286e-01  4.6526996899125388e+00  3.289303e-01  1.555062e+01  4.380602e+01  9.276581e+02  6.351971e+03  1.047524e+05  4.929700e+01  9.444167e+03  3.0838390618926123e+03
      2120  5.3000000000001286e+00  1.2033537055761252e-01  4.7053466137733828e+00  3.259518e-01  1.529690e+01  4.163319e+01  8.715642e+02  5.716133e+03  9.262020e+04  4.655579e+01  8.328956e+03  3.1481634614372479e+03
      2130  5.3250000000001325e+00  1.2025652556214791e-01  4.7570816648138443e+00  3.267405e-01  1.505999e+01  3.965380e+01  8.173089e+02  5.117808e+03  8.121737e+04  4.381262e+01  7.267150e+03  3.2076944808113876e+03
      2140  5.3500000000001364e+00  1.2017682612856306e-01  4.8080046638983642e+00  3.318643e-01  1.485899e+01  3.813987e+01  7.717833e+02  4.639808e+03  7.197020e+04  4.123221e+01  6.333979e+03  3.2620771717128173e+03
      2150  5.3750000000001403e+00  1.2009628449912578e-01  4.8582987132177049e+00  3.414825e-01  1.470849e+01  3.726959e+01  7.391962e+02  4.319495e+03  6.540205e+04  3.900651e+01  5.573865e+03  3.3113404997474895e+03
      2160  5.4000000000001442e+00  1.2001490919518984e-01  4.9082240228715346e+00  3.552054e-01  1.461452e+01  3.719346e+01  7.231255e+02  4.209192e+03  6.243676e+04  3.731313e+01  5.017421e+03  3.3558902537237213e+03
      2170  5.4250000000001481e+00  1.1993270387026811e-01  4.9580991282311171e+00  3.724688e-01  1.456889e+01  3.786874e+01  7.229960e+02  4.328818e+03  6.366430e+04  3.619935e+01  4.681098e+03  3.3963824487201327e+03
      2180  5.4500000000001521e+00  1.1984966652907691e-01  5.0082771592668038e+00  3.931297e-01  1.454890e+01  3.896550e+01  7.293909e+02  4.544310e+03  6.669483e+04  3.545237e+01  4.510251e+03  3.4335533446272839e+03
      2190  5.4750000000001560e+00  1.1976578905227320e-01  5.0591365257481460e+00  4.175965e-01  1.453686e+01  4.028134e+01  7.333944e+02  4.699489e+03  6.819464e+04  3.473641e+01  4.371019e+03  3.4681953623510099e+03
      2200  5.5000000000001599e+00  1.1968105668376011e-01  5.1110962002652922e+00  4.461860e-01  1.455130e+01  4.208324e+01  7.404469e+02  4.867927e+03  6.924694e+04  3.406029e+01  4.215757e+03  3.5013717561932644e+03
      2210  5.5250000000001638e+00  1.1959544717141601e-01  5.1646374498297316e+00  4.781698e-01  1.461893e+01  4.433335e+01  7.561192e+02  5.128395e+03  7.210942e+04  3.353658e+01  4.068050e+03  3.5347160017019728e+03
      2220  5.5500000000001677e+00  1.1950892972382694e-01  5.2202961891866329e+00  5.112797e-01  1.472347e+01  4.626524e+01  7.691122e+02  5.275340e+03  7.392890e+04  3.299917e+01  3.876862e+03  3.5705108953960694e+03
      2230  5.5750000000001716e+00  1.1942146452528338e-01  5.2785995402861143e+00  5.420388e-01  1.484094e+01  4.768949e+01  7.748962e+02  5.230275e+03  7.283480e+04  3.262648e+01  3.743208e+03  3.6113345805720851e+03
      2240  5.6000000000001755e+00  1.1933300376156039e-01  5.3399570601010549e+00  5.667037e-01  1.496039e+01  4.904769e+01  7.826620e+02  5.202584e+03  7.191019e+04  3.292202e+01  3.950102e+03  3.6593796294888293e+03
      2250  5.6250000000001794e+00  1.1924349436505784e-01  5.4045857038476823e+00  5.824045e-01  1.505147e+01  5.038716e+01  7.967744e+02  5.351343e+03  7.407606e+04  3.404712e+01  4.633212e+03  3.7159790525123899e+03
      2260  5.6500000000001833e+00  1.1915288101998603e-01  5.4725576953222053e+00  5.881428e-01  1.500635e+01  5.085350e+01  7.984089e+02  5.483068e+03  7.612516e+04  3.482977e+01  5.188554e+03  3.7818467174610641e+03
      2270  5.6750000000001872e+00  1.1906110774879718e-01  5.5438832347836593e+00  5.848847e-01  1.471853e+01  4.916820e+01  7.576811e+02  5.161532e+03  7.059299e+04  3.357038e+01  4.661377e+03  3.8574992909116227e+03
      2280  5.7000000000001911e+00  1.1896811934204211e-01  5.6184250741748762e+00  5.744639e-01  1.431031e+01  4.609482e+01  6.950331e+02  4.539286e+03  6.034301e+04  3.104373e+01  3.571472e+03  3.9427770717101193e+03
      2290  5.7250000000001950e+00  1.1887386534678882e-01  5.6957304570238634e+00  5.592880e-01  1.398677e+01  4.368030e+01  6.541201e+02  4.184455e+03  5.468144e+04  2.926060e+01  2.962199e+03  4.0360261511613321e+03
      2300  5.7500000000001990e+00  1.1877830525653454e-01  5.7751001467214849e+00  5.436508e-01  1.375317e+01  4.186078e+01  6.303950e+02  4.039755e+03  5.266697e+04  2.805674e+01  2.661961e+03  4.1345563265193596e+03
      2310  5.7750000000002029e+00  1.1868141023892537e-01  5.8558963028389712e+00  5.334925e-01  1.355850e+01  3.978878e+01  6.017825e+02  3.754329e+03  4.855910e+04  2.649823e+01  2.310287e+03  4.2360370052178350e+03
      2320  5.8000000000002068e+00  1.1858315986461551e-01  5.9377794769081227e+00  5.331698e-01  1.343527e+01  3.808294e+01  5.731222e+02  3.398301e+03  4.330849e+04  2.501103e+01  1.997330e+03  4.3392006555569615e+03
      2330  5.8250000000002107e+00  1.1848353666302143e-01  6.0207294124637230e+00  5.422610e-01  1.337989e+01  3.726502e+01  5.543833e+02  3.169797e+03  3.988013e+04  2.406189e+01  1.818540e+03  4.4436684496250873e+03
      2340  5.8500000000002146e+00  1.1838252151523043e-01  6.1049504859834647e+00  5.556861e-01  1.330758e+01  3.681685e+01  5.382912e+02  3.017992e+03  3.742599e+04  2.308981e+01  1.647756e+03  4.5497279331839900e+03
      2350  5.8750000000002185e+00  1.1828009062163819e-01  6.1907898245793724e+00  5.673844e-01  1.322596e+01  3.624082e+01  5.204854e+02  2.856274e+03  3.475648e+04  2.211085e+01  1.478257e+03  4.6582977489198965e+03
      2360  5.9000000000002224e+00  1.1817621339497240e-01  6.2787011850939143e+00  5.739578e-01  1.324651e+01  3.589153e+01  5.115511e+02  2.740541e+03  3.286238e+04  2.174157e+01  1.402088e+03  4.7708748729743947e+03
      2370  5.9250000000002263e+00  1.1807085110201884e-01  6.3691861518584449e+00  5.750553e-01  1.339546e+01  3.620019e+01  5.200769e+02  2.777438e+03  3.343986e+04  2.183471e+01  1.411062e+03  4.8892551246862013e+03
      2380  5.9500000000002302e+00  1.1796395726460210e-01  6.4626522173502892e+00  5.718727e-01  1.359898e+01  3.664925e+01  5.374287e+02  2.866738e+03  3.551644e+04  2.194178e+01  1.450615e+03  5.0148730496952530e+03
      2390  5.9750000000002341e+00  1.1785548036204144e-01  6.5592997972257390e+00  5.665053e-01  1.380846e+01  3.662722e+01  5.546299e+02  2.835982e+03  3.682271e+04  2.192791e+01  1.458929e+03  5.1483941121991893e+03
      2400  6.0000000000002380e+00  1.1774536693348250e-01  6.6591824249529772e+00  5.621616e-01  1.407829e+01  3.745686e+01  5.869243e+02  2.970798e+03  4.018380e+04  2.222050e+01  1.471503e+03  5.2902685777617407e+03
      2410  6.0250000000002419e+00  1.1763356309933486e-01  6.7622957082380655e+00  5.620522e-01  1.436398e+01  3.979318e+01  6.344260e+02  3.505616e+03  4.802404e+04  2.272686e+01  1.533614e+03  5.4412207321364622e+03
      2420  6.0500000000002458e+00  1.1752001620115413e-01  6.8684707045819797e+00  5.668030e-01  1.451781e+01  4.134992e+01  6.536353e+02  3.846972e+03  5.188250e+04  2.279078e+01  1.540845e+03  5.6015564084568159e+03
      2430  6.0750000000002498e+00  1.1740467889893275e-01  6.9772452271210970e+00  5.744596e-01  1.448081e+01  4.110355e+01  6.326754e+02  3.643506e+03  4.673129e+04  2.211829e+01  1.411349e+03  5.7704702244664695e+03
      2440  6.1000000000002537e+00  1.1728751301876553e-01  7.0880322357355503e+00  5.835960e-01  1.443282e+01  4.212108e+01  6.286397e+02  3.728951e+03  4.604312e+04  2.172268e+01  1.422683e+03  5.9467178956105727e+03
      2450  6.1250000000002576e+00  1.1716848892610740e-01  7.2004176091850862e+00  5.946300e-01  1.445167e+01  4.466897e+01  6.468284e+02  4.086392e+03  4.935120e+04  2.176260e+01  1.534058e+03  6.1295325527260993e+03
      2460  6.1500000000002615e+00  1.1704758174869366e-01  7.3142140520065322e+00  6.080404e-01  1.447080e+01  4.679042e+01  6.588945e+02  4.290065e+03  5.075528e+04  2.148257e+01  1.498019e+03  6.3184643189765638e+03
      2470  6.1750000000002654e+00  1.1692476880770415e-01  7.4292956432116890e+00  6.218672e-01  1.449522e+01  4.849657e+01  6.680699e+02  4.467577e+03  5.217353e+04  2.084174e+01  1.370948e+03  6.5128556297101040e+03
      2480  6.2000000000002693e+00  1.1680003000407432e-01  7.5454396139726994e+00  6.308932e-01  1.457171e+01  5.045511e+01  6.884312e+02  4.768632e+03  5.561307e+04  2.036525e+01  1.318487e+03  6.7116793319609233e+03
      2490  6.2250000000002732e+00  1.1667335002287949e-01  7.6623019796339769e+00  6.289534e-01  1.470024e+01  5.222223e+01  7.229663e+02  5.145974e+03  6.112237e+04  2.031618e+01  1.390109e+03  6.9134685208853043e+03
      2500  6.2500000000002771e+00  1.1654471950166535e-01  7.7795696936429346e+00  6.127235e-01  1.480829e+01  5.235797e+01  7.517963e+02  5.311773e+03  6.532235e+04  2.048669e+01  1.502140e+03  7.1164477818080977e+03
      2510  6.2750000000002810e+00  1.1641413285697655e-01  7.8971429101774895e+00  5.833213e-01  1.477865e+01  5.012016e+01  7.525281e+02  5.078138e+03  6.514875e+04  2.041216e+01  1.556215e+03  7.3189462668668693e+03
      2520  6.3000000000002849e+00  1.1628158417886877e-01  8.0151530453408615e+00  5.452852e-01  1.458215e+01  4.607673e+01  7.266312e+02  4.598290e+03  6.166387e+04  1.995292e+01  1.534999e+03  7.5196837122461930e+03
      2530  6.3250000000002888e+00  1.1614706368462258e-01  8.1339171948308326e+00  5.053733e-01  1.429425e+01  4.186252e+01  6.943112e+02  4.169590e+03  5.800660e+04  1.936677e+01  1.486339e+03  7.7182224766901199e+03
      2540  6.3500000000002927e+00  1.1601055459246659e-01  8.2539428584701895e+00  4.711892e-01  1.403531e+01  3.881158e+01  6.689671e+02  3.922063e+03  5.572033e+04  1.910494e+01  1.459505e+03  7.9156440611012122e+03
      2550  6.3750000000002967e+00  1.1587203051368472e-01  8.3758483587499732e+00  4.484231e-01  1.383892e+01  3.717346e+01  6.514909e+02  3.821659e+03  5.475602e+04  1.904517e+01  1.452485e+03  8.1145525419094238e+03
      2560  6.4000000000003006e+00  1.1573145526017949e-01  8.5001723443477015e+00  4.383414e-01  1.372502e+01  3.644296e+01  6.429619e+02  3.770721e+03  5.456096e+04  1.903239e+01  1.448933e+03  8.3183414650917402e+03
      2570  6.4250000000003045e+00  1.1558878557624493e-01  8.6272130745230307e+00  4.377625e-01  1.374567e+01  3.628163e+01  6.515277e+02  3.743721e+03  5.614165e+04  1.927038e+01  1.471520e+03  8.5303539807972556e+03
      2580  6.4500000000003084e+00  1.1544397617742652e-01  8.7568893525570921e+00  4.410969e-01  1.385103e+01  3.685578e+01  6.790713e+02  3.829678e+03  6.114567e+04  1.955623e+01  1.513865e+03  8.7527273704473464e+03
      2590  6.4750000000003123e+00  1.1529698711975145e-01  8.8886361673802625e+00  4.425915e-01  1.399971e+01  3.786141e+01  7.182146e+02  4.056590e+03  6.922457e+04  1.990059e+01  1.576820e+03  8.9851443853523779e+03
      2600  6.5000000000003162e+00  1.1514779115063119e-01  9.0215480842607150e+00  4.377864e-01  1.414539e+01  3.832611e+01  7.569623e+02  4.310902e+03  7.804791e+04  2.037607e+01  1.663675e+03  9.2250058064764762e+03
      2610  6.5250000000003201e+00  1.1499637654801148e-01  9.1547202794891049e+00  4.242888e-01  1.417196e+01  3.781237e+01  7.791105e+02  4.455058e+03  8.476365e+04  2.066577e+01  1.735997e+03  9.4691688959724925e+03
      2620  6.5500000000003240e+00  1.1484274552019577e-01  9.2873856924428608e+00  4.020900e-01  1.403223e+01  3.600513e+01  7.757701e+02  4.441252e+03  8.776407e+04  2.061879e+01  1.759646e+03  9.7152748940627826e+03
      2630  6.5750000000003279e+00  1.1468691328699118e-01  9.4187333742138470e+00  3.735460e-01  1.370935e+01  3.299529e+01  7.415635e+02  4.205343e+03  8.489632e+04  2.008058e+01  1.685264e+03  9.9613896615645644e+03
      2640  6.6000000000003318e+00  1.1452891020173608e-01  9.5477733401412745e+00  3.430053e-01  1.323315e+01  2.951373e+01  6.731100e+02  3.678848e+03  7.368406e+04  1.911003e+01  1.483865e+03  1.0204837264399601e+04
      2650  6.6250000000003357e+00  1.1436878319813670e-01  9.6735451135054173e+00  3.151649e-01  1.268452e+01  2.553742e+01  5.811160e+02  2.902671e+03  5.613772e+04  1.793205e+01  1.198373e+03  1.0441936887621167e+04
      2660  6.6500000000003396e+00  1.1420659182028409e-01  9.7955453469104494e+00  2.923727e-01  1.213800e+01  2.169369e+01  4.940145e+02  2.174440e+03  4.006811e+04  1.664876e+01  9.214276e+02  1.0669443677142594e+04
      2670  6.6750000000003435e+00  1.1404239793373977e-01  9.9140546848854960e+00  2.741187e-01  1.170364e+01  1.895832e+01  4.365381e+02  1.781919e+03  3.152801e+04  1.556594e+01  7.395519e+02  1.0886803109909970e+04
      2680  6.7000000000003475e+00  1.1387625246172157e-01  1.0030126868890562e+01  2.594072e-01  1.141119e+01  1.694818e+01  4.059464e+02  1.614575e+03  2.858266e+04  1.486395e+01  6.603832e+02  1.1097220236548685e+04
      2690  6.7250000000003514e+00  1.1370818528517633e-01  1.0145172565538324e+01  2.475658e-01  1.122486e+01  1.530167e+01  3.825302e+02  1.387569e+03  2.534288e+04  1.460282e+01  6.420328e+02  1.1306307608027048e+04
      2700  6.7500000000003553e+00  1.1353820412204627e-01  1.0260325082767281e+01  2.368312e-01  1.111535e+01  1.316998e+01  3.594070e+02  1.020148e+03  2.090348e+04  1.472667e+01  6.630792e+02  1.1518923328214009e+04
      2710  6.7750000000003592e+00  1.1336630268537670e-01  1.0376054723917917e+01  2.249410e-01  1.100300e+01  1.095595e+01  3.421668e+02  7.573736e+02  1.869524e+04  1.484840e+01  7.043203e+02  1.1736262779995639e+04
      2720  6.8000000000003631e+00  1.1319247062509613e-01  1.0492396181578567e+01  2.110778e-01  1.083400e+01  9.734259e+00  3.269060e+02  6.874536e+02  1.776021e+04  1.477368e+01  7.168807e+02  1.1955476786021229e+04
      2730  6.8250000000003670e+00  1.1301669634951969e-01  1.0609542673211877e+01  1.957205e-01  1.066407e+01  8.664102e+00  3.071462e+02  6.012178e+02  1.558393e+04  1.464660e+01  6.681591e+02  1.2172204843405450e+04
      2740  6.8500000000003709e+00  1.1283896083355233e-01  1.0728282189355234e+01  1.795865e-01  1.054305e+01  7.297439e+00  2.909984e+02  4.739105e+02  1.363203e+04  1.448911e+01  6.156410e+02  1.2384547042514429e+04
      2750  6.8750000000003748e+00  1.1265922632172706e-01  1.0850104543934791e+01  1.640562e-01  1.045063e+01  6.332456e+00  2.820472e+02  4.077468e+02  1.288172e+04  1.417258e+01  5.784516e+02  1.2596516707902316e+04
      2760  6.9000000000003787e+00  1.1247742609898620e-01  1.0976856962381696e+01  1.517930e-01  1.041272e+01  6.031173e+00  2.810574e+02  4.245102e+02  1.283414e+04  1.387053e+01  5.506634e+02  1.2817667015719329e+04
      2770  6.9250000000003826e+00  1.1229346502452639e-01  1.1109842702049260e+01  1.456834e-01  1.045014e+01  6.132237e+00  2.888885e+02  4.977640e+02  1.400255e+04  1.374358e+01  5.508852e+02  1.3057285075491369e+04
      2780  6.9500000000003865e+00  1.1210723577467369e-01  1.1249083087176119e+01  1.479808e-01  1.049213e+01  6.573990e+00  3.034510e+02  5.990627e+02  1.669247e+04  1.361003e+01  5.663711e+02  1.3318872153633931e+04
      2790  6.9750000000003904e+00  1.1191864060378340e-01  1.1393451708040381e+01  1.601556e-01  1.044598e+01  6.710534e+00  3.073708e+02  5.716866e+02  1.742321e+04  1.328775e+01  5.402811e+02  1.3600248404707272e+04
      2800  7.0000000000003944e+00  1.1172760825215317e-01  1.1540943798331584e+01  1.802929e-01  1.030566e+01  6.926820e+00  2.908079e+02  4.926510e+02  1.511100e+04  1.288016e+01  4.623072e+02  1.3894409423632131e+04
      2810  7.0250000000003983e+00  1.1153410911848348e-01  1.1688683444674691e+01  2.017213e-01  1.010041e+01  7.997773e+00  2.702768e+02  5.582886e+02  1.317378e+04  1.245836e+01  3.995408e+02  1.4188469768439450e+04
      2820  7.0500000000004022e+00  1.1133816412052100e-01  1.1833836849962408e+01  2.178301e-01  9.897501e+00  9.148481e+00  2.556948e+02  6.431382e+02  1.199286e+04  1.217864e+01  3.768103e+02  1.4468122159490536e+04
      2830  7.0750000000004061e+00  1.1113983038388678e-01  1.1975195233606049e+01  2.257897e-01  9.721161e+00  9.574514e+00  2.411426e+02  6.445655e+02  1.056434e+04  1.210002e+01  3.654308e+02  1.4726778577549869e+04
      2840  7.1000000000004100e+00  1.1093916906745360e-01  1.2113381841906124e+01  2.246339e-01  9.539004e+00  9.088630e+00  2.248678e+02  5.557690e+02  9.004531e+03  1.195483e+01  3.542666e+02  1.4967776832066291e+04
      2850  7.1250000000004139e+00  1.1073622419690324e-01  1.2249488111150415e+01  2.158233e-01  9.401407e+00  8.341465e+00  2.140347e+02  4.764344e+02  8.023224e+03  1.171780e+01  3.428698e+02  1.5197733064290926e+04
      2860  7.1500000000004178e+00  1.1053102469014373e-01  1.2384060700236848e+01  2.070016e-01  9.335635e+00  7.932270e+00  2.076327e+02  4.456622e+02  7.486385e+03  1.154627e+01  3.362576e+02  1.5420829814463295e+04
      2870  7.1750000000004217e+00  1.1032359379572293e-01  1.2517304471946247e+01  2.089374e-01  9.272671e+00  7.863642e+00  2.036013e+02  4.365023e+02  7.322290e+03  1.141288e+01  3.303119e+02  1.5639394495633851e+04
      2880  7.2000000000004256e+00  1.1011395124073989e-01  1.2649513853332406e+01  2.266547e-01  9.215360e+00  8.526447e+00  2.060885e+02  4.932291e+02  8.020487e+03  1.127876e+01  3.230875e+02  1.5855793819360448e+04
      2890  7.2250000000004295e+00  1.0990211144233916e-01  1.2780987353998396e+01  2.552514e-01  9.196702e+00  9.762473e+00  2.101944e+02  5.846197e+02  8.845826e+03  1.118912e+01  3.169901e+02  1.6071016466342331e+04
      2900  7.2500000000004334e+00  1.0968808581975896e-01  1.2911697259450566e+01  2.819503e-01  9.113314e+00  1.051615e+01  2.029617e+02  5.854364e+02  8.232967e+03  1.098965e+01  2.973903e+02  1.6282039964343589e+04
      2910  7.2750000000004373e+00  1.0947188996477081e-01  1.3041204350670098e+01  2.942999e-01  8.976528e+00  1.073818e+01  1.898554e+02  5.341068e+02  6.771745e+03  1.070314e+01  2.757866e+02  1.6481758265464196e+04
      2920  7.3000000000004412e+00  1.0925354571640744e-01  1.3169440652882246e+01  2.917320e-01  8.897165e+00  1.066112e+01  1.855703e+02  5.334079e+02  6.550348e+03  1.051450e+01  2.680083e+02  1.6664713769784343e+04
      2930  7.3250000000004452e+00  1.0903306517043414e-01  1.3297811964922616e+01  2.844007e-01  8.831059e+00  9.850798e+00  1.849293e+02  5.028669e+02  7.023985e+03  1.027263e+01  2.656189e+02  1.6834560276162552e+04
      2940  7.3500000000004491e+00  1.0881042518163592e-01  1.3429010041500590e+01  2.801023e-01  8.739649e+00  8.674944e+00  1.763756e+02  3.756974e+02  6.149633e+03  9.888492e+00  2.360972e+02  1.7004044500285094e+04
      2950  7.3750000000004530e+00  1.0858555626980029e-01  1.3565725962750983e+01  2.784219e-01  8.739521e+00  8.458030e+00  1.718313e+02  3.435923e+02  5.360716e+03  9.691178e+00  2.110794e+02  1.7188907972771533e+04
      2960  7.4000000000004569e+00  1.0835835110469730e-01  1.3709797398771563e+01  2.773984e-01  8.871526e+00  9.042586e+00  1.831545e+02  4.349390e+02  6.331845e+03  9.839592e+00  2.325534e+02  1.7403151283482406e+04
      2970  7.4250000000004608e+00  1.0812867991654823e-01  1.3862004231493703e+01  2.785801e-01  8.972050e+00  9.565422e+00  1.931811e+02  5.003743e+02  7.274140e+03  9.974462e+00  2.573121e+02  1.7656418458792970e+04
      2980  7.4500000000004647e+00  1.0789640957855856e-01  1.4021753555484995e+01  2.824131e-01  8.943030e+00  1.017280e+01  1.929777e+02  5.450848e+02  7.318034e+03  9.866725e+00  2.541743e+02  1.7951305116344331e+04
      2990  7.4750000000004686e+00  1.0766142912100800e-01  1.4186909272350356e+01  2.854972e-01  8.928911e+00  1.085693e+01  1.959543e+02  6.216182e+02  7.874663e+03  9.879366e+00  2.625023e+02  1.8282079246224483e+04
      3000  7.5000000000004725e+00  1.0742367216399207e-01  1.4354459535501423e+01  2.849025e-01  8.980358e+00  1.130123e+01  2.059167e+02  7.172787e+02  9.261575e+03  1.003399e+01  2.923624e+02  1.8637085862363223e+04
      3010  7.5250000000004764e+00  1.0718312305517817e-01  1.4521608559699910e+01  2.822986e-01  9.059155e+00  1.144820e+01  2.151422e+02  7.589423e+02  1.025895e+04  1.019071e+01  3.252754e+02  1.9003477448321322e+04
      3020  7.5500000000004803e+00  1.0693980621986729e-01  1.4686515227159799e+01  2.824266e-01  9.134098e+00  1.184447e+01  2.218481e+02  7.884813e+02  1.078978e+04  1.035127e+01  3.509337e+02  1.9370462042049097e+04
      3030  7.5750000000004842e+00  1.0669376646268482e-01  1.4848608405657995e+01  2.890180e-01  9.180700e+00  1.243219e+01  2.254026e+02  8.146371e+02  1.094291e+04  1.048748e+01  3.666524e+02  1.9730502672946892e+04
      3040  7.6000000000004881e+00  1.0644504745257868e-01  1.5008549239463767e+01  3.026759e-01  9.208942e+00  1.322308e+01  2.255112e+02  8.343794e+02  1.072447e+04  1.058144e+01  3.701143e+02  2.0080338942513674e+04
      3050  7.6250000000004921e+00  1.0619367312372305e-01  1.5167977757378054e+01  3.205444e-01  9.166342e+00  1.396149e+01  2.210045e+02  8.292635e+02  1.006160e+04  1.044546e+01  3.474132e+02  2.0422810114792184e+04
      3060  7.6500000000004960e+00  1.0593963586947205e-01  1.5328847199321753e+01  3.375725e-01  9.152511e+00  1.445757e+01  2.200586e+02  8.151477e+02  9.642778e+03  1.029759e+01  3.258378e+02  2.0765423521277298e+04
      3070  7.6750000000004999e+00  1.0568290085674628e-01  1.5492159336782377e+01  3.492286e-01  9.182609e+00  1.486193e+01  2.215544e+02  8.110304e+02  9.484075e+03  1.016890e+01  3.035368e+02  2.1112551732907588e+04
      3080  7.7000000000005038e+00  1.0542343074440846e-01  1.5657091968614509e+01  3.543159e-01  9.135919e+00  1.502161e+01  2.166018e+02  7.882738e+02  8.903936e+03  9.815247e+00  2.605575e+02  2.1458941945562001e+04
      3090  7.7250000000005077e+00  1.0516121341831196e-01  1.5821732314641096e+01  3.549954e-01  9.118981e+00  1.528364e+01  2.167500e+02  8.209051e+02  9.062522e+03  9.571968e+00  2.345756e+02  2.1793430844285151e+04
      3100  7.7500000000005116e+00  1.0489626477274341e-01  1.5984985259843528e+01  3.521219e-01  9.170479e+00  1.511491e+01  2.214537e+02  8.443006e+02  9.570076e+03  9.549127e+00  2.286426e+02  2.2110403685703288e+04
      3110  7.7750000000005155e+00  1.0462860498941157e-01  1.6147338804081194e+01  3.431992e-01  9.193114e+00  1.404996e+01  2.182615e+02  7.496304e+02  8.951264e+03  9.528050e+00  2.251304e+02  2.2415595111907209e+04
      3120  7.8000000000005194e+00  1.0435824083284499e-01  1.6309612456891522e+01  3.282091e-01  9.146199e+00  1.290637e+01  2.095485e+02  6.498483e+02  7.990823e+03  9.451229e+00  2.181815e+02  2.2718830122950785e+04
      3130  7.8250000000005233e+00  1.0408517035785844e-01  1.6472019724602376e+01  3.134481e-01  9.055057e+00  1.197216e+01  2.007838e+02  5.836303e+02  7.351900e+03  9.342044e+00  2.126645e+02  2.3024948835264688e+04
      3140  7.8500000000005272e+00  1.0380938944436217e-01  1.6634748506693636e+01  3.055395e-01  8.961006e+00  1.162107e+01  1.950728e+02  5.472462e+02  6.891225e+03  9.184729e+00  2.036864e+02  2.3333704830312206e+04
      3150  7.8750000000005311e+00  1.0353088807613520e-01  1.6798335488972043e+01  3.032928e-01  8.920321e+00  1.221249e+01  1.968459e+02  6.132479e+02  7.311548e+03  9.121386e+00  2.004807e+02  2.3643817845934238e+04
      3160  7.9000000000005350e+00  1.0324964885571611e-01  1.6963174385673057e+01  2.999680e-01  8.916250e+00  1.253107e+01  1.988654e+02  6.628107e+02  7.725611e+03  9.132907e+00  2.027797e+02  2.3955109272240054e+04
      3170  7.9250000000005389e+00  1.0296565113996461e-01  1.7129444223893991e+01  2.930697e-01  8.934708e+00  1.242170e+01  1.994134e+02  6.735846e+02  7.918776e+03  9.154399e+00  2.017640e+02  2.4269520071023773e+04
      3180  7.9500000000005429e+00  1.0267886917729580e-01  1.7297631009529152e+01  2.865847e-01  8.947067e+00  1.240040e+01  1.999959e+02  6.846333e+02  8.014564e+03  9.173622e+00  1.998624e+02  2.4591620707638460e+04
      3190  7.9750000000005468e+00  1.0238926628446574e-01  1.7468278456107505e+01  2.838266e-01  8.901199e+00  1.212961e+01  1.940748e+02  6.331787e+02  7.341417e+03  9.084199e+00  1.904693e+02  2.4925859975948882e+04
      3200  8.0000000000005507e+00  1.0209680418746590e-01  1.7640781116378982e+01  2.833584e-01  8.841700e+00  1.161612e+01  1.856838e+02  5.479496e+02  6.383950e+03  8.945786e+00  1.781954e+02  2.5271296303751857e+04
      3210  8.0250000000005457e+00  1.0180146943677212e-01  1.7812914081184548e+01  2.823103e-01  8.806414e+00  1.112267e+01  1.814933e+02  4.906484e+02  5.913199e+03  8.877188e+00  1.758230e+02  2.5620693314082506e+04
      3220  8.0500000000005407e+00  1.0150329451084369e-01  1.7981666870790644e+01  2.804191e-01  8.761903e+00  1.041984e+01  1.752582e+02  4.280464e+02  5.337765e+03  8.800051e+00  1.732875e+02  2.5964100595595544e+04
      3230  8.0750000000005357e+00  1.0120236130091723e-01  1.8144216812185796e+01  2.804934e-01  8.730263e+00  9.818522e+00  1.700587e+02  3.699229e+02  4.880743e+03  8.705827e+00  1.663625e+02  2.6290816407409053e+04
      3240  8.1000000000005308e+00  1.0089879180148503e-01  1.8298605144406768e+01  2.854447e-01  8.800819e+00  9.928352e+00  1.737206e+02  3.751430e+02  5.046252e+03  8.740667e+00  1.650290e+02  2.6589938671394211e+04
      3250  8.1250000000005258e+00  1.0059272651821825e-01  1.8444678770784773e+01  2.947224e-01  8.977517e+00  1.040532e+01  1.851809e+02  4.174713e+02  5.715255e+03  8.958913e+00  1.754173e+02  2.6854531243200559e+04
      3260  8.1500000000005208e+00  1.0028428556383032e-01  1.8585024511570577e+01  3.043237e-01  9.078523e+00  1.043953e+01  1.917965e+02  4.132828e+02  6.095455e+03  9.049138e+00  1.832081e+02  2.7089528165481330e+04
      3270  8.1750000000005159e+00  9.9973524840642300e-02  1.8724362124840280e+01  3.112654e-01  9.066399e+00  1.078428e+01  1.921979e+02  4.485362e+02  6.251178e+03  8.928295e+00  1.789178e+02  2.7314031443369331e+04
      3280  8.2000000000005109e+00  9.9660421122992296e-02  1.8866927698263382e+01  3.168047e-01  9.032918e+00  1.189312e+01  1.960329e+02  5.580140e+02  7.000941e+03  8.716941e+00  1.691394e+02  2.7550426317971225e+04
      3290  8.2250000000005059e+00  9.9344904278025101e-02  1.9013954892923710e+01  3.228527e-01  9.080810e+00  1.309492e+01  2.089519e+02  7.085985e+02  8.707517e+03  8.617188e+00  1.626552e+02  2.7808948576594867e+04
      3300  8.2500000000005009e+00  9.9026911846796309e-02  1.9163612886522365e+01  3.273713e-01  9.162362e+00  1.414328e+01  2.255487e+02  8.908989e+02  1.107612e+04  8.669175e+00  1.660756e+02  2.8083581387590020e+04
      3310  8.2750000000004960e+00  9.8706421393602278e-02  1.9313465247528612e+01  3.270428e-01  9.164412e+00  1.468714e+01  2.328897e+02  9.955343e+02  1.239699e+04  8.745305e+00  1.741946e+02  2.8363295149105110e+04
      3320  8.3000000000004910e+00  9.8383434050976368e-02  1.9463530820526628e+01  3.229231e-01  9.085587e+00  1.450716e+01  2.285665e+02  9.688691e+02  1.191432e+04  8.763005e+00  1.789858e+02  2.8648292619673382e+04
      3330  8.3250000000004860e+00  9.8057921557769434e-02  1.9617281017113285e+01  3.208676e-01  8.975046e+00  1.439526e+01  2.193575e+02  9.044404e+02  1.055091e+04  8.690690e+00  1.781121e+02  2.8955158311267878e+04
      3340  8.3500000000004810e+00  9.7729782846121382e-02  1.9779526222037781e+01  3.261820e-01  8.901938e+00  1.471762e+01  2.128210e+02  8.819252e+02  9.607758e+03  8.590563e+00  1.697422e+02  2.9305516397600357e+04
      3350  8.3750000000004761e+00  9.7398847370967864e-02  1.9953236012109173e+01  3.373741e-01  8.891159e+00  1.516159e+01  2.142909e+02  9.135053e+02  9.856788e+03  8.552796e+00  1.688834e+02  2.9711313645966897e+04
      3360  8.4000000000004711e+00  9.7064923691854349e-02  2.0137518742490421e+01  3.461432e-01  8.892623e+00  1.530553e+01  2.149063e+02  9.132236e+02  9.919652e+03  8.586687e+00  1.783021e+02  3.0167622536278013e+04
      3370  8.4250000000004661e+00  9.6727868040959786e-02  2.0327654399601400e+01  3.454631e-01  8.869687e+00  1.457696e+01  2.066277e+02  7.935158e+02  8.635926e+03  8.617554e+00  1.808422e+02  3.0653428755502853e+04
      3380  8.4500000000004611e+00  9.6387631203723886e-02  2.0517861055015253e+01  3.363330e-01  8.849809e+00  1.316861e+01  1.974990e+02  6.291717e+02  7.287118e+03  8.634221e+00  1.779727e+02  3.1143773318031563e+04
      3390  8.4750000000004562e+00  9.6044244775904328e-02  2.0704961599050765e+01  3.252735e-01  8.797768e+00  1.203082e+01  1.878721e+02  5.156845e+02  6.281959e+03  8.584028e+00  1.714286e+02  3.1627693485545326e+04
      3400  8.5000000000004512e+00  9.5697765896535836e-02  2.0888869516351750e+01  3.175115e-01  8.697870e+00  1.148853e+01  1.787058e+02  4.598004e+02  5.584212e+03  8.458948e+00  1.615796e+02  3.2111470837739929e+04
      3410  8.5250000000004462e+00  9.5348245649471017e-02  2.1069783097275607e+01  3.140485e-01  8.641922e+00  1.136053e+01  1.793469e+02  4.649181e+02  5.813828e+03  8.372585e+00  1.581469e+02  3.2603840009452546e+04
      3420  8.5500000000004412e+00  9.4995742439835051e-02  2.1246471022560907e+01  3.130298e-01  8.648483e+00  1.138390e+01  1.855658e+02  4.969212e+02  6.491134e+03  8.332348e+00  1.589617e+02  3.3104682208753991e+04
      3430  8.5750000000004363e+00  9.4640339198247311e-02  2.1417390340539882e+01  3.120032e-01  8.623368e+00  1.149899e+01  1.875371e+02  5.262711e+02  6.850763e+03  8.266375e+00  1.546331e+02  3.3607701151997957e+04
      3440  8.6000000000004313e+00  9.4282137352665094e-02  2.1581838395583333e+01  3.094645e-01  8.541575e+00  1.190033e+01  1.852926e+02  5.802725e+02  6.966900e+03  8.223396e+00  1.516073e+02  3.4105592417724190e+04
      3450  8.6250000000004263e+00  9.3921249033875304e-02  2.1739037113275163e+01  3.046951e-01  8.449902e+00  1.178462e+01  1.809319e+02  5.822893e+02  6.794917e+03  8.230248e+00  1.537714e+02  3.4588515148528240e+04
      3460  8.6500000000004214e+00  9.3557815076492259e-02  2.1886350685457312e+01  2.974532e-01  8.311028e+00  1.115570e+01  1.719324e+02  5.286469e+02  6.148273e+03  8.121323e+00  1.504207e+02  3.5039557878146756e+04
      3470  8.6750000000004164e+00  9.3192037632646593e-02  2.2019571855141280e+01  2.894022e-01  8.128148e+00  1.061730e+01  1.604833e+02  4.814052e+02  5.403627e+03  7.905635e+00  1.405607e+02  3.5438447137397867e+04
      3480  8.7000000000004114e+00  9.2824179664716802e-02  2.2136153111541724e+01  2.835030e-01  8.039501e+00  1.039006e+01  1.548471e+02  4.645774e+02  5.028982e+03  7.814121e+00  1.339176e+02  3.5776228585527533e+04
      3490  8.7250000000004064e+00  9.2454510933759448e-02  2.2237644285147745e+01  2.801358e-01  8.032015e+00  1.035420e+01  1.546232e+02  4.667938e+02  5.046233e+03  7.774302e+00  1.303132e+02  3.6062527436256336e+04
      3500  8.7500000000004015e+00  9.2083248377761495e-02  2.2328114403085497e+01  2.762871e-01  7.965515e+00  1.001480e+01  1.574351e+02  5.166141e+02  6.129666e+03  7.627219e+00  1.237806e+02  3.6313216955870477e+04
      3510  8.7750000000003965e+00  9.1710541674224336e-02  2.2411146222895233e+01  2.697388e-01  7.912040e+00  9.602290e+00  1.555994e+02  5.095551e+02  6.160414e+03  7.554858e+00  1.216441e+02  3.6537049759153335e+04
      3520  8.8000000000003915e+00  9.1336491577799675e-02  2.2489167421688620e+01  2.619861e-01  7.917828e+00  9.354302e+00  1.538518e+02  4.641351e+02  5.538932e+03  7.610133e+00  1.238265e+02  3.6739556225525128e+04
      3530  8.8250000000003865e+00  9.0961162468570222e-02  2.2564343354446216e+01  2.565633e-01  7.846034e+00  8.450466e+00  1.507215e+02  4.289107e+02  5.681929e+03  7.613600e+00  1.265481e+02  3.6931731188054218e+04
      3540  8.8500000000003816e+00  9.0584586326021108e-02  2.2638361690059533e+01  2.561118e-01  7.730915e+00  7.488661e+00  1.378526e+02  3.043922e+02  4.198577e+03  7.569634e+00  1.232941e+02  3.7124897089759128e+04
      3550  8.8750000000003766e+00  9.0206779938536097e-02  2.2711311464185389e+01  2.606584e-01  7.689926e+00  7.442052e+00  1.327443e+02  2.751945e+02  3.705481e+03  7.595838e+00  1.221664e+02  3.7320019891705197e+04
      3560  8.9000000000003716e+00  8.9827774474997749e-02  2.2781613983080156e+01  2.674752e-01  7.682701e+00  7.300772e+00  1.318636e+02  2.467222e+02  3.602696e+03  7.668871e+00  1.253213e+02  3.7508937438425040e+04
      3570  8.9250000000003666e+00  8.9447633502052579e-02  2.2847338066442322e+01  2.737707e-01  7.609600e+00  7.254048e+00  1.270555e+02  2.371176e+02  3.324865e+03  7.610728e+00  1.226636e+02  3.7684404965680078e+04
      3580  8.9500000000003617e+00  8.9066444810148609e-02  2.2907690481289315e+01  2.798582e-01  7.552647e+00  7.571517e+00  1.246393e+02  2.511976e+02  3.227304e+03  7.522312e+00  1.201843e+02  3.7846191081731035e+04
      3590  8.9750000000003567e+00  8.8684294323546908e-02  2.2963469744319589e+01  2.880820e-01  7.550517e+00  7.872937e+00  1.262279e+02  2.526894e+02  3.326816e+03  7.487351e+00  1.200767e+02  3.7999757426860444e+04
      3600  9.0000000000003517e+00  8.8301245431850861e-02  2.3016153367230160e+01  2.995772e-01  7.543871e+00  8.274069e+00  1.265697e+02  2.656137e+02  3.296039e+03  7.439239e+00  1.179133e+02  3.8151018015005771e+04
      3610  9.0250000000003467e+00  8.7917338585699167e-02  2.3066807324437196e+01  3.137223e-01  7.591184e+00  8.637255e+00  1.300292e+02  2.744685e+02  3.500894e+03  7.469420e+00  1.207871e+02  3.8303226509640081e+04
      3620  9.0500000000003418e+00  8.7532600564280055e-02  2.3116041433025710e+01  3.289323e-01  7.658568e+00  9.061983e+00  1.370138e+02  2.911796e+02  4.061260e+03  7.535287e+00  1.259665e+02  3.8459479265874128e+04
      3630  9.0750000000003368e+00  8.7147050475712889e-02  2.3164117450429295e+01  3.425651e-01  7.685761e+00  9.791936e+00  1.418052e+02  3.493520e+02  4.523019e+03  7.568720e+00  1.285654e+02  3.8624512556748559e+04
      3640  9.1000000000003318e+00  8.6760711006155039e-02  2.3210258611710010e+01  3.518923e-01  7.679049e+00  1.039868e+01  1.413611e+02  4.002746e+02  4.504887e+03  7.565603e+00  1.286913e+02  3.8800274849827016e+04
      3650  9.1250000000003268e+00  8.6373627887842058e-02  2.3252613280461084e+01  3.560113e-01  7.680689e+00  1.069055e+01  1.432505e+02  4.271658e+02  4.755080e+03  7.558574e+00  1.293045e+02  3.8982872548530766e+04
      3660  9.1500000000003219e+00  8.5985876649966736e-02  2.3289593539084880e+01  3.554187e-01  7.749636e+00  1.150369e+01  1.544886e+02  5.349274e+02  6.063014e+03  7.652706e+00  1.374036e+02  3.9165937771836499e+04
      3670  9.1750000000003169e+00  8.5597550506726544e-02  2.3320532330805833e+01  3.501363e-01  7.798155e+00  1.215030e+01  1.628245e+02  6.376295e+02  7.087643e+03  7.728791e+00  1.480224e+02  3.9342221498231054e+04
      3680  9.2000000000003119e+00  8.5208753390655076e-02  2.3344812803186404e+01  3.400346e-01  7.755398e+00  1.175034e+01  1.605674e+02  6.076022e+02  6.685032e+03  7.657698e+00  1.472330e+02  3.9500931952482926e+04
      3690  9.2250000000003070e+00  8.4819606076469350e-02  2.3361544595984963e+01  3.262670e-01  7.679111e+00  1.098545e+01  1.566608e+02  5.549638e+02  6.303704e+03  7.566314e+00  1.413688e+02  3.9630426134677611e+04
      3700  9.2500000000003020e+00  8.4430240346106508e-02  2.3370760356690475e+01  3.111923e-01  7.586479e+00  1.005721e+01  1.510721e+02  4.926113e+02  5.926681e+03  7.495326e+00  1.396295e+02  3.9727749214986761e+04
      3710  9.2750000000002970e+00  8.4040772186932122e-02  2.3374000563856008e+01  2.971547e-01  7.492229e+00  9.064573e+00  1.428884e+02  4.050946e+02  5.112093e+03  7.409124e+00  1.352066e+02  3.9802039021623546e+04
      3720  9.3000000000002920e+00  8.3651285743977039e-02  2.3372850211922781e+01  2.854005e-01  7.377796e+00  8.196808e+00  1.333538e+02  3.279969e+02  4.277231e+03  7.278007e+00  1.256141e+02  3.9865205584121402e+04
      3730  9.3250000000002871e+00  8.3261849309170105e-02  2.3367613161175523e+01  2.762474e-01  7.256993e+00  7.433771e+00  1.244940e+02  2.638106e+02  3.642246e+03  7.124639e+00  1.167603e+02  3.9922764931782818e+04
      3740  9.3500000000002821e+00  8.2872535917961246e-02  2.3358048914177449e+01  2.697697e-01  7.246249e+00  7.121683e+00  1.238055e+02  2.454651e+02  3.597187e+03  7.108568e+00  1.171349e+02  3.9975956372221284e+04
      3750  9.3750000000002771e+00  8.2483422625732189e-02  2.3344144838126791e+01  2.655576e-01  7.256484e+00  7.023974e+00  1.250316e+02  2.424537e+02  3.677084e+03  7.154749e+00  1.213624e+02  4.0025072533722370e+04
      3760  9.4000000000002721e+00  8.2094587776825240e-02  2.3325272486786854e+01  2.628185e-01  7.147724e+00  6.480036e+00  1.178876e+02  1.997722e+02  3.258188e+03  7.072351e+00  1.179188e+02  4.0065354673219786e+04
      3770  9.4250000000002672e+00  8.1706123913034098e-02  2.3299808855568511e+01  2.615083e-01  7.044867e+00  5.758707e+00  1.115117e+02  1.468976e+02  2.879281e+03  6.953525e+00  1.129495e+02  4.0085972760746066e+04
      3780  9.4500000000002622e+00  8.1318146762182478e-02  2.3266449941869773e+01  2.625327e-01  7.030381e+00  5.546391e+00  1.127927e+02  1.259041e+02  2.978498e+03  6.901920e+00  1.123555e+02  4.0077450597113297e+04
      3790  9.4750000000002572e+00  8.0930784186245747e-02  2.3225309851550950e+01  2.664409e-01  7.011518e+00  5.760537e+00  1.135212e+02  1.358610e+02  3.054653e+03  6.870268e+00  1.109247e+02  4.0036921525173821e+04
      3800  9.5000000000002522e+00  8.0544156888318869e-02  2.3177625143109609e+01  2.723247e-01  6.962243e+00  6.083427e+00  1.107544e+02  1.548815e+02  2.858562e+03  6.831735e+00  1.065791e+02  3.9965999937621018e+04
      3810  9.5250000000002473e+00  8.0158365161257961e-02  2.3124958593378821e+01  2.782202e-01  6.939974e+00  6.604433e+00  1.091145e+02  1.892994e+02  2.736600e+03  6.813689e+00  1.018491e+02  3.9866848770587720e+04
      3820  9.5500000000002423e+00  7.9773484048710486e-02  2.3068711422242718e+01  2.825647e-01  6.944011e+00  7.219690e+00  1.100809e+02  2.331576e+02  2.841690e+03  6.813591e+00  1.009724e+02  3.9740733793303189e+04
      3830  9.5750000000002373e+00  7.9389565317070129e-02  2.3009908428766760e+01  2.850386e-01  6.917199e+00  7.629553e+00  1.100520e+02  2.579614e+02  2.889290e+03  6.761518e+00  9.990492e+01  3.9588960905911175e+04
      3840  9.6000000000002323e+00  7.9006644860547204e-02  2.2949117902092045e+01  2.861147e-01  6.825750e+00  7.770782e+00  1.064177e+02  2.605766e+02  2.751668e+03  6.598446e+00  9.256369e+01  3.9414736557185213e+04
      3850  9.6250000000002274e+00  7.8624751023043477e-02  2.2886666287831659e+01  2.865025e-01  6.715168e+00  7.808897e+00  1.015280e+02  2.591793e+02  2.545450e+03  6.416994e+00  8.489943e+01  3.9224935497615363e+04
      3860  9.6500000000002224e+00  7.8243906640908883e-02  2.2823109005446668e+01  2.872801e-01  6.667741e+00  7.903474e+00  9.903359e+01  2.592494e+02  2.407037e+03  6.377375e+00  8.398217e+01  3.9030749444209927e+04
      3870  9.6750000000002174e+00  7.7864123300905627e-02  2.2759461172652451e+01  2.899389e-01  6.670412e+00  7.983682e+00  9.877251e+01  2.569362e+02  2.357148e+03  6.435838e+00  8.738302e+01  3.8845911094788287e+04
      3880  9.7000000000002125e+00  7.7485394359311843e-02  2.2696951725758748e+01  2.957543e-01  6.643713e+00  8.023720e+00  9.848251e+01  2.553381e+02  2.360093e+03  6.424875e+00  8.812354e+01  3.8682881779637006e+04
      3890  9.7250000000002075e+00  7.7107693594655483e-02  2.2636549401332690e+01  3.050954e-01  6.584380e+00  8.199684e+00  9.767175e+01  2.633303e+02  2.386434e+03  6.330677e+00  8.471034e+01  3.8548779702057298e+04
      3900  9.7500000000002025e+00  7.6730982234310519e-02  2.2578537782452919e+01  3.172990e-01  6.568047e+00  8.565818e+00  9.849035e+01  2.844157e+02  2.517179e+03  6.282260e+00  8.214698e+01  3.8442932949762071e+04
      3910  9.7750000000001975e+00  7.6355221717036501e-02  2.2522453898714872e+01  3.308860e-01  6.635220e+00  9.144106e+00  1.041872e+02  3.371159e+02  3.081637e+03  6.343655e+00  8.444493e+01  3.8358655727320780e+04
      3920  9.8000000000001926e+00  7.5980383848613942e-02  2.2467502935422157e+01  3.439195e-01  6.724779e+00  9.886183e+00  1.126495e+02  4.117429e+02  3.948254e+03  6.406948e+00  8.856052e+01  3.8289035138830688e+04
      3930  9.8250000000001876e+00  7.5606452858667850e-02  2.2412964329338035e+01  3.547238e-01  6.753729e+00  1.044808e+01  1.168589e+02  4.483591e+02  4.310032e+03  6.354987e+00  8.777968e+01  3.8231082011377519e+04
      3940  9.8500000000001826e+00  7.5233424034859539e-02  2.2358149602015192e+01  3.626132e-01  6.735035e+00  1.073134e+01  1.176264e+02  4.485431e+02  4.306010e+03  6.252540e+00  8.479277e+01  3.8184235152103713e+04
      3950  9.8750000000001776e+00  7.4861306706273723e-02  2.2302085695967413e+01  3.677193e-01  6.752512e+00  1.102279e+01  1.221288e+02  4.669947e+02  4.738969e+03  6.249433e+00  8.808762e+01  3.8145971946947269e+04
      3960  9.9000000000001727e+00  7.4490132464319347e-02  2.2243366595341154e+01  3.701006e-01  6.828477e+00  1.133004e+01  1.286938e+02  4.945855e+02  5.299271e+03  6.358692e+00  9.520511e+01  3.8109542111355200e+04
      3970  9.9250000000001677e+00  7.4119961233964415e-02  2.2180482248616972e+01  3.693807e-01  6.884285e+00  1.133105e+01  1.304231e+02  4.898051e+02  5.304025e+03  6.438534e+00  9.789329e+01  3.8066057823129173e+04
      3980  9.9500000000001627e+00  7.3750876699082174e-02  2.2112436132944470e+01  3.652000e-01  6.873103e+00  1.096753e+01  1.275376e+02  4.581876e+02  4.889496e+03  6.426635e+00  9.579563e+01  3.8008774979648733e+04
      3990  9.9750000000001577e+00  7.3382972565418508e-02  2.2038979164894975e+01  3.576597e-01  6.846385e+00  1.058281e+01  1.245024e+02  4.358560e+02  4.508528e+03  6.431513e+00  9.481712e+01  3.7934939803742644e+04
      4000  1.0000000000000153e+01  7.3016340955949624e-02  2.1960258081327581e+01  3.473923e-01  6.831571e+00  1.035611e+01  1.224065e+02  4.329718e+02  4.279265e+03  6.500909e+00  9.751051e+01  3.7844011861174338e+04
