         0  0.0000000000000000e+00  1.2500000000000000e-01  3.7500000000000000e-01
        10  2.4999999999999998e-02  1.2490628311594918e-01  3.7474322187464897e-01
        20  5.0000000000000010e-02  1.2481262432558876e-01  3.7453520637852430e-01
        30  7.5000000000000025e-02  1.2471901147016393e-01  3.7437570295743550e-01
        40  1.0000000000000005e-01  1.2462543245008440e-01  3.7426448874710610e-01
        50  1.2500000000000006e-01  1.2453187521807852e-01  3.7420136796036126e-01
        60  1.5000000000000008e-01  1.2443832777250227e-01  3.7418617125604478e-01
        70  1.7500000000000010e-01  1.2434477815080868e-01  3.7421875508998871e-01
        80  2.0000000000000012e-01  1.2425121442318150e-01  3.7429900104851252e-01
        90  2.2500000000000014e-01  1.2415762468633741e-01  3.7442681516507695e-01
       100  2.5000000000000017e-01  1.2406399705750148e-01  3.7460212722084304e-01
       110  2.7500000000000019e-01  1.2397031966855955e-01  3.7482489002999961e-01
       120  3.0000000000000021e-01  1.2387658066039043e-01  3.7509507871081036e-01
       130  3.2500000000000023e-01  1.2378276817738262e-01  3.7541268994341513e-01
       140  3.5000000000000026e-01  1.2368887036213774e-01  3.7577774121546989e-01
       150  3.7500000000000028e-01  1.2359487535036439e-01  3.7619027005675378e-01
       160  4.0000000000000030e-01  1.2350077126596365e-01  3.7665033326388718e-01
       170  4.2500000000000032e-01  1.2340654621631117e-01  3.7715800611631916e-01
       180  4.5000000000000034e-01  1.2331218828773451e-01  3.7771338158471074e-01
       190  4.7500000000000037e-01  1.2321768554119021e-01  3.7831656953282697e-01
       200  5.0000000000000033e-01  1.2312302600814111e-01  3.7896769591399379e-01
       210  5.2499999999999980e-01  1.2302819768663451e-01  3.7966690196311236e-01
       220  5.4999999999999927e-01  1.2293318853758315e-01  3.8041434338515262e-01
       230  5.7499999999999873e-01  1.2283798648124982e-01  3.8121018954095353e-01
       240  5.9999999999999820e-01  1.2274257939393483e-01  3.8205462263105060e-01
       250  6.2499999999999767e-01  1.2264695510486896e-01  3.8294783687814992e-01
       260  6.4999999999999714e-01  1.2255110139330927e-01  3.8389003770872642e-01
       270  6.7499999999999660e-01  1.2245500598584144e-01  3.8488144093411613e-01
       280  6.9999999999999607e-01  1.2235865655388539e-01  3.8592227193130999e-01
       290  7.2499999999999554e-01  1.2226204071140644e-01  3.8701276482353398e-01
       300  7.4999999999999500e-01  1.2216514601283120e-01  3.8815316166054316e-01
       310  7.7499999999999447e-01  1.2206795995116848e-01  3.8934371159841623e-01
       320  7.9999999999999394e-01  1.2197046995633530e-01  3.9058467007848501e-01
       330  8.2499999999999341e-01  1.2187266339368822e-01  3.9187629800489418e-01
       340  8.4999999999999287e-01  1.2177452756276092e-01  3.9321886092014391e-01
       350  8.7499999999999234e-01  1.2167604969620780e-01  3.9461262817783081e-01
       360  8.9999999999999181e-01  1.2157721695895500e-01  3.9605787211168250e-01
       370  9.2499999999999127e-01  1.2147801644755950e-01  3.9755486719985776e-01
       380  9.4999999999999074e-01  1.2137843518977836e-01  3.9910388922338808e-01
       390  9.7499999999999021e-01  1.2127846014434908e-01  4.0070521441753913e-01
       400  9.9999999999998967e-01  1.2117807820098255e-01  4.0235911861479830e-01
       410  1.0249999999999893e+00  1.2107727618057193e-01  4.0406587637814461e-01
       420  1.0499999999999887e+00  1.2097604083561984e-01  4.0582576012321776e-01
       430  1.0749999999999882e+00  1.2087435885088607e-01  4.0763903922799065e-01
       440  1.0999999999999877e+00  1.2077221684425933e-01  4.0950597912856432e-01
       450  1.1249999999999871e+00  1.2066960136785803e-01  4.1142684039974989e-01
       460  1.1499999999999866e+00  1.2056649890936165e-01  4.1340187781915927e-01
       470  1.1749999999999861e+00  1.2046289589357900e-01  4.1543133941364120e-01
       480  1.1999999999999855e+00  1.2035877868425730e-01  4.1751546548702617e-01
       490  1.2249999999999850e+00  1.2025413358613617e-01  4.1965448762831524e-01
       500  1.2499999999999845e+00  1.2014894684725251e-01  4.2184862769965748e-01
       510  1.2749999999999839e+00  1.2004320466150083e-01  4.2409809680370593e-01
       520  1.2999999999999834e+00  1.1993689317145459e-01  4.2640309423022947e-01
       530  1.3249999999999829e+00  1.1982999847145307e-01  4.2876380638218308e-01
       540  1.3499999999999823e+00  1.1972250661095937e-01  4.3118040568181127e-01
       550  1.3749999999999818e+00  1.1961440359819416e-01  4.3365304945776969e-01
       560  1.3999999999999813e+00  1.1950567540405062e-01  4.3618187881470096e-01
       570  1.4249999999999807e+00  1.1939630796629249e-01  4.3876701748718636e-01
       580  1.4499999999999802e+00  1.1928628719404229e-01  4.4140857068053598e-01
       590  1.4749999999999797e+00  1.1917559897255865e-01  4.4410662390142112e-01
       600  1.4999999999999791e+00  1.1906422916830863e-01  4.4686124178196525e-01
       610  1.5249999999999786e+00  1.1895216363433323e-01  4.4967246690150424e-01
       620  1.5499999999999781e+00  1.1883938821590768e-01  4.5254031861087225e-01
       630  1.5749999999999775e+00  1.1872588875649485e-01  4.5546479186470152e-01
       640  1.5999999999999770e+00  1.1861165110398882e-01  4.5844585606786815e-01
       650  1.6249999999999765e+00  1.1849666111724446e-01  4.6148345394284464e-01
       660  1.6499999999999759e+00  1.1838090467288664e-01  4.6457750042532580e-01
       670  1.6749999999999754e+00  1.1826436767239144e-01  4.6772788159606957e-01
       680  1.6999999999999749e+00  1.1814703604942865e-01  4.7093445365741605e-01
       690  1.7249999999999743e+00  1.1802889577745406e-01  4.7419704196341301e-01
       700  1.7499999999999738e+00  1.1790993287753607e-01  4.7751544011285681e-01
       710  1.7749999999999733e+00  1.1779013342640067e-01  4.8088940911486016e-01
       720  1.7999999999999727e+00  1.1766948356467425e-01  4.8431867663674139e-01
       730  1.8249999999999722e+00  1.1754796950530412e-01  4.8780293634411450e-01
       740  1.8499999999999717e+00  1.1742557754213058e-01  4.9134184734299503e-01
       750  1.8749999999999711e+00  1.1730229405858511e-01  4.9493503373355591e-01
       760  1.8999999999999706e+00  1.1717810553648496e-01  4.9858208428482961e-01
       770  1.9249999999999701e+00  1.1705299856489356e-01  5.0228255223917050e-01
       780  1.9499999999999695e+00  1.1692695984901167e-01  5.0603595525465521e-01
       790  1.9749999999999690e+00  1.1679997621906640e-01  5.0984177549282574e-01
       800  1.9999999999999685e+00  1.1667203463915780e-01  5.1369945985824076e-01
       810  2.0249999999999679e+00  1.1654312221602769e-01  5.1760842039525751e-01
       820  2.0499999999999674e+00  1.1641322620770746e-01  5.2156803484626286e-01
       830  2.0749999999999669e+00  1.1628233403200732e-01  5.2557764737429976e-01
       840  2.0999999999999663e+00  1.1615043327480336e-01  5.2963656945163449e-01
       850  2.1249999999999658e+00  1.1601751169808155e-01  5.3374408091436193e-01
       860  2.1499999999999653e+00  1.1588355724769844e-01  5.3789943118164688e-01
       870  2.1749999999999647e+00  1.1574855806081549e-01  5.4210184063665276e-01
       880  2.1999999999999642e+00  1.1561250247296913e-01  5.4635050216469487e-01
       890  2.2249999999999637e+00  1.1547537902473740e-01  5.5064458284263201e-01
       900  2.2499999999999631e+00  1.1533717646796578e-01  5.5498322577204814e-01
       910  2.2749999999999626e+00  1.1519788377151725e-01  5.5936555204738097e-01
       920  2.2999999999999621e+00  1.1505749012651566e-01  5.6379066284884971e-01
       930  2.3249999999999615e+00  1.1491598495105021e-01  5.6825764164882937e-01
       940  2.3499999999999610e+00  1.1477335789431598e-01  5.7276555651925605e-01
       950  2.3749999999999605e+00  1.1462959884016662e-01  5.7731346252671133e-01
       960  2.3999999999999599e+00  1.1448469791005817e-01  5.8190040420104883e-01
       970  2.4249999999999594e+00  1.1433864546536874e-01  5.8652541806281735e-01
       980  2.4499999999999589e+00  1.1419143210907977e-01  5.9118753519425758e-01
       990  2.4749999999999583e+00  1.1404304868681171e-01  5.9588578383838025e-01
      1000  2.4999999999999578e+00  1.1389348628720667e-01  6.0061919201048570e-01
      1010  2.5249999999999573e+00  1.1374273624166002e-01  6.0538679010654435e-01
      1020  2.5499999999999567e+00  1.1359079012340022e-01  6.1018761349302450e-01
      1030  2.5749999999999562e+00  1.1343763974592624e-01  6.1502070506312045e-01
      1040  2.5999999999999557e+00  1.1328327716081095e-01  6.1988511774479153e-01
      1050  2.6249999999999551e+00  1.1312769465488522e-01  6.2477991694664449e-01
      1060  2.6499999999999546e+00  1.1297088474682028e-01  6.2970418292840461e-01
      1070  2.6749999999999541e+00  1.1281284018312706e-01  6.3465701308353824e-01
      1080  2.6999999999999535e+00  1.1265355393359779e-01  6.3963752412250830e-01
      1090  2.7249999999999530e+00  1.1249301918621541e-01  6.4464485414611154e-01
      1100  2.7499999999999525e+00  1.1233122934155903e-01  6.4967816459938356e-01
      1110  2.7749999999999519e+00  1.1216817800673673e-01  6.5473664209763253e-01
      1120  2.7999999999999514e+00  1.1200385898887917e-01  6.5981950011726323e-01
      1130  2.8249999999999509e+00  1.1183826628822710e-01  6.6492598054515566e-01
      1140  2.8499999999999504e+00  1.1167139409085078e-01  6.7005535508147730e-01
      1150  2.8749999999999498e+00  1.1150323676103649e-01  6.7520692649187829e-01
      1160  2.8999999999999493e+00  1.1133378883338009e-01  6.8038002970608532e-01
      1170  2.9249999999999488e+00  1.1116304500462458e-01  6.8557403276089599e-01
      1180  2.9499999999999482e+00  1.1099100012528166e-01  6.9078833758653161e-01
      1190  2.9749999999999477e+00  1.1081764919107685e-01  6.9602238063616814e-01
      1200  2.9999999999999472e+00  1.1064298733425579e-01  7.0127563335925039e-01
      1210  3.0249999999999466e+00  1.1046700981479284e-01  7.0654760251989532e-01
      1220  3.0499999999999461e+00  1.1028971201153791e-01  7.1183783036226429e-01
      1230  3.0749999999999456e+00  1.1011108941334185e-01  7.1714589462528384e-01
      1240  3.0999999999999450e+00  1.0993113761019630e-01  7.2247140840945037e-01
      1250  3.1249999999999445e+00  1.0974985228442507e-01  7.2781401989871553e-01
      1260  3.1499999999999440e+00  1.0956722920196262e-01  7.3317341194059391e-01
      1270  3.1749999999999434e+00  1.0938326420375567e-01  7.3854930148767949e-01
      1280  3.1999999999999429e+00  1.0919795319732043e-01  7.4394143890369666e-01
      1290  3.2249999999999424e+00  1.0901129214849052e-01  7.4934960713709841e-01
      1300  3.2499999999999418e+00  1.0882327707338755e-01  7.5477362076503640e-01
      1310  3.2749999999999413e+00  1.0863390403064676e-01  7.6021332491032498e-01
      1320  3.2999999999999408e+00  1.0844316911392910e-01  7.6566859403382200e-01
      1330  3.3249999999999402e+00  1.0825106844475016e-01  7.7113933060449789e-01
      1340  3.3499999999999397e+00  1.0805759816565712e-01  7.7662546364939787e-01
      1350  3.3749999999999392e+00  1.0786275443378297e-01  7.8212694718576004e-01
      1360  3.3999999999999386e+00  1.0766653341480648e-01  7.8764375853777391e-01
      1370  3.4249999999999381e+00  1.0746893127734808e-01  7.9317589654090145e-01
      1380  3.4499999999999376e+00  1.0726994418782757e-01  7.9872337963732457e-01
      1390  3.4749999999999370e+00  1.0706956830581172e-01  8.0428624386698047e-01
      1400  3.4999999999999365e+00  1.0686779977987615e-01  8.0986454075976668e-01
      1410  3.5249999999999360e+00  1.0666463474400588e-01  8.1545833513582427e-01
      1420  3.5499999999999354e+00  1.0646006931455681e-01  8.2106770282229070e-01
      1430  3.5749999999999349e+00  1.0625409958779680e-01  8.2669272829645204e-01
      1440  3.5999999999999344e+00  1.0604672163804473e-01  8.3233350226674949e-01
      1450  3.6249999999999338e+00  1.0583793151642001e-01  8.3799011920443341e-01
      1460  3.6499999999999333e+00  1.0562772525021455e-01  8.4366267483969166e-01
      1470  3.6749999999999328e+00  1.0541609884289315e-01  8.4935126363663395e-01
      1480  3.6999999999999322e+00  1.0520304827472666e-01  8.5505597626142782e-01
      1490  3.7249999999999317e+00  1.0498856950405738e-01  8.6077689705700187e-01
      1500  3.7499999999999312e+00  1.0477265846919356e-01  8.6651410153595494e-01
      1510  3.7749999999999306e+00  1.0455531109092785e-01  8.7226765390051812e-01
      1520  3.7999999999999301e+00  1.0433652327567135e-01  8.7803760459461114e-01
      1530  3.8249999999999296e+00  1.0411629091919607e-01  8.8382398788824093e-01
      1540  3.8499999999999290e+00  1.0389460991097719e-01  8.8962681948880430e-01
      1550  3.8749999999999285e+00  1.0367147613913072e-01  8.9544609416750422e-01
      1560  3.8999999999999280e+00  1.0344688549594437e-01  9.0128178338227252e-01
      1570  3.9249999999999274e+00  1.0322083388400560e-01  9.0713383287170129e-01
      1580  3.9499999999999269e+00  1.0299331722293801e-01  9.1300216018785731e-01
      1590  3.9749999999999264e+00  1.0276433145676697e-01  9.1888665212991719e-01
      1600  3.9999999999999258e+00  1.0253387256194218e-01  9.2478716203573298e-01
      1610  4.0249999999999293e+00  1.0230193655606119e-01  9.3070350688514084e-01
      1620  4.0499999999999332e+00  1.0206851950734484e-01  9.3663546416738070e-01
      1630  4.0749999999999371e+00  1.0183361754493047e-01  9.4258276846572700e-01
      1640  4.0999999999999410e+00  1.0159722687005893e-01  9.4854510771551108e-01
      1650  4.1249999999999449e+00  1.0135934376824212e-01  9.5452211909722698e-01
      1660  4.1499999999999488e+00  1.0111996462250587e-01  9.6051338453431183e-01
      1670  4.1749999999999527e+00  1.0087908592780996e-01  9.6651842577530940e-01
      1680  4.1999999999999567e+00  1.0063670430675114e-01  9.7253669905217379e-01
      1690  4.2249999999999606e+00  1.0039281652665341e-01  9.7856758932002001e-01
      1700  4.2499999999999645e+00  1.0014741951814931e-01  9.8461040409824787e-01
      1710  4.2749999999999684e+00  9.9900510395346717e-02  9.9066436694804097e-01
      1720  4.2999999999999723e+00  9.9652086477667385e-02  9.9672861063625101e-01
      1730  4.3249999999999762e+00  9.9402145313426533e-02  1.0028021700500034e+00
      1740  4.3499999999999801e+00  9.9150684705207431e-02  1.0088839749394914e+00
      1750  4.3749999999999840e+00  9.8897702737062076e-02  1.0149728425778577e+00
      1760  4.3999999999999879e+00  9.8643197803547845e-02  1.0210674704364378e+00
      1770  4.4249999999999918e+00  9.8387168640581721e-02  1.0271664289806299e+00
      1780  4.4499999999999957e+00  9.8129614358069707e-02  1.0332681546961573e+00
      1790  4.4749999999999996e+00  9.7870534474239061e-02  1.0393709434573966e+00
      1800  4.5000000000000036e+00  9.7609928951573777e-02  1.0454729443488914e+00
      1810  4.5250000000000075e+00  9.7347798234227163e-02  1.0515721540482968e+00
      1820  4.5500000000000114e+00  9.7084143286757404e-02  1.0576664118741085e+00
      1830  4.5750000000000153e+00  9.6818965634007943e-02  1.0637533955949386e+00
      1840  4.6000000000000192e+00  9.6552267401931181e-02  1.0698306180891982e+00
      1850  4.6250000000000231e+00  9.6284051359132468e-02  1.0758954249352189e+00
      1860  4.6500000000000270e+00  9.6014320958892579e-02  1.0819449930024554e+00
      1870  4.6750000000000309e+00  9.5743080381411225e-02  1.0879763301047981e+00
      1880  4.7000000000000348e+00  9.5470334575998447e-02  1.0939862757674272e+00
      1890  4.7250000000000387e+00  9.5196089302931182e-02  1.0999715031492733e+00
      1900  4.7500000000000426e+00  9.4920351174680875e-02  1.1059285221540467e+00
      1910  4.7750000000000465e+00  9.4643127696212341e-02  1.1118536837540037e+00
      1920  4.8000000000000504e+00  9.4364427304048268e-02  1.1177431855420062e+00
      1930  4.8250000000000544e+00  9.4084259403791295e-02  1.1235930785188512e+00
      1940  4.8500000000000583e+00  9.3802634405795249e-02  1.1293992751140866e+00
      1950  4.8750000000000622e+00  9.3519563758677880e-02  1.1351575584293573e+00
      1960  4.9000000000000661e+00  9.3235059980371670e-02  1.1408635926835430e+00
      1970  4.9250000000000700e+00  9.2949136686416711e-02  1.1465129348283965e+00
      1980  4.9500000000000739e+00  9.2661808615207508e-02  1.1521010472919533e+00
      1990  4.9750000000000778e+00  9.2373091649918608e-02  1.1576233117947118e+00
      2000  5.0000000000000817e+00  9.2083002836848965e-02  1.1630750441705423e+00
      2010  5.0250000000000856e+00  9.1791560399943913e-02  1.1684515101106969e+00
      2020  5.0500000000000895e+00  9.1498783751275581e-02  1.1737479417354692e+00
      2030  5.0750000000000934e+00  9.1204693497287932e-02  1.1789595548843833e+00
      2040  5.1000000000000973e+00  9.0909311440642365e-02  1.1840815670027310e+00
      2050  5.1250000000001013e+00  9.0612660577530766e-02  1.1891092154903505e+00
      2060  5.1500000000001052e+00  9.0314765090358641e-02  1.1940377763682369e+00
      2070  5.1750000000001091e+00  9.0015650335737657e-02  1.1988625831103857e+00
      2080  5.2000000000001130e+00  8.9715342827765931e-02  1.2035790454825623e+00
      2090  5.2250000000001169e+00  8.9413870216614628e-02  1.2081826682267344e+00
      2100  5.2500000000001208e+00  8.9111261262479926e-02  1.2126690694298406e+00
      2110  5.2750000000001247e+00  8.8807545804997975e-02  1.2170339984183696e+00
      2120  5.3000000000001286e+00  8.8502754728262049e-02  1.2212733530258088e+00
      2130  5.3250000000001325e+00  8.8196919921616654e-02  1.2253831960881402e+00
      2140  5.3500000000001364e+00  8.7890074236437735e-02  1.2293597710329379e+00
      2150  5.3750000000001403e+00  8.7582251439142219e-02  1.2331995164399433e+00
      2160  5.4000000000001442e+00  8.7273486160697392e-02  1.2368990794648410e+00
      2170  5.4250000000001481e+00  8.6963813842925931e-02  1.2404553280329662e+00
      2180  5.4500000000001521e+00  8.6653270681924955e-02  1.2438653617254439e+00
      2190  5.4750000000001560e+00  8.6341893568933542e-02  1.2471265212963749e+00
      2200  5.5000000000001599e+00  8.6029720028996411e-02  1.2502363967758173e+00
      2210  5.5250000000001638e+00  8.5716788157782527e-02  1.2531928341291349e+00
      2220  5.5500000000001677e+00  8.5403136556920625e-02  1.2559939404585032e+00
      2230  5.5750000000001716e+00  8.5088804268216559e-02  1.2586380877467841e+00
      2240  5.6000000000001755e+00  8.4773830707115975e-02  1.2611239151574052e+00
      2250  5.6250000000001794e+00  8.4458255595769678e-02  1.2634503299161658e+00
      2260  5.6500000000001833e+00  8.4142118896052136e-02  1.2656165068119660e+00
      2270  5.6750000000001872e+00  8.3825460742872693e-02  1.2676218863632392e+00
      2280  5.7000000000001911e+00  8.3508321378106247e-02  1.2694661717053604e+00
      2290  5.7250000000001950e+00  8.3190741085455248e-02  1.2711493242615111e+00
      2300  5.7500000000001990e+00  8.2872760126539582e-02  1.2726715582654807e+00
      2310  5.7750000000002029e+00  8.2554418678491250e-02  1.2740333342097432e+00
      2320  5.8000000000002068e+00  8.2235756773313120e-02  1.2752353512959891e+00
      2330  5.8250000000002107e+00  8.1916814239242110e-02  1.2762785389682697e+00
      2340  5.8500000000002146e+00  8.1597630644334569e-02  1.2771640476111072e+00
      2350  5.8750000000002185e+00  8.1278245242472904e-02  1.2778932384965316e+00
      2360  5.9000000000002224e+00  8.0958696921971078e-02  1.2784676730651167e+00
      2370  5.9250000000002263e+00  8.0639024156933229e-02  1.2788891016267670e+00
      2380  5.9500000000002302e+00  8.0319264961501179e-02  1.2791594515673994e+00
      2390  5.9750000000002341e+00  7.9999456847103105e-02  1.2792808151477143e+00
      2400  6.0000000000002380e+00  7.9679636782794382e-02  1.2792554369800268e+00
      2410  6.0250000000002419e+00  7.9359841158760565e-02  1.2790857012685798e+00
      2420  6.0500000000002458e+00  7.9040105753031108e-02  1.2787741188978472e+00
      2430  6.0750000000002498e+00  7.8720465701431254e-02  1.2783233144519946e+00
      2440  6.1000000000002537e+00  7.8400955470779281e-02  1.2777360132468448e+00
      2450  6.1250000000002576e+00  7.8081608835315745e-02  1.2770150284533204e+00
      2460  6.1500000000002615e+00  7.7762458856332822e-02  1.2761632483883713e+00
      2470  6.1750000000002654e+00  7.7443537864951838e-02  1.2751836240458036e+00
      2480  6.2000000000002693e+00  7.7124877447981566e-02  1.2740791569352149e+00
      2490  6.2250000000002732e+00  7.6806508436771273e-02  1.2728528872924057e+00
      2500  6.2500000000002771e+00  7.6488460898958665e-02  1.2715078827192426e+00
      2510  6.2750000000002810e+00  7.6170764132998782e-02  1.2700472273050637e+00
      2520  6.3000000000002849e+00  7.5853446665347284e-02  1.2684740112754123e+00
      2530  6.3250000000002888e+00  7.5536536250161937e-02  1.2667913212072882e+00
      2540  6.3500000000002927e+00  7.5220059871375524e-02  1.2650022308433092e+00
      2550  6.3750000000002967e+00  7.4904043746987905e-02  1.2631097925303285e+00
      2560  6.4000000000003006e+00  7.4588513335418379e-02  1.2611170293012436e+00
      2570  6.4250000000003045e+00  7.4273493343755648e-02  1.2590269276120976e+00
      2580  6.4500000000003084e+00  7.3959007737741068e-02  1.2568424307402136e+00
      2590  6.4750000000003123e+00  7.3645079753319785e-02  1.2545664328431027e+00
      2600  6.5000000000003162e+00  7.3331731909594905e-02  1.2522017736723324e+00
      2610  6.5250000000003201e+00  7.3018986023022566e-02  1.2497512339314859e+00
      2620  6.5500000000003240e+00  7.2706863222688483e-02  1.2472175312628404e+00
      2630  6.5750000000003279e+00  7.2395383966511225e-02  1.2446033168434558e+00
      2640  6.6000000000003318e+00  7.2084568058222692e-02  1.2419111725680122e+00
      2650  6.6250000000003357e+00  7.1774434664982003e-02  1.2391436087929616e+00
      2660  6.6500000000003396e+00  7.1465002335486286e-02  1.2363030626143462e+00
      2670  6.6750000000003435e+00  7.1156289018448014e-02  1.2333918966499462e+00
      2680  6.7000000000003475e+00  7.0848312081317360e-02  1.2304123982952433e+00
      2690  6.7250000000003514e+00  7.0541088329134133e-02  1.2273667794219321e+00
      2700  6.7500000000003553e+00  7.0234634023403387e-02  1.2242571764873868e+00
      2710  6.7750000000003592e+00  6.9928964900895456e-02  1.2210856510234938e+00
      2720  6.8000000000003631e+00  6.9624096192279572e-02  1.2178541904735778e+00
      2730  6.8250000000003670e+00  6.9320042640508169e-02  1.2145647093467065e+00
      2740  6.8500000000003709e+00  6.9016818518875751e-02  1.2112190506594213e+00
      2750  6.8750000000003748e+00  6.8714437648684691e-02  1.2078189876358634e+00
      2760  6.9000000000003787e+00  6.8412913416456481e-02  1.2043662256383018e+00
      2770  6.9250000000003826e+00  6.8112258790634417e-02  1.2008624043012005e+00
      2780  6.9500000000003865e+00  6.7812486337730078e-02  1.1973090998431402e+00
      2790  6.9750000000003904e+00  6.7513608237871976e-02  1.1937078275321335e+00
      2800  7.0000000000003944e+00  6.7215636299721255e-02  1.1900600442811146e+00
      2810  7.0250000000003983e+00  6.6918581974724578e-02  1.1863671513516217e+00
      2820  7.0500000000004022e+00  6.6622456370679761e-02  1.1826304971449413e+00
      2830  7.0750000000004061e+00  6.6327270264594512e-02  1.1788513800612067e+00
      2840  7.1000000000004100e+00  6.6033034114824073e-02  1.1750310514081811e+00
      2850  7.1250000000004139e+00  6.5739758072477161e-02  1.1711707183426525e+00
      2860  7.1500000000004178e+00  6.5447451992084033e-02  1.1672715468285704e+00
      2870  7.1750000000004217e+00  6.5156125441524746e-02  1.1633346645972378e+00
      2880  7.2000000000004256e+00  6.4865787711218176e-02  1.1593611640960321e+00
      2890  7.2250000000004295e+00  6.4576447822576845e-02  1.1553521054132833e+00
      2900  7.2500000000004334e+00  6.4288114535734612e-02  1.1513085191680526e+00
      2910  7.2750000000004373e+00  6.4000796356557451e-02  1.1472314093546596e+00
      2920  7.3000000000004412e+00  6.3714501542949540e-02  1.1431217561328609e+00
      2930  7.3250000000004452e+00  6.3429238110469588e-02  1.1389805185556063e+00
      2940  7.3500000000004491e+00  6.3145013837273760e-02  1.1348086372272701e+00
      2950  7.3750000000004530e+00  6.2861836268403386e-02  1.1306070368861653e+00
      2960  7.4000000000004569e+00  6.2579712719437019e-02  1.1263766289059975e+00
      2970  7.4250000000004608e+00  6.2298650279527809e-02  1.1221183137116919e+00
      2980  7.4500000000004647e+00  6.2018655813847946e-02  1.1178329831057243e+00
      2990  7.4750000000004686e+00  6.1739735965463174e-02  1.1135215225017030e+00
      3000  7.5000000000004725e+00  6.1461897156660739e-02  1.1091848130624812e+00
      3010  7.5250000000004764e+00  6.1185145589754948e-02  1.1048237337405267e+00
      3020  7.5500000000004803e+00  6.0909487247395033e-02  1.1004391632186394e+00
      3030  7.5750000000004842e+00  6.0634927892400608e-02  1.0960319817493937e+00
      3040  7.6000000000004881e+00  6.0361473067149927e-02  1.0916030728918856e+00
      3050  7.6250000000004921e+00  6.0089128092546963e-02  1.0871533251445107e+00
      3060  7.6500000000004960e+00  5.9817898066593481e-02  1.0826836334725674e+00
      3070  7.6750000000004999e+00  5.9547787862592360e-02  1.0781949007295105e+00
      3080  7.7000000000005038e+00  5.9278802127009143e-02  1.0736880389706481e+00
      3090  7.7250000000005077e+00  5.9010945277018679e-02  1.0691639706580240e+00
      3100  7.7500000000005116e+00  5.8744221497764238e-02  1.0646236297551291e+00
      3110  7.7750000000005155e+00  5.8478634739356976e-02  1.0600679627099885e+00
      3120  7.8000000000005194e+00  5.8214188713643637e-02  1.0554979293250514e+00
      3130  7.8250000000005233e+00  5.7950886890771278e-02  1.0509145035121890e+00
      3140  7.8500000000005272e+00  5.7688732495577534e-02  1.0463186739310065e+00
      3150  7.8750000000005311e+00  5.7427728503836272e-02  1.0417114445085709e+00
      3160  7.9000000000005350e+00  5.7167877638388350e-02  1.0370938348385974e+00
      3170  7.9250000000005389e+00  5.6909182365187764e-02  1.0324668804580816e+00
      3180  7.9500000000005429e+00  5.6651644889294155e-02  1.0278316329993764e+00
      3190  7.9750000000005468e+00  5.6395267150843206e-02  1.0231891602157396e+00
      3200  8.0000000000005507e+00  5.6140050821026492e-02  1.0185405458784652e+00
      3210  8.0250000000005457e+00  5.5885997298113454e-02  1.0138868895438474e+00
      3220  8.0500000000005407e+00  5.5633107703547984e-02  1.0092293061884098e+00
      3230  8.0750000000005357e+00  5.5381382878152655e-02  1.0045689257110706e+00
      3240  8.1000000000005308e+00  5.5130823378474587e-02  9.9990689230121672e-01
      3250  8.1250000000005258e+00  5.4881429473305614e-02  9.9524436367198772e-01
      3260  8.1500000000005208e+00  5.4633201140411372e-02  9.9058251015848448e-01
      3270  8.1750000000005159e+00  5.4386138063502545e-02  9.8592251368104016e-01
      3280  8.2000000000005109e+00  5.4140239629482178e-02  9.8126556657418180e-01
      3290  8.2250000000005059e+00  5.3895504926002388e-02  9.7661287028242264e-01
      3300  8.2500000000005009e+00  5.3651932739363673e-02  9.7196563392457011e-01
      3310  8.2750000000004960e+00  5.3409521552789129e-02  9.6732507272879996e-01
      3320  8.3000000000004910e+00  5.3168269545106057e-02  9.6269240634133520e-01
      3330  8.3250000000004860e+00  5.2928174589865697e-02  9.5806885701215463e-01
      3340  8.3500000000004810e+00  5.2689234254931501e-02  9.5345564766175755e-01
      3350  8.3750000000004761e+00  5.2451445802565057e-02  9.4885399983360591e-01
      3360  8.4000000000004711e+00  5.2214806190037810e-02  9.4426513153745343e-01
      3370  8.4250000000004661e+00  5.1979312070794893e-02  9.3969025498935659e-01
      3380  8.4500000000004611e+00  5.1744959796196140e-02  9.3513057425472941e-01
      3390  8.4750000000004562e+00  5.1511745417857841e-02  9.3058728280136735e-01
      3400  8.5000000000004512e+00  5.1279664690616797e-02  9.2606156096991236e-01
      3410  8.5250000000004462e+00  5.1048713076136034e-02  9.2155457336976453e-01
      3420  8.5500000000004412e+00  5.0818885747170143e-02  9.1706746620898135e-01
      3430  8.5750000000004363e+00  5.0590177592505415e-02  9.1260136456722118e-01
      3440  8.6000000000004313e+00  5.0362583222587843e-02  9.0815736962130926e-01
      3450  8.6250000000004263e+00  5.0136096975849658e-02  9.0373655583352069e-01
      3460  8.6500000000004214e+00  4.9910712925742290e-02  8.9933996811319392e-01
      3470  8.6750000000004164e+00  4.9686424888481133e-02  8.9496861896281122e-01
      3480  8.7000000000004114e+00  4.9463226431504545e-02  8.9062348562021019e-01
      3490  8.7250000000004064e+00  4.9241110882646517e-02  8.8630550720912224e-01
      3500  8.7500000000004015e+00  4.9020071340019272e-02  8.8201558191076870e-01
      3510  8.7750000000003965e+00  4.8800100682599060e-02  8.7775456416978586e-01
      3520  8.8000000000003915e+00  4.8581191581504668e-02  8.7352326194827753e-01
      3530  8.8250000000003865e+00  4.8363336511954970e-02  8.6932243404231996e-01
      3540  8.8500000000003816e+00  4.8146527765887925e-02  8.6515278747574266e-01
      3550  8.8750000000003766e+00  4.7930757465219985e-02  8.6101497498648496e-01
      3560  8.9000000000003716e+00  4.7716017575720670e-02  8.5690959262125373e-01
      3570  8.9250000000003666e+00  4.7502299921473185e-02  8.5283717745458118e-01
      3580  8.9500000000003617e+00  4.7289596199888189e-02  8.4879820544868241e-01
      3590  8.9750000000003567e+00  4.7077897997233046e-02  8.4479308947071372e-01
      3600  9.0000000000003517e+00  4.6867196804635577e-02  8.4082217748413717e-01
      3610  9.0250000000003467e+00  4.6657484034516333e-02  8.3688575093085940e-01
      3620  9.0500000000003418e+00  4.6448751037399718e-02  8.3298402332063667e-01
      3630  9.0750000000003368e+00  4.6240989119050392e-02  8.2911713904388910e-01
      3640  9.1000000000003318e+00  4.6034189557876643e-02  8.2528517242353602e-01
      3650  9.1250000000003268e+00  4.5828343622539532e-02  8.2148812702073575e-01
      3660  9.1500000000003219e+00  4.5623442589702342e-02  8.1772593520846297e-01
      3670  9.1750000000003169e+00  4.5419477761851866e-02  8.1399845802569234e-01
      3680  9.2000000000003119e+00  4.5216440485119721e-02  8.1030548532355394e-01
      3690  9.2250000000003070e+00  4.5014322167029814e-02  8.0664673621319781e-01
      3700  9.2500000000003020e+00  4.4813114294095115e-02  8.0302185982323844e-01
      3710  9.2750000000002970e+00  4.4612808449185808e-02  7.9943043637257094e-01
      3720  9.3000000000002920e+00  4.4413396328589446e-02  7.9587197856205503e-01
      3730  9.3250000000002871e+00  4.4214869758683186e-02  7.9234593328608349e-01
      3740  9.3500000000002821e+00  4.4017220712138199e-02  7.8885168366240243e-01
      3750  9.3750000000002771e+00  4.3820441323577425e-02  7.8538855137577516e-01
      3760  9.4000000000002721e+00  4.3624523904608768e-02  7.8195579932819389e-01
      3770  9.4250000000002672e+00  4.3429460958158605e-02  7.7855263458541020e-01
      3780  9.4500000000002622e+00  4.3235245192032785e-02  7.7517821160659191e-01
      3790  9.4750000000002572e+00  4.3041869531636659e-02  7.7183163574099259e-01
      3800  9.5000000000002522e+00  4.2849327131789361e-02  7.6851196697266704e-01
      3810  9.5250000000002473e+00  4.2657611387573176e-02  7.6521822389154361e-01
      3820  9.5500000000002423e+00  4.2466715944164434e-02  7.6194938786662171e-01
      3830  9.5750000000002373e+00  4.2276634705598465e-02  7.5870440739473265e-01
      3840  9.6000000000002323e+00  4.2087361842428449e-02  7.5548220259625057e-01
      3850  9.6250000000002274e+00  4.1898891798245091e-02  7.5228166982738779e-01
      3860  9.6500000000002224e+00  4.1711219295031947e-02  7.4910168637730607e-01
      3870  9.6750000000002174e+00  4.1524339337339294e-02  7.4594111521724187e-01
      3880  9.7000000000002125e+00  4.1338247215267646e-02  7.4279880976820812e-01
      3890  9.7250000000002075e+00  4.1152938506260611e-02  7.3967361865361515e-01
      3900  9.7500000000002025e+00  4.0968409075714948e-02  7.3656439040334796e-01
      3910  9.7750000000001975e+00  4.0784655076424014e-02  7.3346997807645829e-01
      3920  9.8000000000001926e+00  4.0601672946879113e-02  7.3038924377065921e-01
      3930  9.8250000000001876e+00  4.0419459408460882e-02  7.2732106298823878e-01
      3940  9.8500000000001826e+00  4.0238011461559928e-02  7.2426432882980528e-01
      3950  9.8750000000001776e+00  4.0057326380673564e-02  7.2121795598942268e-01
      3960  9.9000000000001727e+00  3.9877401708530933e-02  7.1818088452713157e-01
      3970  9.9250000000001677e+00  3.9698235249305217e-02  7.1515208339756176e-01
      3980  9.9500000000001627e+00  3.9519825060976042e-02  7.1213055371625638e-01
      3990  9.9750000000001577e+00  3.9342169446909721e-02  7.0911533174840676e-01
      4000  1.0000000000000153e+01  3.9165266946728322e-02  7.0610549160788651e-01
