         0  0.0000000000000000e+00  1.2500000000000000e-01  3.7500000000000000e-01
        10  2.4999999999999998e-02  1.2497656418867831e-01  3.7495409710453172e-01
        20  5.0000000000000010e-02  1.2495312972154270e-01  3.7495697846009760e-01
        30  7.5000000000000025e-02  1.2492969355071224e-01  3.7500861234774001e-01
        40  1.0000000000000005e-01  1.2490625262942883e-01  3.7510899452786032e-01
        50  1.2500000000000006e-01  1.2488280391034558e-01  3.7525814803946224e-01
        60  1.5000000000000008e-01  1.2485934434382949e-01  3.7545612297597663e-01
        70  1.7500000000000010e-01  1.2483587087627697e-01  3.7570299623821821e-01
        80  2.0000000000000012e-01  1.2481238044844781e-01  3.7599887126521147e-01
        90  2.2500000000000014e-01  1.2478886999381494e-01  3.7634387774375648e-01
       100  2.5000000000000017e-01  1.2476533643693360e-01  3.7673817129776758e-01
       110  2.7500000000000019e-01  1.2474177669183060e-01  3.7718193315854467e-01
       120  3.0000000000000021e-01  1.2471818766041443e-01  3.7767536981725672e-01
       130  3.2500000000000023e-01  1.2469456623090818e-01  3.7821871266102696e-01
       140  3.5000000000000026e-01  1.2467090927630497e-01  3.7881221759409479e-01
       150  3.7500000000000028e-01  1.2464721365284795e-01  3.7945616464561031e-01
       160  4.0000000000000030e-01  1.2462347619853492e-01  3.8015085756567232e-01
       170  4.2500000000000032e-01  1.2459969373164886e-01  3.8089662341126616e-01
       180  4.5000000000000034e-01  1.2457586304931444e-01  3.8169381212377865e-01
       190  4.7500000000000037e-01  1.2455198092608083e-01  3.8254279609977792e-01
       200  5.0000000000000033e-01  1.2452804411253186e-01  3.8344396975673837e-01
       210  5.2499999999999980e-01  1.2450404933392409e-01  3.8439774909536315e-01
       220  5.4999999999999927e-01  1.2447999328885044e-01  3.8540457126010763e-01
       230  5.7499999999999873e-01  1.2445587264793327e-01  3.8646489409946440e-01
       240  5.9999999999999820e-01  1.2443168405254367e-01  3.8757919572747821e-01
       250  6.2499999999999767e-01  1.2440742411354886e-01  3.8874797408788292e-01
       260  6.4999999999999714e-01  1.2438308941008594e-01  3.8997174652214231e-01
       270  6.7499999999999660e-01  1.2435867648836330e-01  3.9125104934256624e-01
       280  6.9999999999999607e-01  1.2433418186048786e-01  3.9258643741154023e-01
       290  7.2499999999999554e-01  1.2430960200331894e-01  3.9397848372777456e-01
       300  7.4999999999999500e-01  1.2428493335734703e-01  3.9542777902032338e-01
       310  7.7499999999999447e-01  1.2426017232559830e-01  3.9693493135097671e-01
       320  7.9999999999999394e-01  1.2423531527256374e-01  3.9850056572545888e-01
       330  8.2499999999999341e-01  1.2421035852315192e-01  4.0012532371369876e-01
       340  8.4999999999999287e-01  1.2418529836166516e-01  4.0180986307926639e-01
       350  8.7499999999999234e-01  1.2416013103079901e-01  4.0355485741789489e-01
       360  8.9999999999999181e-01  1.2413485273066396e-01  4.0536099580482688e-01
       370  9.2499999999999127e-01  1.2410945961782826e-01  4.0722898245054644e-01
       380  9.4999999999999074e-01  1.2408394780438285e-01  4.0915953636428817e-01
       390  9.7499999999999021e-01  1.2405831335702692e-01  4.1115339102453295e-01
       400  9.9999999999998967e-01  1.2403255229617326e-01  4.1321129405553344e-01
       410  1.0249999999999893e+00  1.2400666059507471e-01  4.1533400690875366e-01
       420  1.0499999999999887e+00  1.2398063417896921e-01  4.1752230454793649e-01
       430  1.0749999999999882e+00  1.2395446892424540e-01  4.1977697513637735e-01
       440  1.0999999999999877e+00  1.2392816065762749e-01  4.2209881972483041e-01
       450  1.1249999999999871e+00  1.2390170515537942e-01  4.2448865193834452e-01
       460  1.1499999999999866e+00  1.2387509814252862e-01  4.2694729766020891e-01
       470  1.1749999999999861e+00  1.2384833529211048e-01  4.2947559471108149e-01
       480  1.1999999999999855e+00  1.2382141222443178e-01  4.3207439252126732e-01
       490  1.2249999999999850e+00  1.2379432450635572e-01  4.3474455179405101e-01
       500  1.2499999999999845e+00  1.2376706765060874e-01  4.3748694415791117e-01
       510  1.2749999999999839e+00  1.2373963711510794e-01  4.4030245180539276e-01
       520  1.2999999999999834e+00  1.2371202830231351e-01  4.4319196711640124e-01
       530  1.3249999999999829e+00  1.2368423655860334e-01  4.4615639226364523e-01
       540  1.3499999999999823e+00  1.2365625717367451e-01  4.4919663879798756e-01
       550  1.3749999999999818e+00  1.2362808537997028e-01  4.5231362721147389e-01
       560  1.3999999999999813e+00  1.2359971635213591e-01  4.5550828647587558e-01
       570  1.4249999999999807e+00  1.2357114520650319e-01  4.5878155355464977e-01
       580  1.4499999999999802e+00  1.2354236700060771e-01  4.6213437288633070e-01
       590  1.4749999999999797e+00  1.2351337673273802e-01  4.6556769583748901e-01
       600  1.4999999999999791e+00  1.2348416934152087e-01  4.6908248012356261e-01
       610  1.5249999999999786e+00  1.2345473970554305e-01  4.7267968919604930e-01
       620  1.5499999999999781e+00  1.2342508264301342e-01  4.7636029159478477e-01
       630  1.5749999999999775e+00  1.2339519291146558e-01  4.8012526026428220e-01
       640  1.5999999999999770e+00  1.2336506520750525e-01  4.8397557183342560e-01
       650  1.6249999999999765e+00  1.2333469416660332e-01  4.8791220585814237e-01
       660  1.6499999999999759e+00  1.2330407436293749e-01  4.9193614402708080e-01
       670  1.6749999999999754e+00  1.2327320030928493e-01  4.9604836933075240e-01
       680  1.6999999999999749e+00  1.2324206645696747e-01  5.0024986519509395e-01
       690  1.7249999999999743e+00  1.2321066719585282e-01  5.0454161458095173e-01
       700  1.7499999999999738e+00  1.2317899685441222e-01  5.0892459905159158e-01
       710  1.7749999999999733e+00  1.2314704969983790e-01  5.1339979781101300e-01
       720  1.7999999999999727e+00  1.2311481993822130e-01  5.1796818671656737e-01
       730  1.8249999999999722e+00  1.2308230171479354e-01  5.2263073727018069e-01
       740  1.8499999999999717e+00  1.2304948911422958e-01  5.2738841559333922e-01
       750  1.8749999999999711e+00  1.2301637616101677e-01  5.3224218139192730e-01
       760  1.8999999999999706e+00  1.2298295681988862e-01  5.3719298691799470e-01
       770  1.9249999999999701e+00  1.2294922499632259e-01  5.4224177593658290e-01
       780  1.9499999999999695e+00  1.2291517453710265e-01  5.4738948270685759e-01
       790  1.9749999999999690e+00  1.2288079923094480e-01  5.5263703098795083e-01
       800  1.9999999999999685e+00  1.2284609280918281e-01  5.5798533308112396e-01
       810  2.0249999999999679e+00  1.2281104894651404e-01  5.6343528892111038e-01
       820  2.0499999999999674e+00  1.2277566126179821e-01  5.6898778523074306e-01
       830  2.0749999999999669e+00  1.2273992331890809e-01  5.7464369475426315e-01
       840  2.0999999999999663e+00  1.2270382862762447e-01  5.8040387558595227e-01
       850  2.1249999999999658e+00  1.2266737064456998e-01  5.8626917061198303e-01
       860  2.1499999999999653e+00  1.2263054277417341e-01  5.9224040708457260e-01
       870  2.1749999999999647e+00  1.2259333836965676e-01  5.9831839634867162e-01
       880  2.1999999999999642e+00  1.2255575073403267e-01  6.0450393374246718e-01
       890  2.2249999999999637e+00  1.2251777312110394e-01  6.1079779869395971e-01
       900  2.2499999999999631e+00  1.2247939873644816e-01  6.1720075503669694e-01
       910  2.2749999999999626e+00  1.2244062073837718e-01  6.2371355156849232e-01
       920  2.2999999999999621e+00  1.2240143223885180e-01  6.3033692287750215e-01
       930  2.3249999999999615e+00  1.2236182630433690e-01  6.3707159046047222e-01
       940  2.3499999999999610e+00  1.2232179595657653e-01  6.4391826415820924e-01
       950  2.3749999999999605e+00  1.2228133417326839e-01  6.5087764393342112e-01
       960  2.3999999999999599e+00  1.2224043388861648e-01  6.5795042201599245e-01
       970  2.4249999999999594e+00  1.2219908799373692e-01  6.6513728544051484e-01
       980  2.4499999999999589e+00  1.2215728933689270e-01  6.7243891900049546e-01
       990  2.4749999999999583e+00  1.2211503072353028e-01  6.7985600864312710e-01
      1000  2.4999999999999578e+00  1.2207230491608878e-01  6.8738924532783389e-01
      1010  2.5249999999999573e+00  1.2202910463355414e-01  6.9503932937104808e-01
      1020  2.5499999999999567e+00  1.2198542255072506e-01  7.0280697529881673e-01
      1030  2.5749999999999562e+00  1.2194125129715951e-01  7.1069291722795018e-01
      1040  2.5999999999999557e+00  1.2189658345576788e-01  7.1869791479550966e-01
      1050  2.6249999999999551e+00  1.2185141156101842e-01  7.2682275965553744e-01
      1060  2.6499999999999546e+00  1.2180572809671737e-01  7.3506828256108905e-01
      1070  2.6749999999999541e+00  1.2175952549332858e-01  7.4343536104887740e-01
      1080  2.6999999999999535e+00  1.2171279612479311e-01  7.5192492774320948e-01
      1090  2.7249999999999530e+00  1.2166553230481054e-01  7.6053797929542385e-01
      1100  2.7499999999999525e+00  1.2161772628254085e-01  7.6927558597474839e-01
      1110  2.7749999999999519e+00  1.2156937023768633e-01  7.7813890192641706e-01
      1120  2.7999999999999514e+00  1.2152045627491074e-01  7.8712917611300780e-01
      1130  2.8249999999999509e+00  1.2147097641755359e-01  7.9624776395530163e-01
      1140  2.8499999999999504e+00  1.2142092260059349e-01  8.0549613968945628e-01
      1150  2.8749999999999498e+00  1.2137028666281782e-01  8.1487590945791797e-01
      1160  2.8999999999999493e+00  1.2131906033814920e-01  8.2438882515210889e-01
      1170  2.9249999999999488e+00  1.2126723524608388e-01  8.3403679902544427e-01
      1180  2.9499999999999482e+00  1.2121480288119194e-01  8.4382191909538274e-01
      1190  2.9749999999999477e+00  1.2116175460162991e-01  8.5374646535275544e-01
      1200  2.9999999999999472e+00  1.2110808161661417e-01  8.6381292679515956e-01
      1210  3.0249999999999466e+00  1.2105377497280412e-01  8.7402401929826954e-01
      1220  3.0499999999999461e+00  1.2099882553954177e-01  8.8438270433388322e-01
      1230  3.0749999999999456e+00  1.2094322399289499e-01  8.9489220853564311e-01
      1240  3.0999999999999450e+00  1.2088696079845136e-01  9.0555604410170421e-01
      1250  3.1249999999999445e+00  1.2083002619281201e-01  9.1637803000706210e-01
      1260  3.1499999999999440e+00  1.2077241016373506e-01  9.2736231397548487e-01
      1270  3.1749999999999434e+00  1.2071410242888419e-01  9.3851339513051482e-01
      1280  3.1999999999999429e+00  1.2065509241314321e-01  9.4983614720511904e-01
      1290  3.2249999999999424e+00  1.2059536922446741e-01  9.6133584213844748e-01
      1300  3.2499999999999418e+00  1.2053492162825346e-01  9.7301817382388105e-01
      1310  3.2749999999999413e+00  1.2047373802022825e-01  9.8488928169330110e-01
      1320  3.2999999999999408e+00  1.2041180639787959e-01  9.9695577372672209e-01
      1330  3.3249999999999402e+00  1.2034911433048010e-01  1.0092247483631149e+00
      1340  3.3499999999999397e+00  1.2028564892779229e-01  1.0217038146574913e+00
      1350  3.3749999999999392e+00  1.2022139680758942e-01  1.0344011098828073e+00
      1360  3.3999999999999386e+00  1.2015634406218068e-01  1.0473253136169755e+00
      1370  3.4249999999999381e+00  1.2009047622419420e-01  1.0604856571924523e+00
      1380  3.4499999999999376e+00  1.2002377823194796e-01  1.0738919272296157e+00
      1390  3.4749999999999370e+00  1.1995623439482092e-01  1.0875544618410810e+00
      1400  3.4999999999999365e+00  1.1988782835912882e-01  1.1014841380023853e+00
      1410  3.5249999999999360e+00  1.1981854307510653e-01  1.1156923485587957e+00
      1420  3.5499999999999354e+00  1.1974836076568905e-01  1.1301909674032859e+00
      1430  3.5749999999999349e+00  1.1967726289787237e-01  1.1449923015396514e+00
      1440  3.5999999999999344e+00  1.1960523015750777e-01  1.1601090290528300e+00
      1450  3.6249999999999338e+00  1.1953224242842787e-01  1.1755541224496880e+00
      1460  3.6499999999999333e+00  1.1945827877682248e-01  1.1913407573964144e+00
      1470  3.6749999999999328e+00  1.1938331744175828e-01  1.2074822075349070e+00
      1480  3.6999999999999322e+00  1.1930733583267347e-01  1.2239917267665401e+00
      1490  3.7249999999999317e+00  1.1923031053456890e-01  1.2408824210935057e+00
      1500  3.7499999999999312e+00  1.1915221732146560e-01  1.2581671127489534e+00
      1510  3.7749999999999306e+00  1.1907303117851119e-01  1.2758581998753919e+00
      1520  3.7999999999999301e+00  1.1899272633290189e-01  1.2939675153825939e+00
      1530  3.8249999999999296e+00  1.1891127629355235e-01  1.3125061887976577e+00
      1540  3.8499999999999290e+00  1.1882865389920749e-01  1.3314845148901239e+00
      1550  3.8749999999999285e+00  1.1874483137446002e-01  1.3509118326109477e+00
      1560  3.8999999999999280e+00  1.1865978039293040e-01  1.3707964174361493e+00
      1570  3.9249999999999274e+00  1.1857347214669063e-01  1.3911453895634668e+00
      1580  3.9499999999999269e+00  1.1848587742088560e-01  1.4119646395742436e+00
      1590  3.9749999999999264e+00  1.1839696667243695e-01  1.4332587721441888e+00
      1600  3.9999999999999258e+00  1.1830671011171371e-01  1.4550310671575624e+00
      1610  4.0249999999999293e+00  1.1821507778614115e-01  1.4772834561018310e+00
      1620  4.0499999999999332e+00  1.1812203966490213e-01  1.5000165098870891e+00
      1630  4.0749999999999371e+00  1.1802756572418443e-01  1.5232294325638801e+00
      1640  4.0999999999999410e+00  1.1793162603280162e-01  1.5469200545587886e+00
      1650  4.1249999999999449e+00  1.1783419083840864e-01  1.5710848195311774e+00
      1660  4.1499999999999488e+00  1.1773523065486607e-01  1.5957187600013162e+00
      1670  4.1749999999999527e+00  1.1763471635160486e-01  1.6208154567516124e+00
      1680  4.1999999999999567e+00  1.1753261924620565e-01  1.6463669753136165e+00
      1690  4.2249999999999606e+00  1.1742891120185600e-01  1.6723637723448701e+00
      1700  4.2499999999999645e+00  1.1732356473170116e-01  1.6987945687455326e+00
      1710  4.2749999999999684e+00  1.1721655311205555e-01  1.7256461946255992e+00
      1720  4.2999999999999723e+00  1.1710785050585469e-01  1.7529034193396278e+00
      1730  4.3249999999999762e+00  1.1699743209673783e-01  1.7805487844625863e+00
      1740  4.3499999999999801e+00  1.1688527423292515e-01  1.8085624617204232e+00
      1750  4.3749999999999840e+00  1.1677135457839530e-01  1.8369221678486555e+00
      1760  4.3999999999999879e+00  1.1665565226654192e-01  1.8656031764986835e+00
      1770  4.4249999999999918e+00  1.1653814804959766e-01  1.8945784374607717e+00
      1780  4.4499999999999957e+00  1.1641882443906661e-01  1.9238187227585643e+00
      1790  4.4749999999999996e+00  1.1629766584019762e-01  1.9532926469746100e+00
      1800  4.5000000000000036e+00  1.1617465869119104e-01  1.9829665053754895e+00
      1810  4.5250000000000075e+00  1.1604979161374418e-01  2.0128041250784246e+00
      1820  4.5500000000000114e+00  1.1592305556400090e-01  2.0427670442231098e+00
      1830  4.5750000000000153e+00  1.1579444395907762e-01  2.0728150909147688e+00
      1840  4.6000000000000192e+00  1.1566395276248106e-01  2.1029070463689488e+00
      1850  4.6250000000000231e+00  1.1553158053604338e-01  2.1330010101966910e+00
      1860  4.6500000000000270e+00  1.1539732848037676e-01  2.1630544338126391e+00
      1870  4.6750000000000309e+00  1.1526120047596117e-01  2.1930241263389567e+00
      1880  4.7000000000000348e+00  1.1512320311752682e-01  2.2228664786882819e+00
      1890  4.7250000000000387e+00  1.1498334572890544e-01  2.2525378279440321e+00
      1900  4.7500000000000426e+00  1.1484164035690946e-01  2.2819947328405296e+00
      1910  4.7750000000000465e+00  1.1469810175303352e-01  2.3111940991803573e+00
      1920  4.8000000000000504e+00  1.1455274734867576e-01  2.3400932891628100e+00
      1930  4.8250000000000544e+00  1.1440559722067965e-01  2.3686503313353059e+00
      1940  4.8500000000000583e+00  1.1425667404012915e-01  2.3968242440124020e+00
      1950  4.8750000000000622e+00  1.1410600299766714e-01  2.4245754631091693e+00
      1960  4.9000000000000661e+00  1.1395361169893253e-01  2.4518663657650865e+00
      1970  4.9250000000000700e+00  1.1379953002577920e-01  2.4786618256178580e+00
      1980  4.9500000000000739e+00  1.1364378996443331e-01  2.5049297012754899e+00
      1990  4.9750000000000778e+00  1.1348642540656421e-01  2.5306412149164520e+00
      2000  5.0000000000000817e+00  1.1332747192941891e-01  2.5557712515674757e+00
      2010  5.0250000000000856e+00  1.1316696655875131e-01  2.5802986121797280e+00
      2020  5.0500000000000895e+00  1.1300494751770481e-01  2.6042062030158468e+00
      2030  5.0750000000000934e+00  1.1284145396713385e-01  2.6274811121127551e+00
      2040  5.1000000000000973e+00  1.1267652574558079e-01  2.6501145426030766e+00
      2050  5.1250000000001013e+00  1.1251020311751171e-01  2.6721016228415772e+00
      2060  5.1500000000001052e+00  1.1234252653566420e-01  2.6934411575745738e+00
      2070  5.1750000000001091e+00  1.1217353641880003e-01  2.7141353948871459e+00
      2080  5.2000000000001130e+00  1.1200327294220870e-01  2.7341898551338972e+00
      2090  5.2250000000001169e+00  1.1183177583684684e-01  2.7536132223464323e+00
      2100  5.2500000000001208e+00  1.1165908419404624e-01  2.7724172690237021e+00
      2110  5.2750000000001247e+00  1.1148523627463995e-01  2.7906167868215407e+00
      2120  5.3000000000001286e+00  1.1131026932250521e-01  2.8082295146526953e+00
      2130  5.3250000000001325e+00  1.1113421938257502e-01  2.8252760684625336e+00
      2140  5.3500000000001364e+00  1.1095712112314908e-01  2.8417798728017406e+00
      2150  5.3750000000001403e+00  1.1077900766274842e-01  2.8577670804614059e+00
      2160  5.4000000000001442e+00  1.1059991040296709e-01  2.8732664568539888e+00
      2170  5.4250000000001481e+00  1.1041985887022893e-01  2.8883092078348594e+00
      2180  5.4500000000001521e+00  1.1023888057039302e-01  2.9029287398478682e+00
      2190  5.4750000000001560e+00  1.1005700086050322e-01  2.9171603516863913e+00
      2200  5.5000000000001599e+00  1.0987424284181650e-01  2.9310408628412675e+00
      2210  5.5250000000001638e+00  1.0969062727787759e-01  2.9446081847357114e+00
      2220  5.5500000000001677e+00  1.0950617254100476e-01  2.9579008415307243e+00
      2230  5.5750000000001716e+00  1.0932089459007883e-01  2.9709574494642179e+00
      2240  5.6000000000001755e+00  1.0913480698183355e-01  2.9838161681039496e+00
      2250  5.6250000000001794e+00  1.0894792091685767e-01  2.9965141416783570e+00
      2260  5.6500000000001833e+00  1.0876024532027313e-01  3.0090869518107934e+00
      2270  5.6750000000001872e+00  1.0857178695568856e-01  3.0215681034974360e+00
      2280  5.7000000000001911e+00  1.0838255056971401e-01  3.0339885642561691e+00
      2290  5.7250000000001950e+00  1.0819253906317325e-01  3.0463763731289584e+00
      2300  5.7500000000001990e+00  1.0800175368421979e-01  3.0587563326565733e+00
      2310  5.7750000000002029e+00  1.0781019423785837e-01  3.0711497931086216e+00
      2320  5.8000000000002068e+00  1.0761785930593654e-01  3.0835745335139572e+00
      2330  5.8250000000002107e+00  1.0742474647156097e-01  3.0960447383693977e+00
      2340  5.8500000000002146e+00  1.0723085254213798e-01  3.1085710634849334e+00
      2350  5.8750000000002185e+00  1.0703617376577547e-01  3.1211607806517139e+00
      2360  5.9000000000002224e+00  1.0684070603649144e-01  3.1338179891330313e+00
      2370  5.9250000000002263e+00  1.0664444508443113e-01  3.1465438819212834e+00
      2380  5.9500000000002302e+00  1.0644738664802688e-01  3.1593370555524223e+00
      2390  5.9750000000002341e+00  1.0624952662569952e-01  3.1721938533635062e+00
      2400  6.0000000000002380e+00  1.0605086120530014e-01  3.1851087330985205e+00
      2410  6.0250000000002419e+00  1.0585138697003007e-01  3.1980746507434781e+00
      2420  6.0500000000002458e+00  1.0565110098005184e-01  3.2110834534541799e+00
      2430  6.0750000000002498e+00  1.0545000082942328e-01  3.2241262753144266e+00
      2440  6.1000000000002537e+00  1.0524808467836098e-01  3.2371939300329597e+00
      2450  6.1250000000002576e+00  1.0504535126122111e-01  3.2502772940992919e+00
      2460  6.1500000000002615e+00  1.0484179987103367e-01  3.2633676724811066e+00
      2470  6.1750000000002654e+00  1.0463743032197335e-01  3.2764571371442401e+00
      2480  6.2000000000002693e+00  1.0443224289182198e-01  3.2895388267125917e+00
      2490  6.2250000000002732e+00  1.0422623824726388e-01  3.3026071937817523e+00
      2500  6.2500000000002771e+00  1.0401941735572992e-01  3.3156581857618449e+00
      2510  6.2750000000002810e+00  1.0381178138835187e-01  3.3286893466433860e+00
      2520  6.3000000000002849e+00  1.0360333161927259e-01  3.3416998307299034e+00
      2530  6.3250000000002888e+00  1.0339406932697234e-01  3.3546903241038917e+00
      2540  6.3500000000002927e+00  1.0318399570338848e-01  3.3676628741364707e+00
      2550  6.3750000000002967e+00  1.0297311177646818e-01  3.3806206310820895e+00
      2560  6.4000000000003006e+00  1.0276141835144270e-01  3.3935675087612565e+00
      2570  6.4250000000003045e+00  1.0254891597559733e-01  3.4065077737979410e+00
      2580  6.4500000000003084e+00  1.0233560493064714e-01  3.4194455751233000e+00
      2590  6.4750000000003123e+00  1.0212148525602608e-01  3.4323844278063665e+00
      2600  6.5000000000003162e+00  1.0190655680543382e-01  3.4453266680544354e+00
      2610  6.5250000000003201e+00  1.0169081933782744e-01  3.4582728996712240e+00
      2620  6.5500000000003240e+00  1.0147427264265432e-01  3.4712214562895731e+00
      2630  6.5750000000003279e+00  1.0125691669747530e-01  3.4841679076377807e+00
      2640  6.6000000000003318e+00  1.0103875185426686e-01  3.4971046408365351e+00
      2650  6.6250000000003357e+00  1.0081977904872055e-01  3.5100205484213487e+00
      2660  6.6500000000003396e+00  1.0060000002490805e-01  3.5229008534890079e+00
      2670  6.6750000000003435e+00  1.0037941756585673e-01  3.5357270998271537e+00
      2680  6.7000000000003475e+00  1.0015803571893016e-01  3.5484773319107666e+00
      2690  6.7250000000003514e+00  9.9935860003448149e-02  3.5611264866390486e+00
      2700  6.7500000000003553e+00  9.9712897586710373e-02  3.5736470155012602e+00
      2710  6.7750000000003592e+00  9.9489157413540535e-02  3.5860097517399219e+00
      2720  6.8000000000003631e+00  9.9264650273742213e-02  3.5981850306549552e+00
      2730  6.8250000000003670e+00  9.9039388791647215e-02  3.6101440608492954e+00
      2740  6.8500000000003709e+00  9.8813387322531174e-02  3.6218605286721900e+00
      2750  6.8750000000003748e+00  9.8586661742415521e-02  3.6333123968456998e+00
      2760  6.9000000000003787e+00  9.8359229121023010e-02  3.6444838314279769e+00
      2770  6.9250000000003826e+00  9.8131107272747421e-02  3.6553671591042549e+00
      2780  6.9500000000003865e+00  9.7902314187755433e-02  3.6659647199911681e+00
      2790  6.9750000000003904e+00  9.7672867354944470e-02  3.6762904440652755e+00
      2800  7.0000000000003944e+00  9.7442783000126623e-02  3.6863709536713819e+00
      2810  7.0250000000003983e+00  9.7212075275249280e-02  3.6962459979955349e+00
      2820  7.0500000000004022e+00  9.6980755445335746e-02  3.7059680741209289e+00
      2830  7.0750000000004061e+00  9.6748831126057528e-02  3.7156011888103254e+00
      2840  7.1000000000004100e+00  9.6516305623538836e-02  3.7252188531221728e+00
      2850  7.1250000000004139e+00  9.6283177417652233e-02  3.7349015461326309e+00
      2860  7.1500000000004178e+00  9.6049439811679085e-02  3.7447339896520580e+00
      2870  7.1750000000004217e+00  9.5815080748492061e-02  3.7548026038968783e+00
      2880  7.2000000000004256e+00  9.5580082771802877e-02  3.7651934514303231e+00
      2890  7.2250000000004295e+00  9.5344423095724554e-02  3.7759908424227129e+00
      2900  7.2500000000004334e+00  9.5108073740234895e-02  3.7872766076315945e+00
      2910  7.2750000000004373e+00  9.4871001694802752e-02  3.7991298875874773e+00
      2920  7.3000000000004412e+00  9.4633169085824609e-02  3.8116271703434199e+00
      2930  7.3250000000004452e+00  9.4394533342260974e-02  3.8248422571082232e+00
      2940  7.3500000000004491e+00  9.4155047373808274e-02  3.8388458483456812e+00
      2950  7.3750000000004530e+00  9.3914659793374503e-02  3.8537045064960926e+00
      2960  7.4000000000004569e+00  9.3673315227972849e-02  3.8694788496987487e+00
      2970  7.4250000000004608e+00  9.3430954767143211e-02  3.8862209706756093e+00
      2980  7.4500000000004647e+00  9.3187516592684031e-02  3.9039712634356025e+00
      2990  7.4750000000004686e+00  9.2942936816003255e-02  3.9227550249329163e+00
      3000  7.5000000000004725e+00  9.2697150523378221e-02  3.9425792703822849e+00
      3010  7.5250000000004764e+00  9.2450093003975146e-02  3.9634301165680157e+00
      3020  7.5500000000004803e+00  9.2201701117589648e-02  3.9852709582941641e+00
      3030  7.5750000000004842e+00  9.1951914746665734e-02  4.0080416303555360e+00
      3040  7.6000000000004881e+00  9.1700678263902794e-02  4.0316587863050781e+00
      3050  7.6250000000004921e+00  9.1447941932961122e-02  4.0560176782393142e+00
      3060  7.6500000000004960e+00  9.1193663154052181e-02  4.0809953132997599e+00
      3070  7.6750000000004999e+00  9.0937807476326691e-02  4.1064546909939725e+00
      3080  7.7000000000005038e+00  9.0680349323584308e-02  4.1322496587220764e+00
      3090  7.7250000000005077e+00  9.0421272408986764e-02  4.1582299447575558e+00
      3100  7.7500000000005116e+00  9.0160569838104163e-02  4.1842460559994847e+00
      3110  7.7750000000005155e+00  8.9898243916410843e-02  4.2101537964363402e+00
      3120  7.8000000000005194e+00  8.9634305693076926e-02  4.2358181424311850e+00
      3130  7.8250000000005233e+00  8.9368774288716378e-02  4.2611162562482950e+00
      3140  7.8500000000005272e+00  8.9101676063735144e-02  4.2859395734112112e+00
      3150  7.8750000000005311e+00  8.8833043685527247e-02  4.3101949376882213e+00
      3160  7.9000000000005350e+00  8.8562915158457940e-02  4.3338046243648938e+00
      3170  7.9250000000005389e+00  8.8291332889650859e-02  4.3567051969353347e+00
      3180  7.9500000000005429e+00  8.8018342852811300e-02  4.3788456226080598e+00
      3190  7.9750000000005468e+00  8.7743993875695790e-02  4.4001852857236174e+00
      3200  8.0000000000005507e+00  8.7468337047600397e-02  4.4206921270762395e+00
      3210  8.0250000000005457e+00  8.7191425241490363e-02  4.4403408404182268e+00
      3220  8.0500000000005407e+00  8.6913312739792684e-02  4.4591114693485180e+00
      3230  8.0750000000005357e+00  8.6634054915519276e-02  4.4769891544763907e+00
      3240  8.1000000000005308e+00  8.6353707883932292e-02  4.4939652860700317e+00
      3250  8.1250000000005258e+00  8.6072328055399825e-02  4.5100393275527870e+00
      3260  8.1500000000005208e+00  8.5789971583441878e-02  4.5252201739568047e+00
      3270  8.1750000000005159e+00  8.5506693763169043e-02  4.5395263075555488e+00
      3280  8.2000000000005109e+00  8.5222548464798707e-02  4.5529845008031548e+00
      3290  8.2250000000005059e+00  8.4937587694969550e-02  4.5656270391462936e+00
      3300  8.2500000000005009e+00  8.4651861369500873e-02  4.5774878604520982e+00
      3310  8.2750000000004960e+00  8.4365417333101967e-02  4.5885987451364078e+00
      3320  8.3000000000004910e+00  8.4078301583717454e-02  4.5989866847321458e+00
      3330  8.3250000000004860e+00  8.3790558624957256e-02  4.6086722581521362e+00
      3340  8.3500000000004810e+00  8.3502231918013804e-02  4.6176679198697705e+00
      3350  8.3750000000004761e+00  8.3213364447848455e-02  4.6259762402949622e+00
      3360  8.4000000000004711e+00  8.2923999354912712e-02  4.6335899414460172e+00
      3370  8.4250000000004661e+00  8.2634180462641801e-02  4.6404952869371597e+00
      3380  8.4500000000004611e+00  8.2343952503539139e-02  4.6466779802749683e+00
      3390  8.4750000000004562e+00  8.2053360967570673e-02  4.6521288715885589e+00
      3400  8.5000000000004512e+00  8.1762451660712367e-02  4.6568473364743325e+00
      3410  8.5250000000004462e+00  8.1471270127825412e-02  4.6608424660415403e+00
      3420  8.5500000000004412e+00  8.1179861017167174e-02  4.6641341727528790e+00
      3430  8.5750000000004363e+00  8.0888267318052960e-02  4.6667563915661124e+00
      3440  8.6000000000004313e+00  8.0596529320187839e-02  4.6687626004733509e+00
      3450  8.6250000000004263e+00  8.0304683208022933e-02  4.6702314749749045e+00
      3460  8.6500000000004214e+00  8.0012759378961984e-02  4.6712695893582525e+00
      3470  8.6750000000004164e+00  7.9720780747108171e-02  4.6720089192622192e+00
      3480  8.7000000000004114e+00  7.9428761391396625e-02  4.6725982953993510e+00
      3490  8.7250000000004064e+00  7.9136705912995063e-02  4.6731895318011051e+00
      3500  8.7500000000004015e+00  7.8844609761679132e-02  4.6739208727901150e+00
      3510  8.7750000000003965e+00  7.8552460584750154e-02  4.6749014052338694e+00
      3520  8.8000000000003915e+00  7.8260240444743922e-02  4.6761991591099749e+00
      3530  8.8250000000003865e+00  7.7967928634597001e-02  4.6778339077260448e+00
      3540  8.8500000000003816e+00  7.7675504812376566e-02  4.6797738860521931e+00
      3550  8.8750000000003766e+00  7.7382952251712083e-02  4.6819353819958629e+00
      3560  8.9000000000003716e+00  7.7090260989966774e-02  4.6841868525725572e+00
      3570  8.9250000000003666e+00  7.6797430547745333e-02  4.6863581380864427e+00
      3580  8.9500000000003617e+00  7.6504472018881392e-02  4.6882506622308340e+00
      3590  8.9750000000003567e+00  7.6211409542824962e-02  4.6896473160111844e+00
      3600  9.0000000000003517e+00  7.5918281101149222e-02  4.6903244232774864e+00
      3610  9.0250000000003467e+00  7.5625138535927825e-02  4.6900639059505281e+00
      3620  9.0500000000003418e+00  7.5332046900050545e-02  4.6886625228296129e+00
      3630  9.0750000000003368e+00  7.5039083225894614e-02  4.6859423121173638e+00
      3640  9.1000000000003318e+00  7.4746334514430667e-02  4.6817645160244173e+00
      3650  9.1250000000003268e+00  7.4453894937160296e-02  4.6760392589514638e+00
      3660  9.1500000000003219e+00  7.4161862710808755e-02  4.6687267954082185e+00
      3670  9.1750000000003169e+00  7.3870336963734243e-02  4.6598382752766218e+00
      3680  9.2000000000003119e+00  7.3579414410791925e-02  4.6494404763190767e+00
      3690  9.2250000000003070e+00  7.3289185865305300e-02  4.6376539445210455e+00
      3700  9.2500000000003020e+00  7.2999733300792270e-02  4.6246378197574090e+00
      3710  9.2750000000002970e+00  7.2711127993296113e-02  4.6105731939787741e+00
      3720  9.3000000000002920e+00  7.2423429453742017e-02  4.5956543185322376e+00
      3730  9.3250000000002871e+00  7.2136684887975254e-02  4.5800781567575871e+00
      3740  9.3500000000002821e+00  7.1850929582118188e-02  4.5640259759720813e+00
      3750  9.3750000000002771e+00  7.1566188364817213e-02  4.5476502475319029e+00
      3760  9.4000000000002721e+00  7.1282477430390332e-02  4.5310756350673143e+00
      3770  9.4250000000002672e+00  7.0999805973528323e-02  4.5144010702000702e+00
      3780  9.4500000000002622e+00  7.0718177935301618e-02  4.4976949624348132e+00
      3790  9.4750000000002572e+00  7.0437593925775589e-02  4.4809969756902249e+00
      3800  9.5000000000002522e+00  7.0158052670098741e-02  4.4643296493837304e+00
      3810  9.5250000000002473e+00  6.9879551844477927e-02  4.4477040229715565e+00
      3820  9.5500000000002423e+00  6.9602088810488628e-02  4.4311194782125731e+00
      3830  9.5750000000002373e+00  6.9325661170636464e-02  4.4145707408925341e+00
      3840  9.6000000000002323e+00  6.9050266730422533e-02  4.3980578622674267e+00
      3850  9.6250000000002274e+00  6.8775902983802535e-02  4.3815913806098161e+00
      3860  9.6500000000002224e+00  6.8502566328635526e-02  4.3651966127870823e+00
      3870  9.6750000000002174e+00  6.8230251038983525e-02  4.3489160187841384e+00
      3880  9.7000000000002125e+00  6.7958948320757750e-02  4.3328038450014262e+00
      3890  9.7250000000002075e+00  6.7688645859350884e-02  4.3169171972262657e+00
      3900  9.7500000000002025e+00  6.7419327837902115e-02  4.3013103772003276e+00
      3910  9.7750000000001975e+00  6.7150975248680236e-02  4.2860301414866051e+00
      3920  9.8000000000001926e+00  6.6883566600431895e-02  4.2711077314149190e+00
      3930  9.8250000000001876e+00  6.6617079123017362e-02  4.2565522773650881e+00
      3940  9.8500000000001826e+00  6.6351490165019062e-02  4.2423515798335882e+00
      3950  9.8750000000001776e+00  6.6086778362703736e-02  4.2284775477103158e+00
      3960  9.9000000000001727e+00  6.5822924493418171e-02  4.2148901528531436e+00
      3970  9.9250000000001677e+00  6.5559912163392114e-02  4.2015391768969686e+00
      3980  9.9500000000001627e+00  6.5297728372099230e-02  4.1883668953277729e+00
      3990  9.9750000000001577e+00  6.5036363842307611e-02  4.1753127522579234e+00
      4000  1.0000000000000153e+01  6.4775813041796320e-02  4.1623181494717253e+00
