         0  0.0000000000000000e+00  1.2500000000000000e-01  3.7500000000000000e-01
        10  2.4999999999999998e-02  1.2499375002062350e-01  3.7500566243186340e-01
        20  5.0000000000000010e-02  1.2498749954000365e-01  3.7506015056990401e-01
        30  7.5000000000000025e-02  1.2498124774423345e-01  3.7516348643990945e-01
        40  1.0000000000000005e-01  1.2497499381880865e-01  3.7531571968797656e-01
        50  1.2500000000000006e-01  1.2496873694816805e-01  3.7551692748236099e-01
        60  1.5000000000000008e-01  1.2496247631523575e-01  3.7576721439170620e-01
        70  1.7500000000000010e-01  1.2495621110096587e-01  3.7606671224027343e-01
        80  2.0000000000000012e-01  1.2494994048388917e-01  3.7641557994096009e-01
        90  2.2500000000000014e-01  1.2494366363966355e-01  3.7681400330706979e-01
       100  2.5000000000000017e-01  1.2493737974062740e-01  3.7726219484393745e-01
       110  2.7500000000000019e-01  1.2493108795535622e-01  3.7776039352166626e-01
       120  3.0000000000000021e-01  1.2492478744822404e-01  3.7830886453036533e-01
       130  3.2500000000000023e-01  1.2491847737896849e-01  3.7890789901938940e-01
       140  3.5000000000000026e-01  1.2491215690225985e-01  3.7955781382219243e-01
       150  3.7500000000000028e-01  1.2490582516727611e-01  3.8025895116850084e-01
       160  4.0000000000000030e-01  1.2489948131728179e-01  3.8101167838557733e-01
       170  4.2500000000000032e-01  1.2489312448921237e-01  3.8181638759041433e-01
       180  4.5000000000000034e-01  1.2488675381326338e-01  3.8267349537473495e-01
       190  4.7500000000000037e-01  1.2488036841248573e-01  3.8358344248470946e-01
       200  5.0000000000000033e-01  1.2487396740238539e-01  3.8454669349729814e-01
       210  5.2499999999999980e-01  1.2486754989052910e-01  3.8556373649513251e-01
       220  5.4999999999999927e-01  1.2486111497615518e-01  3.8663508274181987e-01
       230  5.7499999999999873e-01  1.2485466174978988e-01  3.8776126635951795e-01
       240  5.9999999999999820e-01  1.2484818929286934e-01  3.8894284401057472e-01
       250  6.2499999999999767e-01  1.2484169667736628e-01  3.9018039458495467e-01
       260  6.4999999999999714e-01  1.2483518296542204e-01  3.9147451889509738e-01
       270  6.7499999999999660e-01  1.2482864720898393e-01  3.9282583937975531e-01
       280  6.9999999999999607e-01  1.2482208844944689e-01  3.9423499981824972e-01
       290  7.2499999999999554e-01  1.2481550571730048e-01  3.9570266505647159e-01
       300  7.4999999999999500e-01  1.2480889803177968e-01  3.9722952074581931e-01
       310  7.7499999999999447e-01  1.2480226440052023e-01  3.9881627309613874e-01
       320  7.9999999999999394e-01  1.2479560381921803e-01  4.0046364864358375e-01
       330  8.2499999999999341e-01  1.2478891527129217e-01  4.0217239403416962e-01
       340  8.4999999999999287e-01  1.2478219772755160e-01  4.0394327582364268e-01
       350  8.7499999999999234e-01  1.2477545014586456e-01  4.0577708029413096e-01
       360  8.9999999999999181e-01  1.2476867147083134e-01  4.0767461328789395e-01
       370  9.2499999999999127e-01  1.2476186063345961e-01  4.0963670005832854e-01
       380  9.4999999999999074e-01  1.2475501655084220e-01  4.1166418513823920e-01
       390  9.7499999999999021e-01  1.2474813812583620e-01  4.1375793222522903e-01
       400  9.9999999999998967e-01  1.2474122424674501e-01  4.1591882408393093e-01
       410  1.0249999999999893e+00  1.2473427378700069e-01  4.1814776246464749e-01
       420  1.0499999999999887e+00  1.2472728560484859e-01  4.2044566803785234e-01
       430  1.0749999999999882e+00  1.2472025854303215e-01  4.2281348034386806e-01
       440  1.0999999999999877e+00  1.2471319142847885e-01  4.2525215775693424e-01
       450  1.1249999999999871e+00  1.2470608307198645e-01  4.2776267746277071e-01
       460  1.1499999999999866e+00  1.2469893226790968e-01  4.3034603544865157e-01
       470  1.1749999999999861e+00  1.2469173779384681e-01  4.3300324650492837e-01
       480  1.1999999999999855e+00  1.2468449841032599e-01  4.3573534423687344e-01
       490  1.2249999999999850e+00  1.2467721286049177e-01  4.3854338108566688e-01
       500  1.2499999999999845e+00  1.2466987986979078e-01  4.4142842835731011e-01
       510  1.2749999999999839e+00  1.2466249814565744e-01  4.4439157625823113e-01
       520  1.2999999999999834e+00  1.2465506637719800e-01  4.4743393393633493e-01
       530  1.3249999999999829e+00  1.2464758323487464e-01  4.5055662952626998e-01
       540  1.3499999999999823e+00  1.2464004737018902e-01  4.5376081019770286e-01
       550  1.3749999999999818e+00  1.2463245741536424e-01  4.5704764220542903e-01
       560  1.3999999999999813e+00  1.2462481198302618e-01  4.6041831094021519e-01
       570  1.4249999999999807e+00  1.2461710966588474e-01  4.6387402097933576e-01
       580  1.4499999999999802e+00  1.2460934903641309e-01  4.6741599613584809e-01
       590  1.4749999999999797e+00  1.2460152864652703e-01  4.7104547950576766e-01
       600  1.4999999999999791e+00  1.2459364702726297e-01  4.7476373351240597e-01
       610  1.5249999999999786e+00  1.2458570268845557e-01  4.7857203994727813e-01
       620  1.5499999999999781e+00  1.2457769411841479e-01  4.8247170000712328e-01
       630  1.5749999999999775e+00  1.2456961978360189e-01  4.8646403432674020e-01
       640  1.5999999999999770e+00  1.2456147812830547e-01  4.9055038300751432e-01
       650  1.6249999999999765e+00  1.2455326757431664e-01  4.9473210564168709e-01
       660  1.6499999999999759e+00  1.2454498652060409e-01  4.9901058133261607e-01
       670  1.6749999999999754e+00  1.2453663334298872e-01  5.0338720871147698e-01
       680  1.6999999999999749e+00  1.2452820639381806e-01  5.0786340595107218e-01
       690  1.7249999999999743e+00  1.2451970400164081e-01  5.1244061077763860e-01
       700  1.7499999999999738e+00  1.2451112447087996e-01  5.1712028048177991e-01
       710  1.7749999999999733e+00  1.2450246608150766e-01  5.2190389192991191e-01
       720  1.7999999999999727e+00  1.2449372708871817e-01  5.2679294157785371e-01
       730  1.8249999999999722e+00  1.2448490572260172e-01  5.3178894548849835e-01
       740  1.8499999999999717e+00  1.2447600018781687e-01  5.3689343935578012e-01
       750  1.8749999999999711e+00  1.2446700866326387e-01  5.4210797853749187e-01
       760  1.8999999999999706e+00  1.2445792930175599e-01  5.4743413809983696e-01
       770  1.9249999999999701e+00  1.2444876022969080e-01  5.5287351287699910e-01
       780  1.9499999999999695e+00  1.2443949954671989e-01  5.5842771754941767e-01
       790  1.9749999999999690e+00  1.2443014532541768e-01  5.6409838674493061e-01
       800  1.9999999999999685e+00  1.2442069561094751e-01  5.6988717516746019e-01
       810  2.0249999999999679e+00  1.2441114842072600e-01  5.7579575775850755e-01
       820  2.0499999999999674e+00  1.2440150174408407e-01  5.8182582989738013e-01
       830  2.0749999999999669e+00  1.2439175354192429e-01  5.8797910764682852e-01
       840  2.0999999999999663e+00  1.2438190174637383e-01  5.9425732805162892e-01
       850  2.1249999999999658e+00  1.2437194426043171e-01  6.0066224949862179e-01
       860  2.1499999999999653e+00  1.2436187895760992e-01  6.0719565214784009e-01
       870  2.1749999999999647e+00  1.2435170368156609e-01  6.1385933844563452e-01
       880  2.1999999999999642e+00  1.2434141624572715e-01  6.2065513373217149e-01
       890  2.2249999999999637e+00  1.2433101443290195e-01  6.2758488695734270e-01
       900  2.2499999999999631e+00  1.2432049599488121e-01  6.3465047152103273e-01
       910  2.2749999999999626e+00  1.2430985865202180e-01  6.4185378625584920e-01
       920  2.2999999999999621e+00  1.2429910009281343e-01  6.4919675657288248e-01
       930  2.3249999999999615e+00  1.2428821797342522e-01  6.5668133579383856e-01
       940  2.3499999999999610e+00  1.2427720991722781e-01  6.6430950669601984e-01
       950  2.3749999999999605e+00  1.2426607351428754e-01  6.7208328330015737e-01
       960  2.3999999999999599e+00  1.2425480632082971e-01  6.8000471293505130e-01
       970  2.4249999999999594e+00  1.2424340585866317e-01  6.8807587861737054e-01
       980  2.4499999999999589e+00  1.2423186961456402e-01  6.9629890178988956e-01
       990  2.4749999999999583e+00  1.2422019503960903e-01  7.0467594546685321e-01
      1000  2.4999999999999578e+00  1.2420837954845361e-01  7.1320921784118218e-01
      1010  2.5249999999999573e+00  1.2419642051854530e-01  7.2190097641482540e-01
      1020  2.5499999999999567e+00  1.2418431528926323e-01  7.3075353272082270e-01
      1030  2.5749999999999562e+00  1.2417206116097393e-01  7.3976925771356176e-01
      1040  2.5999999999999557e+00  1.2415965539399057e-01  7.4895058791236333e-01
      1050  2.6249999999999551e+00  1.2414709520742337e-01  7.5830003239294087e-01
      1060  2.6499999999999546e+00  1.2413437777790581e-01  7.6782018073149850e-01
      1070  2.6749999999999541e+00  1.2412150023817880e-01  7.7751371201732393e-01
      1080  2.6999999999999535e+00  1.2410845967551599e-01  7.8738340506176170e-01
      1090  2.7249999999999530e+00  1.2409525312996722e-01  7.9743214994446349e-01
      1100  2.7499999999999525e+00  1.2408187759239768e-01  8.0766296105195226e-01
      1110  2.7749999999999519e+00  1.2406833000229623e-01  8.1807899177883495e-01
      1120  2.7999999999999514e+00  1.2405460724532286e-01  8.2868355107863984e-01
      1130  2.8249999999999509e+00  1.2404070615056457e-01  8.3948012206933168e-01
      1140  2.8499999999999504e+00  1.2402662348746156e-01  8.5047238291822794e-01
      1150  2.8749999999999498e+00  1.2401235596236515e-01  8.6166423025247896e-01
      1160  2.8999999999999493e+00  1.2399790021468263e-01  8.7305980536461086e-01
      1170  2.9249999999999488e+00  1.2398325281255938e-01  8.8466352350802124e-01
      1180  2.9499999999999482e+00  1.2396841024804591e-01  8.9648010660485805e-01
      1190  2.9749999999999477e+00  1.2395336893168783e-01  9.0851461971837829e-01
      1200  2.9999999999999472e+00  1.2393812518647440e-01  9.2077251167360282e-01
      1210  3.0249999999999466e+00  1.2392267524107276e-01  9.3325966024347721e-01
      1220  3.0499999999999461e+00  1.2390701522226781e-01  9.4598242235221355e-01
      1230  3.0749999999999456e+00  1.2389114114651955e-01  9.5894768978199210e-01
      1240  3.0999999999999450e+00  1.2387504891054417e-01  9.7216295090208073e-01
      1250  3.1249999999999445e+00  1.2385873428081019e-01  9.8563635896808056e-01
      1260  3.1499999999999440e+00  1.2384219288183923e-01  9.9937680755948509e-01
      1270  3.1749999999999434e+00  1.2382542018318543e-01  1.0133940137301907e+00
      1280  3.1999999999999429e+00  1.2380841148496100e-01  1.0276986094311750e+00
      1290  3.2249999999999424e+00  1.2379116190176497e-01  1.0423022417171892e+00
      1300  3.2499999999999418e+00  1.2377366634486651e-01  1.0572176821572511e+00
      1310  3.2749999999999413e+00  1.2375591950248539e-01  1.0724589457157634e+00
      1320  3.2999999999999408e+00  1.2373791581801191e-01  1.0880414191380858e+00
      1330  3.3249999999999402e+00  1.2371964946600987e-01  1.1039819985445555e+00
      1340  3.3499999999999397e+00  1.2370111432585377e-01  1.1202992355065974e+00
      1350  3.3749999999999392e+00  1.2368230395286942e-01  1.1370134903652867e+00
      1360  3.3999999999999386e+00  1.2366321154687103e-01  1.1541470909862705e+00
      1370  3.4249999999999381e+00  1.2364382991802294e-01  1.1717244945329297e+00
      1380  3.4499999999999376e+00  1.2362415145000174e-01  1.1897724491259168e+00
      1390  3.4749999999999370e+00  1.2360416806049173e-01  1.2083201513135209e+00
      1400  3.4999999999999365e+00  1.2358387115912839e-01  1.2273993939639957e+00
      1410  3.5249999999999360e+00  1.2356325160310324e-01  1.2470446974757112e+00
      1420  3.5499999999999354e+00  1.2354229965078362e-01  1.2672934152710148e+00
      1430  3.5749999999999349e+00  1.2352100491386141e-01  1.2881858028111388e+00
      1440  3.5999999999999344e+00  1.2349935630873759e-01  1.3097650383433579e+00
      1450  3.6249999999999338e+00  1.2347734200804544e-01  1.3320771836288924e+00
      1460  3.6499999999999333e+00  1.2345494939340266e-01  1.3551710740932892e+00
      1470  3.6749999999999328e+00  1.2343216501064284e-01  1.3790981300300854e+00
      1480  3.6999999999999322e+00  1.2340897452889212e-01  1.4039120831940686e+00
      1490  3.7249999999999317e+00  1.2338536270493331e-01  1.4296686153509667e+00
      1500  3.7499999999999312e+00  1.2336131335434576e-01  1.4564249059725475e+00
      1510  3.7749999999999306e+00  1.2333680933096699e-01  1.4842390853725371e+00
      1520  3.7999999999999301e+00  1.2331183251628496e-01  1.5131695892453842e+00
      1530  3.8249999999999296e+00  1.2328636382042367e-01  1.5432744130377121e+00
      1540  3.8499999999999290e+00  1.2326038319636771e-01  1.5746102703322425e+00
      1550  3.8749999999999285e+00  1.2323386966892368e-01  1.6072316694839446e+00
      1560  3.8999999999999280e+00  1.2320680137955344e-01  1.6411899391342494e+00
      1570  3.9249999999999274e+00  1.2317915564757195e-01  1.6765322458900378e+00
      1580  3.9499999999999269e+00  1.2315090904758213e-01  1.7133006282363583e+00
      1590  3.9749999999999264e+00  1.2312203750302013e-01  1.7515310227978427e+00
      1600  3.9999999999999258e+00  1.2309251639611842e-01  1.7912522762938850e+00
      1610  4.0249999999999293e+00  1.2306232069354317e-01  1.8324852944121521e+00
      1620  4.0499999999999332e+00  1.2303142508319760e-01  1.8752425878104040e+00
      1630  4.0749999999999371e+00  1.2299980411502395e-01  1.9195281986745120e+00
      1640  4.0999999999999410e+00  1.2296743234324512e-01  1.9653374896341330e+00
      1650  4.1249999999999449e+00  1.2293428447716420e-01  2.0126562900417931e+00
      1660  4.1499999999999488e+00  1.2290033555087662e-01  2.0614595659660777e+00
      1670  4.1749999999999527e+00  1.2286556111498413e-01  2.1117102020516301e+00
      1680  4.1999999999999567e+00  1.2282993744495972e-01  2.1633582398504530e+00
      1690  4.2249999999999606e+00  1.2279344175975268e-01  2.2163402729916666e+00
      1700  4.2499999999999645e+00  1.2275605245838699e-01  2.2705776155244970e+00
      1710  4.2749999999999684e+00  1.2271774940051106e-01  2.3259733392000917e+00
      1720  4.2999999999999723e+00  1.2267851420401609e-01  2.3824147142871603e+00
      1730  4.3249999999999762e+00  1.2263833041239952e-01  2.4397860214198695e+00
      1740  4.3499999999999801e+00  1.2259718343620520e-01  2.4979795139720718e+00
      1750  4.3749999999999840e+00  1.2255506044723731e-01  2.5568891839594360e+00
      1760  4.3999999999999879e+00  1.2251195047175930e-01  2.6163969508166064e+00
      1770  4.4249999999999918e+00  1.2246784460604611e-01  2.6763748115095407e+00
      1780  4.4499999999999957e+00  1.2242273603143566e-01  2.7367038046610200e+00
      1790  4.4749999999999996e+00  1.2237661975797777e-01  2.7972828745910999e+00
      1800  4.5000000000000036e+00  1.2232949239473974e-01  2.8580196144126933e+00
      1810  4.5250000000000075e+00  1.2228135201978973e-01  2.9188325882390276e+00
      1820  4.5500000000000114e+00  1.2223219785970242e-01  2.9796672839332258e+00
      1830  4.5750000000000153e+00  1.2218202981952845e-01  3.0404946612020115e+00
      1840  4.6000000000000192e+00  1.2213084818403148e-01  3.1012956014236935e+00
      1850  4.6250000000000231e+00  1.2207865356721730e-01  3.1620480722010758e+00
      1860  4.6500000000000270e+00  1.2202544701057674e-01  3.2227235093806049e+00
      1870  4.6750000000000309e+00  1.2197123001888894e-01  3.2832969259336077e+00
      1880  4.7000000000000348e+00  1.2191600445056107e-01  3.3437491552209815e+00
      1890  4.7250000000000387e+00  1.2185977255142025e-01  3.4040499563440439e+00
      1900  4.7500000000000426e+00  1.2180253722408631e-01  3.4641514159830821e+00
      1910  4.7750000000000465e+00  1.2174430228275735e-01  3.5239921279401947e+00
      1920  4.8000000000000504e+00  1.2168507270091254e-01  3.5834938131691270e+00
      1930  4.8250000000000544e+00  1.2162485486787490e-01  3.6425676902399902e+00
      1940  4.8500000000000583e+00  1.2156365660173474e-01  3.7011338552453621e+00
      1950  4.8750000000000622e+00  1.2150148691663015e-01  3.7591286490782215e+00
      1960  4.9000000000000661e+00  1.2143835575334579e-01  3.8165049579810252e+00
      1970  4.9250000000000700e+00  1.2137427367875145e-01  3.8732349167698597e+00
      1980  4.9500000000000739e+00  1.2130925157996121e-01  3.9293069486228361e+00
      1990  4.9750000000000778e+00  1.2124330044287848e-01  3.9847200059023373e+00
      2000  5.0000000000000817e+00  1.2117643121507786e-01  4.0394785829848747e+00
      2010  5.0250000000000856e+00  1.2110865479317195e-01  4.0935821134962239e+00
      2020  5.0500000000000895e+00  1.2103998219511294e-01  4.1470164244598320e+00
      2030  5.0750000000000934e+00  1.2097042473628737e-01  4.1997629764511127e+00
      2040  5.1000000000000973e+00  1.2089999396123064e-01  4.2518140372388292e+00
      2050  5.1250000000001013e+00  1.2082870148357625e-01  4.3031658339987119e+00
      2060  5.1500000000001052e+00  1.2075655908709241e-01  4.3537994169615381e+00
      2070  5.1750000000001091e+00  1.2068357902458545e-01  4.4036792512905455e+00
      2080  5.2000000000001130e+00  1.2060977415899077e-01  4.4527715657437182e+00
      2090  5.2250000000001169e+00  1.2053515775046097e-01  4.5010647726928536e+00
      2100  5.2500000000001208e+00  1.2045974305198232e-01  4.5485684821560690e+00
      2110  5.2750000000001247e+00  1.2038354315934170e-01  4.5952868818830426e+00
      2120  5.3000000000001286e+00  1.2030657128293587e-01  4.6412024559535133e+00
      2130  5.3250000000001325e+00  1.2022884098272375e-01  4.6862961322017699e+00
      2140  5.3500000000001364e+00  1.2015036595622292e-01  4.7305727906711529e+00
      2150  5.3750000000001403e+00  1.2007115959974102e-01  4.7740622740000484e+00
      2160  5.4000000000001442e+00  1.1999123466286014e-01  4.8168115620957749e+00
      2170  5.4250000000001481e+00  1.1991060298280200e-01  4.8588829976442086e+00
      2180  5.4500000000001521e+00  1.1982927526521289e-01  4.9003478371699824e+00
      2190  5.4750000000001560e+00  1.1974726106806051e-01  4.9412698242345870e+00
      2200  5.5000000000001599e+00  1.1966456901616067e-01  4.9816976588970691e+00
      2210  5.5250000000001638e+00  1.1958120697811893e-01  5.0216763737583195e+00
      2220  5.5500000000001677e+00  1.1949718197117822e-01  5.0612660697934013e+00
      2230  5.5750000000001716e+00  1.1941249977859527e-01  5.1005567705776400e+00
      2240  5.6000000000001755e+00  1.1932716435143327e-01  5.1396803247179104e+00
      2250  5.6250000000001794e+00  1.1924117701433135e-01  5.1788215174964008e+00
      2260  5.6500000000001833e+00  1.1915453555368854e-01  5.2182183986152377e+00
      2270  5.6750000000001872e+00  1.1906723348276894e-01  5.2581408900819070e+00
      2280  5.7000000000001911e+00  1.1897925972119400e-01  5.2988682542570104e+00
      2290  5.7250000000001950e+00  1.1889059847884103e-01  5.3406874377386593e+00
      2300  5.7500000000001990e+00  1.1880122907084759e-01  5.3838997032930760e+00
      2310  5.7750000000002029e+00  1.1871112567316534e-01  5.4288185791959992e+00
      2320  5.8000000000002068e+00  1.1862025728323758e-01  5.4757463669548454e+00
      2330  5.8250000000002107e+00  1.1852858817340694e-01  5.5249444479189678e+00
      2340  5.8500000000002146e+00  1.1843607866600327e-01  5.5766251165808383e+00
      2350  5.8750000000002185e+00  1.1834268602605725e-01  5.6309386889971920e+00
      2360  5.9000000000002224e+00  1.1824836571536506e-01  5.6879485132504379e+00
      2370  5.9250000000002263e+00  1.1815307285115881e-01  5.7476379165336440e+00
      2380  5.9500000000002302e+00  1.1805676315906678e-01  5.8099610365020628e+00
      2390  5.9750000000002341e+00  1.1795939301032584e-01  5.8748896594083036e+00
      2400  6.0000000000002380e+00  1.1786091917305531e-01  5.9423960814543106e+00
      2410  6.0250000000002419e+00  1.1776129921924449e-01  6.0124078292328958e+00
      2420  6.0500000000002458e+00  1.1766049213154360e-01  6.0848446254940478e+00
      2430  6.0750000000002498e+00  1.1755845737924714e-01  6.1597537374288072e+00
      2440  6.1000000000002537e+00  1.1745515169606717e-01  6.2374282711522848e+00
      2450  6.1250000000002576e+00  1.1735052466656234e-01  6.3184287155243729e+00
      2460  6.1500000000002615e+00  1.1724451472204216e-01  6.4035139237249815e+00
      2470  6.1750000000002654e+00  1.1713704707338045e-01  6.4934759148276141e+00
      2480  6.2000000000002693e+00  1.1702803498934686e-01  6.5889256855121327e+00
      2490  6.2250000000002732e+00  1.1691738354746309e-01  6.6902586309272296e+00
      2500  6.2500000000002771e+00  1.1680499117103344e-01  6.7979425737589804e+00
      2510  6.2750000000002810e+00  1.1669074524441067e-01  6.9128900081459157e+00
      2520  6.3000000000002849e+00  1.1657451259079118e-01  7.0366516292965740e+00
      2530  6.3250000000002888e+00  1.1645613156183847e-01  7.1709245507949474e+00
      2540  6.3500000000002927e+00  1.1633542056470779e-01  7.3161131627988086e+00
      2550  6.3750000000002967e+00  1.1621221383889599e-01  7.4696871630064715e+00
      2560  6.4000000000003006e+00  1.1608641741024155e-01  7.6256396125745981e+00
      2570  6.4250000000003045e+00  1.1595805612317808e-01  7.7761998765938829e+00
      2580  6.4500000000003084e+00  1.1582727613808570e-01  7.9151271786666121e+00
      2590  6.4750000000003123e+00  1.1569429795164577e-01  8.0398713969607034e+00
      2600  6.5000000000003162e+00  1.1555935623079196e-01  8.1510150066723526e+00
      2610  6.5250000000003201e+00  1.1542266201060213e-01  8.2505413076203445e+00
      2620  6.5500000000003240e+00  1.1528439035634781e-01  8.3406848075311354e+00
      2630  6.5750000000003279e+00  1.1514467793339614e-01  8.4238623410924292e+00
      2640  6.6000000000003318e+00  1.1500361931831888e-01  8.5026402480876772e+00
      2650  6.6250000000003357e+00  1.1486126908408918e-01  8.5791292273658907e+00
      2660  6.6500000000003396e+00  1.1471765522620455e-01  8.6543571544971076e+00
      2670  6.6750000000003435e+00  1.1457279564824904e-01  8.7286744880968162e+00
      2680  6.7000000000003475e+00  1.1442670143850014e-01  8.8026425399557068e+00
      2690  6.7250000000003514e+00  1.1427937114685604e-01  8.8771731296581497e+00
      2700  6.7500000000003553e+00  1.1413078674215989e-01  8.9533020906629328e+00
      2710  6.7750000000003592e+00  1.1398091560915892e-01  9.0315553925919477e+00
      2720  6.8000000000003631e+00  1.1382972828489808e-01  9.1109899493705642e+00
      2730  6.8250000000003670e+00  1.1367721734936231e-01  9.1901933075271196e+00
      2740  6.8500000000003709e+00  1.1352339533266581e-01  9.2681944564851131e+00
      2750  6.8750000000003748e+00  1.1336828542360021e-01  9.3448338670848695e+00
      2760  6.9000000000003787e+00  1.1321190218191129e-01  9.4212695160747228e+00
      2770  6.9250000000003826e+00  1.1305423186071321e-01  9.4997853234420687e+00
      2780  6.9500000000003865e+00  1.1289521281391831e-01  9.5836470078577419e+00
      2790  6.9750000000003904e+00  1.1273473186971256e-01  9.6756092916568021e+00
      2800  7.0000000000003944e+00  1.1257263688829067e-01  9.7775250450130036e+00
      2810  7.0250000000003983e+00  1.1240875832149274e-01  9.8894488078196499e+00
      2820  7.0500000000004022e+00  1.1224294503744908e-01  1.0009193186048584e+01
      2830  7.0750000000004061e+00  1.1207509223150545e-01  1.0133697713959532e+01
      2840  7.1000000000004100e+00  1.1190514371651566e-01  1.0260284082670090e+01
      2850  7.1250000000004139e+00  1.1173308238951275e-01  1.0386969523347474e+01
      2860  7.1500000000004178e+00  1.1155891818316757e-01  1.0512464019123571e+01
      2870  7.1750000000004217e+00  1.1138267646184211e-01  1.0636283197816003e+01
      2880  7.2000000000004256e+00  1.1120438300593699e-01  1.0758740041365527e+01
      2890  7.2250000000004295e+00  1.1102405745062882e-01  1.0880156919408126e+01
      2900  7.2500000000004334e+00  1.1084171862632626e-01  1.1000226349056581e+01
      2910  7.2750000000004373e+00  1.1065739304554085e-01  1.1118545329638516e+01
      2920  7.3000000000004412e+00  1.1047111204892127e-01  1.1234763392587884e+01
      2930  7.3250000000004452e+00  1.1028291377024493e-01  1.1348790049418092e+01
      2940  7.3500000000004491e+00  1.1009282023095208e-01  1.1462556307766095e+01
      2950  7.3750000000004530e+00  1.0990082288013752e-01  1.1577313391268063e+01
      2960  7.4000000000004569e+00  1.0970690399797124e-01  1.1693103901183067e+01
      2970  7.4250000000004608e+00  1.0951104891105285e-01  1.1809598635394567e+01
      2980  7.4500000000004647e+00  1.0931324848362302e-01  1.1926484190917841e+01
      2990  7.4750000000004686e+00  1.0911350005336810e-01  1.2043303165183779e+01
      3000  7.5000000000004725e+00  1.0891180311175761e-01  1.2160513886944318e+01
      3010  7.5250000000004764e+00  1.0870813890415903e-01  1.2279679287554142e+01
      3020  7.5500000000004803e+00  1.0850245733077770e-01  1.2403001729691124e+01
      3030  7.5750000000004842e+00  1.0829467162599919e-01  1.2532411628995867e+01
      3040  7.6000000000004881e+00  1.0808466926621684e-01  1.2669171964330482e+01
      3050  7.6250000000004921e+00  1.0787232331609906e-01  1.2813570208852719e+01
      3060  7.6500000000004960e+00  1.0765751215023294e-01  1.2964808039412096e+01
      3070  7.6750000000004999e+00  1.0744013248695173e-01  1.3121572229294750e+01
      3080  7.7000000000005038e+00  1.0722010352914532e-01  1.3282385589888662e+01
      3090  7.7250000000005077e+00  1.0699737915433323e-01  1.3444553719248847e+01
      3100  7.7500000000005116e+00  1.0677195212537468e-01  1.3606788482282704e+01
      3110  7.7750000000005155e+00  1.0654380842646771e-01  1.3771034929182384e+01
      3120  7.8000000000005194e+00  1.0631289520355697e-01  1.3939189273601495e+01
      3130  7.8250000000005233e+00  1.0607915394740167e-01  1.4110000860405710e+01
      3140  7.8500000000005272e+00  1.0584255849884208e-01  1.4281512072349837e+01
      3150  7.8750000000005311e+00  1.0560310016061078e-01  1.4453663864413077e+01
      3160  7.9000000000005350e+00  1.0536076121780189e-01  1.4627386992495869e+01
      3170  7.9250000000005389e+00  1.0511550331156571e-01  1.4804202200807113e+01
      3180  7.9500000000005429e+00  1.0486726534095473e-01  1.4985005012025854e+01
      3190  7.9750000000005468e+00  1.0461598719663402e-01  1.5168607184413413e+01
      3200  8.0000000000005507e+00  1.0436164515151797e-01  1.5352326723644879e+01
      3210  8.0250000000005457e+00  1.0410424385595682e-01  1.5535958492629893e+01
      3220  8.0500000000005407e+00  1.0384377261339766e-01  1.5720808957590878e+01
      3230  8.0750000000005357e+00  1.0358021367748613e-01  1.5906243336365915e+01
      3240  8.1000000000005308e+00  1.0331356497572036e-01  1.6091717278190246e+01
      3250  8.1250000000005258e+00  1.0304381155953240e-01  1.6279317846595346e+01
      3260  8.1500000000005208e+00  1.0277088968057671e-01  1.6472576090579641e+01
      3270  8.1750000000005159e+00  1.0249467345744700e-01  1.6675255369859896e+01
      3280  8.2000000000005109e+00  1.0221497380829888e-01  1.6891243307858385e+01
      3290  8.2250000000005059e+00  1.0193154154489077e-01  1.7123410663425580e+01
      3300  8.2500000000005009e+00  1.0164410345605217e-01  1.7371695470911114e+01
      3310  8.2750000000004960e+00  1.0135241201648092e-01  1.7633036364829846e+01
      3320  8.3000000000004910e+00  1.0105629442656114e-01  1.7901786677709878e+01
      3330  8.3250000000004860e+00  1.0075567413090834e-01  1.8172916031584667e+01
      3340  8.3500000000004810e+00  1.0045051102362597e-01  1.8447740349341284e+01
      3350  8.3750000000004761e+00  1.0014069623458054e-01  1.8732046057708117e+01
      3360  8.4000000000004711e+00  9.9826038959110006e-02  1.9028841437665554e+01
      3370  8.4250000000004661e+00  9.9506347635921432e-02  1.9335206715038035e+01
      3380  8.4500000000004611e+00  9.9181515767062833e-02  1.9644613551767930e+01
      3390  8.4750000000004562e+00  9.8851541101016912e-02  1.9951428886783431e+01
      3400  8.5000000000004512e+00  9.8516520496730580e-02  2.0248956566766269e+01
      3410  8.5250000000004462e+00  9.8176650894645234e-02  2.0533165510443481e+01
      3420  8.5500000000004412e+00  9.7832155695386422e-02  2.0803999993290345e+01
      3430  8.5750000000004363e+00  9.7483261559390760e-02  2.1060997288993241e+01
      3440  8.6000000000004313e+00  9.7130196269586226e-02  2.1304742168880085e+01
      3450  8.6250000000004263e+00  9.6773171918426281e-02  2.1536094914585706e+01
      3460  8.6500000000004214e+00  9.6412398573045427e-02  2.1754577534056240e+01
      3470  8.6750000000004164e+00  9.6048085869320067e-02  2.1961090432835012e+01
      3480  8.7000000000004114e+00  9.5680426408835083e-02  2.2155871037386094e+01
      3490  8.7250000000004064e+00  9.5309649014488149e-02  2.2333988934939537e+01
      3500  8.7500000000004015e+00  9.4936086952524296e-02  2.2489657347945419e+01
      3510  8.7750000000003965e+00  9.4560110002304993e-02  2.2624433791575985e+01
      3520  8.8000000000003915e+00  9.4182041890689961e-02  2.2740471250755520e+01
      3530  8.8250000000003865e+00  9.3802221548160159e-02  2.2833499155584861e+01
      3540  8.8500000000003816e+00  9.3421095625258540e-02  2.2896104512312599e+01
      3550  8.8750000000003766e+00  9.3039198953864527e-02  2.2926397725238441e+01
      3560  8.9000000000003716e+00  9.2657042873192144e-02  2.2927688750238334e+01
      3570  8.9250000000003666e+00  9.2275095914383634e-02  2.2901470731965973e+01
      3580  8.9500000000003617e+00  9.1893803005995425e-02  2.2849632625218319e+01
      3590  8.9750000000003567e+00  9.1513573235911229e-02  2.2774065528142882e+01
      3600  9.0000000000003517e+00  9.1134791019025790e-02  2.2676310173695055e+01
      3610  9.0250000000003467e+00  9.0757808810828356e-02  2.2558350937336070e+01
      3620  9.0500000000003418e+00  9.0382947014047984e-02  2.2422233818635254e+01
      3630  9.0750000000003368e+00  9.0010491853924545e-02  2.2269717986185859e+01
      3640  9.1000000000003318e+00  8.9640712235959526e-02  2.2101216491525439e+01
      3650  9.1250000000003268e+00  8.9273862856101544e-02  2.1918906016098789e+01
      3660  9.1500000000003219e+00  8.8910115741805565e-02  2.1730643646421726e+01
      3670  9.1750000000003169e+00  8.8549486862203892e-02  2.1545914293107373e+01
      3680  9.2000000000003119e+00  8.8191884538330825e-02  2.1367137850511680e+01
      3690  9.2250000000003070e+00  8.7837237036881878e-02  2.1190458706848986e+01
      3700  9.2500000000003020e+00  8.7485555714366333e-02  2.1010358488883108e+01
      3710  9.2750000000002970e+00  8.7136926562483133e-02  2.0824149141279882e+01
      3720  9.3000000000002920e+00  8.6791448080120989e-02  2.0632404952003806e+01
      3730  9.3250000000002871e+00  8.6449207597611257e-02  2.0435745243131294e+01
      3740  9.3500000000002821e+00  8.6110269394477454e-02  2.0236939379607922e+01
      3750  9.3750000000002771e+00  8.5774622607188357e-02  2.0041719534186281e+01
      3760  9.4000000000002721e+00  8.5442171788720071e-02  1.9853608515699064e+01
      3770  9.4250000000002672e+00  8.5112798624464639e-02  1.9672216703184335e+01
      3780  9.4500000000002622e+00  8.4786394231525114e-02  1.9497593542432742e+01
      3790  9.4750000000002572e+00  8.4462830101383542e-02  1.9331714068557209e+01
      3800  9.5000000000002522e+00  8.4141949150255242e-02  1.9175622593186832e+01
      3810  9.5250000000002473e+00  8.3823591110412172e-02  1.9028830442092168e+01
      3820  9.5500000000002423e+00  8.3507607378526065e-02  1.8890606193808543e+01
      3830  9.5750000000002373e+00  8.3193858345443001e-02  1.8760679485787641e+01
      3840  9.6000000000002323e+00  8.2882205225981424e-02  1.8639026533254096e+01
      3850  9.6250000000002274e+00  8.2572517885627396e-02  1.8524497412762975e+01
      3860  9.6500000000002224e+00  8.2264691059934896e-02  1.8415602072874515e+01
      3870  9.6750000000002174e+00  8.1958635925388417e-02  1.8311834491302960e+01
      3880  9.7000000000002125e+00  8.1654274033047930e-02  1.8212090195404590e+01
      3890  9.7250000000002075e+00  8.1351555475967487e-02  1.8114376059680809e+01
      3900  9.7500000000002025e+00  8.1050451976201413e-02  1.8018468711322909e+01
      3910  9.7750000000001975e+00  8.0750919715176634e-02  1.7926195958271992e+01
      3920  9.8000000000001926e+00  8.0452881384306571e-02  1.7839428257662635e+01
      3930  9.8250000000001876e+00  8.0156236188258230e-02  1.7759137532425870e+01
      3940  9.8500000000001826e+00  7.9860870520992601e-02  1.7685965746939199e+01
      3950  9.8750000000001776e+00  7.9566665098143851e-02  1.7619746758165135e+01
      3960  9.9000000000001727e+00  7.9273517098470380e-02  1.7558634937402069e+01
      3970  9.9250000000001677e+00  7.8981365481205984e-02  1.7499690649256307e+01
      3980  9.9500000000001627e+00  7.8690193998123658e-02  1.7440854583726031e+01
      3990  9.9750000000001577e+00  7.8400004531156283e-02  1.7381867645885601e+01
      4000  1.0000000000000153e+01  7.8110800402408337e-02  1.7322512825556385e+01
