         0  0.0000000000000000e+00  1.2500000000000000e-01  3.7500000000000000e-01 -0.000000e+00  3.375000e+00 -0.000000e+00  1.562500e+01 -0.000000e+00  8.374023e+01  3.375000e+00  1.562500e+01  1.1250000000000000e+00
        10  2.4999999999999998e-02  1.2481263638387965e-01  3.7446223916162519e-01  1.324531e-02  3.375300e+00  1.324627e-01  1.563091e+01  1.086794e+00  8.381010e+01  3.373818e+00  1.561449e+01  1.1235813805565404e+00
        20  5.0000000000000010e-02  1.2462552938208508e-01  3.7397358180111256e-01  2.646580e-02  3.376199e+00  2.647347e-01  1.564861e+01  2.173135e+00  8.401928e+01  3.370294e+00  1.558317e+01  1.1226970603793145e+00
        30  7.5000000000000025e-02  1.2443865457878274e-01  3.7353348760439936e-01  3.966309e-02  3.377694e+00  3.968894e-01  1.567803e+01  3.260727e+00  8.436742e+01  3.364477e+00  1.553158e+01  1.1223424949749670e+00
        40  1.0000000000000005e-01  1.2425198782064770e-01  3.7314144617249823e-01  5.283874e-02  3.379781e+00  5.289988e-01  1.571914e+01  4.351251e+00  8.485447e+01  3.356439e+00  1.546049e+01  1.1225139881301851e+00
        50  1.2500000000000006e-01  1.2406550520220151e-01  3.7279697586650101e-01  6.599419e-02  3.382458e+00  6.611334e-01  1.577190e+01  5.446369e+00  8.548070e+01  3.346272e+00  1.537090e+01  1.1232086674664763e+00
        60  1.5000000000000008e-01  1.2387918305172853e-01  3.7249962265163328e-01  7.913079e-02  3.385724e+00  7.933622e-01  1.583628e+01  6.547724e+00  8.624668e+01  3.334090e+00  1.526404e+01  1.1244244617427850e+00
        70  1.7500000000000010e-01  1.2369299791777155e-01  3.7224895894020976e-01  9.224972e-02  3.389577e+00  9.257524e-01  1.591228e+01  7.656939e+00  8.715326e+01  3.320023e+00  1.514135e+01  1.1261600797991802e+00
        80  2.0000000000000012e-01  1.2350692655620660e-01  3.7204458243352667e-01  1.053520e-01  3.394013e+00  1.058369e+00  1.599988e+01  8.775620e+00  8.820159e+01  3.304220e+00  1.500441e+01  1.1284149910465007e+00
        90  2.2500000000000014e-01  1.2332094591789777e-01  3.7188611496290114e-01  1.184386e-01  3.399033e+00  1.191277e+00  1.609909e+01  9.905354e+00  8.939306e+01  3.286841e+00  1.485498e+01  1.1311894074173583e+00
       100  2.5000000000000017e-01  1.2313503313693250e-01  3.7177320133020286e-01  1.315102e-01  3.404635e+00  1.324536e+00  1.620992e+01  1.104771e+01  9.072934e+01  3.268063e+00  1.469491e+01  1.1344842667029846e+00
       110  2.7500000000000019e-01  1.2294916551943556e-01  3.7170550814834236e-01  1.445672e-01  3.410816e+00  1.458206e+00  1.633237e+01  1.220423e+01  9.221235e+01  3.248070e+00  1.452620e+01  1.1383012172081910e+00
       120  3.0000000000000021e-01  1.2276332053296413e-01  3.7168272268230090e-01  1.576099e-01  3.417576e+00  1.592343e+00  1.646647e+01  1.337645e+01  9.384421e+01  3.227057e+00  1.435087e+01  1.1426426036636290e+00
       130  3.2500000000000023e-01  1.2257747579648159e-01  3.7170455169131655e-01  1.706385e-01  3.424913e+00  1.727001e+00  1.661224e+01  1.456587e+01  9.562727e+01  3.205224e+00  1.417101e+01  1.1475114543399425e+00
       140  3.5000000000000026e-01  1.2239160907090900e-01  3.7177072027295571e-01  1.836527e-01  3.432824e+00  1.862232e+00  1.676970e+01  1.577396e+01  9.756409e+01  3.182777e+00  1.398875e+01  1.1529114693130145e+00
       150  3.7500000000000028e-01  1.2220569825025472e-01  3.7188097070979231e-01  1.966521e-01  3.441308e+00  1.998083e+00  1.693888e+01  1.700219e+01  9.965739e+01  3.159921e+00  1.380620e+01  1.1588470098329309e+00
       160  4.0000000000000030e-01  1.2201972135331811e-01  3.7203506131944952e-01  2.096361e-01  3.450361e+00  2.134600e+00  1.711980e+01  1.825198e+01  1.019101e+02  3.136864e+00  1.362544e+01  1.1653230887518493e+00
       170  4.2500000000000032e-01  1.2183365651596817e-01  3.7223276530877580e-01  2.226036e-01  3.459981e+00  2.271822e+00  1.731248e+01  1.952471e+01  1.043251e+02  3.113812e+00  1.344855e+01  1.1723453619672424e+00
       180  4.5000000000000034e-01  1.2164748198399214e-01  3.7247386963288676e-01  2.355535e-01  3.470165e+00  2.409788e+00  1.751694e+01  2.082173e+01  1.069057e+02  3.090966e+00  1.327753e+01  1.1799201208376404e+00
       190  4.7500000000000037e-01  1.2146117610651304e-01  3.7275817385980320e-01  2.484843e-01  3.480907e+00  2.548532e+00  1.773319e+01  2.214436e+01  1.096550e+02  3.068525e+00  1.311430e+01  1.1880542855274110e+00
       200  5.0000000000000033e-01  1.2127471732997264e-01  3.7308548904135369e-01  2.613942e-01  3.492203e+00  2.688081e+00  1.796124e+01  2.349386e+01  1.125764e+02  3.046679e+00  1.296072e+01  1.1967553992358009e+00
       210  5.2499999999999980e-01  1.2108808419267711e-01  3.7345563659098224e-01  2.742811e-01  3.504048e+00  2.828461e+00  1.820109e+01  2.487143e+01  1.156731e+02  3.025610e+00  1.281856e+01  1.2060316232629549e+00
       220  5.4999999999999927e-01  1.2090125531989958e-01  3.7386844716901829e-01  2.871426e-01  3.516434e+00  2.969691e+00  1.845273e+01  2.627822e+01  1.189485e+02  3.005492e+00  1.268948e+01  1.2158917328625207e+00
       230  5.7499999999999873e-01  1.2071420941953900e-01  3.7432375957592501e-01  2.999760e-01  3.529356e+00  3.111785e+00  1.871612e+01  2.771532e+01  1.224058e+02  2.986490e+00  1.257504e+01  1.2263451138259704e+00
       240  5.9999999999999820e-01  1.2052692527832964e-01  3.7482141965394533e-01  3.127783e-01  3.542803e+00  3.254753e+00  1.899124e+01  2.918373e+01  1.260483e+02  2.968755e+00  1.247670e+01  1.2374017597388474e+00
       250  6.2499999999999767e-01  1.2033938175859525e-01  3.7536127919750945e-01  3.255463e-01  3.556767e+00  3.398597e+00  1.927802e+01  3.068439e+01  1.298789e+02  2.952430e+00  1.239579e+01  1.2490722698427668e+00
       260  6.4999999999999714e-01  1.2015155779554629e-01  3.7594319487268546e-01  3.382764e-01  3.571238e+00  3.543314e+00  1.957639e+01  3.221812e+01  1.339007e+02  2.937643e+00  1.233355e+01  1.2613678474301395e+00
       270  6.7499999999999660e-01  1.1996343239511498e-01  3.7656702714586598e-01  3.509646e-01  3.586203e+00  3.688895e+00  1.988627e+01  3.378566e+01  1.381163e+02  2.924511e+00  1.229110e+01  1.2743002986904213e+00
       280  6.9999999999999607e-01  1.1977498463232181e-01  3.7723263922183137e-01  3.636068e-01  3.601650e+00  3.835324e+00  2.020752e+01  3.538765e+01  1.425281e+02  2.913136e+00  1.226944e+01  1.2878820319178552e+00
       290  7.2499999999999554e-01  1.1958619365017119e-01  3.7793989599125222e-01  3.761985e-01  3.617565e+00  3.982577e+00  2.054002e+01  3.702459e+01  1.471384e+02  2.903609e+00  1.226947e+01  1.3021260569805897e+00
       300  7.4999999999999500e-01  1.1939703865906916e-01  3.7868866298760040e-01  3.887349e-01  3.633933e+00  4.130624e+00  2.088359e+01  3.869687e+01  1.519487e+02  2.896007e+00  1.229200e+01  1.3170459849404261e+00
       310  7.7499999999999447e-01  1.1920749893676266e-01  3.7947880535345707e-01  4.012110e-01  3.650736e+00  4.279428e+00  2.123804e+01  4.040472e+01  1.569606e+02  2.890393e+00  1.233770e+01  1.3326560277005155e+00
       320  7.9999999999999394e-01  1.1901755382878876e-01  3.8031018681606910e-01  4.136214e-01  3.667956e+00  4.428942e+00  2.160314e+01  4.214825e+01  1.621748e+02  2.886818e+00  1.240716e+01  1.3489709975457835e+00
       330  8.2499999999999341e-01  1.1882718274943781e-01  3.8118266867204442e-01  4.259605e-01  3.685575e+00  4.579112e+00  2.197863e+01  4.392738e+01  1.675916e+02  2.885320e+00  1.250085e+01  1.3660063064273109e+00
       340  8.4999999999999287e-01  1.1863636518321811e-01  3.8209610878101280e-01  4.382226e-01  3.703571e+00  4.729877e+00  2.236422e+01  4.574188e+01  1.732107e+02  2.885923e+00  1.261916e+01  1.3837779648277500e+00
       350  8.7499999999999234e-01  1.1844508068682445e-01  3.8305036056810515e-01  4.504015e-01  3.721921e+00  4.881166e+00  2.275958e+01  4.759133e+01  1.790312e+02  2.888640e+00  1.276237e+01  1.4023025800297202e+00
       360  8.9999999999999181e-01  1.1825330889160046e-01  3.8404527203509214e-01  4.624909e-01  3.740603e+00  5.032901e+00  2.316434e+01  4.947512e+01  1.850513e+02  2.893471e+00  1.293064e+01  1.4215973535937538e+00
       370  9.2499999999999127e-01  1.1806102950649408e-01  3.8508068478005025e-01  4.744842e-01  3.759591e+00  5.184994e+00  2.357810e+01  5.139244e+01  1.912685e+02  2.900405e+00  1.312407e+01  1.4416800778363070e+00
       380  9.4999999999999074e-01  1.1786822232150236e-01  3.8615643302551605e-01  4.863747e-01  3.778858e+00  5.337348e+00  2.400041e+01  5.334225e+01  1.976796e+02  2.909420e+00  1.334262e+01  1.4625691310819924e+00
       390  9.7499999999999021e-01  1.1767486721159673e-01  3.8727234265508970e-01  4.981555e-01  3.798377e+00  5.489859e+00  2.443077e+01  5.532333e+01  2.042801e+02  2.920482e+00  1.358616e+01  1.4842834714480939e+00
       400  9.9999999999998967e-01  1.1748094414113244e-01  3.8842823025859480e-01  5.098194e-01  3.818117e+00  5.642413e+00  2.486866e+01  5.733420e+01  2.110648e+02  2.933547e+00  1.385447e+01  1.5068426289029730e+00
       410  1.0249999999999893e+00  1.1728643316872714e-01  3.8962390218600562e-01  5.213593e-01  3.838050e+00  5.794887e+00  2.531349e+01  5.937315e+01  2.180275e+02  2.948562e+00  1.414720e+01  1.5302666953246824e+00
       420  1.0499999999999887e+00  1.1709131445261704e-01  3.9085915361045087e-01  5.327676e-01  3.858143e+00  5.947151e+00  2.576466e+01  6.143825e+01  2.251608e+02  2.965465e+00  1.446389e+01  1.5545763122710334e+00
       430  1.0749999999999882e+00  1.1689556825647374e-01  3.9213376760080909e-01  5.440369e-01  3.878362e+00  6.099067e+00  2.622150e+01  6.352731e+01  2.324562e+02  2.984184e+00  1.480397e+01  1.5797926561590625e+00
       440  1.0999999999999877e+00  1.1669917495568527e-01  3.9344751420455615e-01  5.551595e-01  3.898675e+00  6.250485e+00  2.668329e+01  6.563790e+01  2.399041e+02  3.004638e+00  1.516678e+01  1.6059374205398838e+00
       450  1.1249999999999871e+00  1.1650211504409201e-01  3.9480014954175163e-01  5.661277e-01  3.919046e+00  6.401252e+00  2.714930e+01  6.776733e+01  2.474937e+02  3.026741e+00  1.555149e+01  1.6330327951454715e+00
       460  1.1499999999999866e+00  1.1630436914117206e-01  3.9619141491123600e-01  5.769338e-01  3.939439e+00  6.551206e+00  2.761872e+01  6.991268e+01  2.552130e+02  3.050398e+00  1.595718e+01  1.6611014413771319e+00
       470  1.1749999999999861e+00  1.1610591799967215e-01  3.9762103591039966e-01  5.875699e-01  3.959818e+00  6.700177e+00  2.809074e+01  7.207080e+01  2.630488e+02  3.075506e+00  1.638280e+01  1.6901664639019491e+00
       480  1.1999999999999855e+00  1.1590674251367318e-01  3.9908872157010100e-01  5.980283e-01  3.980144e+00  6.847989e+00  2.856448e+01  7.423828e+01  2.709867e+02  3.101960e+00  1.682716e+01  1.7202513780245428e+00
       490  1.2249999999999850e+00  1.1570682372708473e-01  4.0059416350659904e-01  6.083011e-01  4.000381e+00  6.994462e+00  2.903903e+01  7.641148e+01  2.790112e+02  3.129646e+00  1.728897e+01  1.7513800725065019e+00
       500  1.2499999999999845e+00  1.1550614284255932e-01  4.0213703509266840e-01  6.183804e-01  4.020489e+00  7.139407e+00  2.951346e+01  7.858657e+01  2.871054e+02  3.158446e+00  1.776680e+01  1.7835767675172889e+00
       510  1.2749999999999839e+00  1.1530468123081636e-01  4.0371699065030847e-01  6.282587e-01  4.040429e+00  7.282635e+00  2.998680e+01  8.075948e+01  2.952517e+02  3.188240e+00  1.825907e+01  1.8168659674170557e+00
       520  1.2999999999999834e+00  1.1510242044036065e-01  4.0533366466781862e-01  6.379281e-01  4.060164e+00  7.423951e+00  3.045805e+01  8.292599e+01  3.034309e+02  3.218901e+00  1.876412e+01  1.8512724080962046e+00
       530  1.3249999999999829e+00  1.1489934220759156e-01  4.0698667104425468e-01  6.473811e-01  4.079654e+00  7.563156e+00  3.092619e+01  8.508167e+01  3.116234e+02  3.250302e+00  1.928014e+01  1.8868209986274398e+00
       540  1.3499999999999823e+00  1.1469542846727639e-01  4.0867560236460876e-01  6.566104e-01  4.098860e+00  7.700050e+00  3.139019e+01  8.722197e+01  3.198083e+02  3.282311e+00  1.980524e+01  1.9235367570261874e+00
       550  1.3749999999999818e+00  1.1449066136338161e-01  4.1040002920930080e-01  6.656084e-01  4.117744e+00  7.834433e+00  3.184900e+01  8.934218e+01  3.279641e+02  3.314799e+00  2.033739e+01  1.9614447399626809e+00
       560  1.3999999999999813e+00  1.1428502326023850e-01  4.1215949950188441e-01  6.743682e-01  4.136268e+00  7.966103e+00  3.230155e+01  9.143751e+01  3.360684e+02  3.347630e+00  2.087451e+01  2.0005699663263603e+00
       570  1.4249999999999807e+00  1.1407849675402516e-01  4.1395353789904427e-01  6.828828e-01  4.154394e+00  8.094861e+00  3.274680e+01  9.350310e+01  3.440986e+02  3.380674e+00  2.141439e+01  2.0409373346088246e+00
       580  1.4499999999999802e+00  1.1387106468454129e-01  4.1578164522723560e-01  6.911453e-01  4.172087e+00  8.220507e+00  3.318368e+01  9.553402e+01  3.520313e+02  3.413797e+00  2.195481e+01  2.0825715341467652e+00
       590  1.4749999999999797e+00  1.1366271014725360e-01  4.1764329797044292e-01  6.991493e-01  4.189311e+00  8.342847e+00  3.361114e+01  9.752534e+01  3.598431e+02  3.446869e+00  2.249344e+01  2.1254969503495920e+00
       600  1.4999999999999791e+00  1.1345341650558151e-01  4.1953794781369697e-01  7.068885e-01  4.206032e+00  8.461688e+00  3.402815e+01  9.947214e+01  3.675104e+02  3.479761e+00  2.302794e+01  2.1697375641281553e+00
       610  1.5249999999999786e+00  1.1324316740339635e-01  4.2146502124705754e-01  7.143570e-01  4.222216e+00  8.576844e+00  3.443369e+01  1.013695e+02  3.750096e+02  3.512346e+00  2.355596e+01  2.2153168458398720e+00
       620  1.5499999999999781e+00  1.1303194677770739e-01  4.2342391923478068e-01  7.215489e-01  4.237833e+00  8.688135e+00  3.482679e+01  1.032128e+02  3.823174e+02  3.544502e+00  2.407513e+01  2.2622576441700306e+00
       630  1.5749999999999775e+00  1.1281973887148657e-01  4.2541401695438252e-01  7.284589e-01  4.252853e+00  8.795388e+00  3.520647e+01  1.049972e+02  3.894109e+02  3.576109e+00  2.458309e+01  2.3105820704783167e+00
       640  1.5999999999999770e+00  1.1260652824661518e-01  4.2743466361019666e-01  7.350819e-01  4.267248e+00  8.898437e+00  3.557183e+01  1.067182e+02  3.962678e+02  3.607054e+00  2.507755e+01  2.3603113792511259e+00
       650  1.6249999999999765e+00  1.1239229979689730e-01  4.2948518232582589e-01  7.414132e-01  4.280992e+00  8.997125e+00  3.592201e+01  1.083715e+02  4.028666e+02  3.637227e+00  2.555624e+01  2.4114658454119366e+00
       660  1.6499999999999759e+00  1.1217703876110975e-01  4.3156487011968575e-01  7.474484e-01  4.294062e+00  9.091308e+00  3.625618e+01  1.099529e+02  4.091865e+02  3.666525e+00  2.601698e+01  2.4640646393516836e+00
       670  1.6749999999999754e+00  1.1196073073604157e-01  4.3367299796749320e-01  7.531834e-01  4.306436e+00  9.180848e+00  3.657358e+01  1.114587e+02  4.152082e+02  3.694851e+00  2.645769e+01  2.5181257006459887e+00
       680  1.6999999999999749e+00  1.1174336168947920e-01  4.3580881095514040e-01  7.586146e-01  4.318095e+00  9.265624e+00  3.687352e+01  1.128852e+02  4.209134e+02  3.722114e+00  2.687639e+01  2.5736656115228884e+00
       690  1.7249999999999743e+00  1.1152491797309425e-01  4.3797152852496168e-01  7.637387e-01  4.329023e+00  9.345521e+00  3.715535e+01  1.142291e+02  4.262853e+02  3.748232e+00  2.727122e+01  2.6306994712316500e+00
       700  1.7499999999999738e+00  1.1130538633518271e-01  4.4016034481786076e-01  7.685529e-01  4.339205e+00  9.420443e+00  3.741852e+01  1.154874e+02  4.313087e+02  3.773129e+00  2.764050e+01  2.6892407725363077e+00
       710  1.7749999999999733e+00  1.1108475393320678e-01  4.4237442911310942e-01  7.730547e-01  4.348630e+00  9.490304e+00  3.766253e+01  1.166576e+02  4.359699e+02  3.796737e+00  2.798267e+01  2.7493012816151583e+00
       720  1.7999999999999727e+00  1.1086300834609714e-01  4.4461292636702748e-01  7.772419e-01  4.357289e+00  9.555032e+00  3.788697e+01  1.177373e+02  4.402573e+02  3.818996e+00  2.829636e+01  2.8108909226865468e+00
       730  1.8249999999999722e+00  1.1064013758625531e-01  4.4687495785101627e-01  7.811130e-01  4.365176e+00  9.614571e+00  3.809151e+01  1.187248e+02  4.441609e+02  3.839853e+00  2.858040e+01  2.8740176687000707e+00
       740  1.8499999999999717e+00  1.1041613011121772e-01  4.4915962188863240e-01  7.846666e-01  4.372289e+00  9.668876e+00  3.827589e+01  1.196185e+02  4.476729e+02  3.859267e+00  2.883377e+01  2.9386874394296818e+00
       750  1.8749999999999711e+00  1.1019097483492200e-01  4.5146599469064819e-01  7.879019e-01  4.378627e+00  9.717919e+00  3.843994e+01  1.204174e+02  4.507871e+02  3.877201e+00  2.905568e+01  3.0049040082790217e+00
       760  1.8999999999999706e+00  1.0996466113853387e-01  4.5379313128620596e-01  7.908184e-01  4.384191e+00  9.761687e+00  3.858358e+01  1.211208e+02  4.534999e+02  3.893630e+00  2.924555e+01  3.0726689190608303e+00
       770  1.9249999999999701e+00  1.0973717888078595e-01  4.5614006654734096e-01  7.934161e-01  4.388987e+00  9.800181e+00  3.870679e+01  1.217284e+02  4.558092e+02  3.908533e+00  2.940298e+01  3.1419814139396061e+00
       780  1.9499999999999695e+00  1.0950851840777955e-01  4.5850581630337250e-01  7.956953e-01  4.393024e+00  9.833413e+00  3.880965e+01  1.222405e+02  4.577152e+02  3.921902e+00  2.952780e+01  3.2128383736327626e+00
       790  1.9749999999999690e+00  1.0927867056220912e-01  4.6088937854086359e-01  7.976566e-01  4.396311e+00  9.861414e+00  3.889232e+01  1.226575e+02  4.592200e+02  3.933735e+00  2.962005e+01  3.2852342708498119e+00
       800  1.9999999999999685e+00  1.0904762669196531e-01  4.6328973468402629e-01  7.993013e-01  4.398862e+00  9.884225e+00  3.895503e+01  1.229804e+02  4.603278e+02  3.944036e+00  2.967994e+01  3.3591611378150215e+00
       810  2.0249999999999679e+00  1.0881537865808186e-01  4.6570585094982120e-01  8.006306e-01  4.400692e+00  9.901901e+00  3.899810e+01  1.232104e+02  4.610445e+02  3.952819e+00  2.970792e+01  3.4346085485680966e+00
       820  2.0499999999999674e+00  1.0858191884198139e-01  4.6813667977125101e-01  8.016465e-01  4.401819e+00  9.914509e+00  3.902190e+01  1.233492e+02  4.613779e+02  3.960104e+00  2.970459e+01  3.5115636165728232e+00
       830  2.0749999999999669e+00  1.0834724015200255e-01  4.7058116128178784e-01  8.023510e-01  4.402264e+00  9.922129e+00  3.902689e+01  1.233989e+02  4.613373e+02  3.965919e+00  2.967076e+01  3.5900110079888456e+00
       840  2.0999999999999663e+00  1.0811133602916345e-01  4.7303822485334596e-01  8.027467e-01  4.402051e+00  9.924850e+00  3.901358e+01  1.233616e+02  4.609337e+02  3.970298e+00  2.960740e+01  3.6699329707798003e+00
       850  2.1249999999999658e+00  1.0787420045214896e-01  4.7550679067972473e-01  8.028363e-01  4.401202e+00  9.922775e+00  3.898256e+01  1.232401e+02  4.601797e+02  3.973280e+00  2.951562e+01  3.7513093796453250e+00
       860  2.1499999999999653e+00  1.0763582794149631e-01  4.7798577139713999e-01  8.026229e-01  4.399746e+00  9.916012e+00  3.893446e+01  1.230370e+02  4.590889e+02  3.974913e+00  2.939671e+01  3.8341177965794659e+00
       870  2.1749999999999647e+00  1.0739621356296149e-01  4.8047407373316359e-01  8.021098e-01  4.397711e+00  9.904681e+00  3.886997e+01  1.227556e+02  4.576763e+02  3.975247e+00  2.925206e+01  3.9183335466758522e+00
       880  2.1999999999999642e+00  1.0715535293005586e-01  4.8297060017519594e-01  8.013008e-01  4.395128e+00  9.888908e+00  3.878981e+01  1.223991e+02  4.559579e+02  3.974338e+00  2.908318e+01  4.0039298086251964e+00
       890  2.2249999999999637e+00  1.0691324220574787e-01  4.8547425064959271e-01  8.001996e-01  4.392028e+00  9.868826e+00  3.869478e+01  1.219709e+02  4.539504e+02  3.972247e+00  2.889168e+01  4.0908777191852312e+00
       900  2.2499999999999631e+00  1.0666987810332224e-01  4.8798392420247583e-01  7.988104e-01  4.388445e+00  9.844575e+00  3.858567e+01  1.214747e+02  4.516716e+02  3.969039e+00  2.867927e+01  4.1791464907505320e+00
       910  2.2749999999999626e+00  1.0642525788640141e-01  4.9049852067347377e-01  7.971376e-01  4.384413e+00  9.816299e+00  3.846333e+01  1.209142e+02  4.491395e+02  3.964782e+00  2.844771e+01  4.2687035410117913e+00
       920  2.2999999999999621e+00  1.0617937936813267e-01  4.9301694235376697e-01  7.951856e-01  4.379968e+00  9.784146e+00  3.832864e+01  1.202932e+02  4.463727e+02  3.959547e+00  2.819882e+01  4.3595146335721386e+00
       930  2.3249999999999615e+00  1.0593224090955351e-01  4.9553809562009377e-01  7.929593e-01  4.375147e+00  9.748267e+00  3.818247e+01  1.196157e+02  4.433902e+02  3.953407e+00  2.793446e+01  4.4515440282854319e+00
       940  2.3499999999999610e+00  1.0568384141714607e-01  4.9806089253676555e-01  7.904634e-01  4.369988e+00  9.708817e+00  3.802575e+01  1.188855e+02  4.402110e+02  3.946440e+00  2.765651e+01  4.5447546399960270e+00
       950  2.3749999999999605e+00  1.0543418033960082e-01  5.0058425241815130e-01  7.877030e-01  4.364528e+00  9.665949e+00  3.785937e+01  1.181065e+02  4.368542e+02  3.938721e+00  2.736686e+01  4.6391082042951135e+00
       960  2.3999999999999599e+00  1.0518325766381184e-01  5.0310710334452491e-01  7.846833e-01  4.358807e+00  9.619821e+00  3.768428e+01  1.172827e+02  4.333388e+02  3.930330e+00  2.706740e+01  4.7345654488627797e+00
       970  2.4249999999999594e+00  1.0493107391012486e-01  5.0562838362480267e-01  7.814096e-01  4.352862e+00  9.570586e+00  3.750138e+01  1.164180e+02  4.296838e+02  3.921348e+00  2.676002e+01  4.8310862689383818e+00
       980  2.4499999999999589e+00  1.0467763012686954e-01  5.0814704320019188e-01  7.778874e-01  4.346733e+00  9.518399e+00  3.731161e+01  1.155162e+02  4.259076e+02  3.911854e+00  2.644655e+01  4.9286299054544545e+00
       990  2.4749999999999583e+00  1.0442292788420768e-01  5.1066204498342582e-01  7.741220e-01  4.340460e+00  9.463413e+00  3.711589e+01  1.145809e+02  4.220285e+02  3.901928e+00  2.612883e+01  5.0271551243785355e+00
      1000  2.4999999999999578e+00  1.0416696926732458e-01  5.1317236612890960e-01  7.701191e-01  4.334082e+00  9.405777e+00  3.691513e+01  1.136159e+02  4.180642e+02  3.891652e+00  2.580862e+01  5.1266203958336956e+00
      1010  2.5249999999999573e+00  1.0390975686900852e-01  5.1567699922973598e-01  7.658844e-01  4.327636e+00  9.345639e+00  3.671021e+01  1.126246e+02  4.140319e+02  3.881106e+00  2.548765e+01  5.2269840716095963e+00
      1020  2.5499999999999567e+00  1.0365129378164675e-01  5.1817495343818853e-01  7.614234e-01  4.321163e+00  9.283142e+00  3.650203e+01  1.116105e+02  4.099481e+02  3.870367e+00  2.516759e+01  5.3282045597301666e+00
      1030  2.5749999999999562e+00  1.0339158358868451e-01  5.2066525550705811e-01  7.567421e-01  4.314700e+00  9.218426e+00  3.629145e+01  1.105768e+02  4.058290e+02  3.859515e+00  2.485004e+01  5.4302404948103362e+00
      1040  2.5999999999999557e+00  1.0313063035557923e-01  5.2314695074970152e-01  7.518460e-01  4.308285e+00  9.151625e+00  3.607930e+01  1.095266e+02  4.016897e+02  3.848627e+00  2.453654e+01  5.5330509030106390e+00
      1050  2.6249999999999551e+00  1.0286843862030171e-01  5.2561910391745326e-01  7.467411e-01  4.301955e+00  9.082870e+00  3.586642e+01  1.084628e+02  3.975450e+02  3.837778e+00  2.422857e+01  5.6365953604826533e+00
      1060  2.6499999999999546e+00  1.0260501338341153e-01  5.2808079999358337e-01  7.414331e-01  4.295746e+00  9.012285e+00  3.565359e+01  1.073882e+02  3.934087e+02  3.827042e+00  2.392753e+01  5.7408341442899422e+00
      1070  2.6749999999999541e+00  1.0234036009776294e-01  5.3053114490365072e-01  7.359279e-01  4.289693e+00  8.939990e+00  3.544160e+01  1.063054e+02  3.892939e+02  3.816493e+00  2.363474e+01  5.8457283748852706e+00
      1080  2.6999999999999535e+00  1.0207448465787411e-01  5.3296926614259887e-01  7.302312e-01  4.283831e+00  8.866098e+00  3.523118e+01  1.052168e+02  3.852131e+02  3.806200e+00  2.335146e+01  5.9512401493243701e+00
      1090  2.7249999999999530e+00  1.0180739338900237e-01  5.3539431331951370e-01  7.243488e-01  4.278193e+00  8.790716e+00  3.502306e+01  1.041247e+02  3.811779e+02  3.796232e+00  2.307888e+01  6.0573326644986665e+00
      1100  2.7499999999999525e+00  1.0153909303597047e-01  5.3780545862142615e-01  7.182866e-01  4.272811e+00  8.713947e+00  3.481792e+01  1.030310e+02  3.771992e+02  3.786655e+00  2.281810e+01  6.1639703297717512e+00
      1110  2.7749999999999519e+00  1.0126959075177593e-01  5.4020189719804468e-01  7.120502e-01  4.267718e+00  8.635885e+00  3.461642e+01  1.019378e+02  3.732872e+02  3.777536e+00  2.257017e+01  6.2711188685066954e+00
      1120  2.7999999999999514e+00  1.0099889408603238e-01  5.4258284746963648e-01  7.056454e-01  4.262942e+00  8.556621e+00  3.441919e+01  1.008465e+02  3.694515e+02  3.768935e+00  2.233607e+01  6.3787454080717438e+00
      1130  2.8249999999999509e+00  1.0072701097327341e-01  5.4494755136068851e-01  6.990779e-01  4.258512e+00  8.476237e+00  3.422684e+01  9.975885e+01  3.657008e+02  3.760913e+00  2.211670e+01  6.4868185580108282e+00
      1140  2.8499999999999504e+00  1.0045394972115611e-01  5.4729527446230408e-01  6.923532e-01  4.254457e+00  8.394809e+00  3.403994e+01  9.867609e+01  3.620433e+02  3.753529e+00  2.191292e+01  6.5953084761599019e+00
      1150  2.8749999999999498e+00  1.0017971899860464e-01  5.4962530612654015e-01  6.854772e-01  4.250802e+00  8.312410e+00  3.385904e+01  9.759938e+01  3.584865e+02  3.746839e+00  2.172552e+01  6.7041869225827622e+00
      1160  2.8999999999999493e+00  9.9904327823917838e-02  5.5193695949612198e-01  6.784552e-01  4.247573e+00  8.229104e+00  3.368464e+01  9.652973e+01  3.550372e+02  3.740896e+00  2.155523e+01  6.8134273012865805e+00
      1170  2.9249999999999488e+00  9.9627785552881223e-02  5.5422957147317020e-01  6.712928e-01  4.244791e+00  8.144951e+00  3.351724e+01  9.546797e+01  3.517019e+02  3.735752e+00  2.140274e+01  6.9230046897608624e+00
      1180  2.9499999999999482e+00  9.9350101866907473e-02  5.5650250263072387e-01  6.639955e-01  4.242481e+00  8.060003e+00  3.335729e+01  9.441478e+01  3.484863e+02  3.731457e+00  2.126869e+01  7.0328958564618116e+00
      1190  2.9749999999999477e+00  9.9071286761235500e-02  5.5875513707089930e-01  6.565688e-01  4.240661e+00  7.974310e+00  3.320523e+01  9.337068e+01  3.453957e+02  3.728059e+00  2.115367e+01  7.1430792664368266e+00
      1200  2.9999999999999472e+00  9.8791350533210878e-02  5.6098688223365789e-01  6.490179e-01  4.239351e+00  7.887914e+00  3.306145e+01  9.233606e+01  3.424349e+02  3.725601e+00  2.105823e+01  7.2535350753527901e+00
      1210  3.0249999999999466e+00  9.8510303770676710e-02  5.6319716866009728e-01  6.413482e-01  4.238570e+00  7.800854e+00  3.292634e+01  9.131117e+01  3.396083e+02  3.724129e+00  2.098290e+01  7.3642451122545980e+00
      1220  3.0499999999999461e+00  9.8228157340489897e-02  5.6538544971422733e-01  6.335649e-01  4.238332e+00  7.713164e+00  3.280026e+01  9.029612e+01  3.369198e+02  3.723683e+00  2.092815e+01  7.4751928514391706e+00
      1230  3.0749999999999456e+00  9.7944922377189214e-02  5.6755120126711112e-01  6.256734e-01  4.238653e+00  7.624871e+00  3.268352e+01  8.929092e+01  3.343731e+02  3.724301e+00  2.089443e+01  7.5863633738834206e+00
      1240  3.0999999999999450e+00  9.7660610271827875e-02  5.6969392134717933e-01  6.176787e-01  4.239547e+00  7.536001e+00  3.257643e+01  8.829545e+01  3.319713e+02  3.726022e+00  2.088218e+01  7.6977433187145268e+00
      1250  3.1249999999999445e+00  9.7375232660987909e-02  5.7181312976041276e-01  6.095860e-01  4.241024e+00  7.446575e+00  3.247927e+01  8.730948e+01  3.297175e+02  3.728879e+00  2.089180e+01  7.8093208252546242e+00
      1260  3.1499999999999440e+00  9.7088801415994297e-02  5.7390836768396902e-01  6.014003e-01  4.243095e+00  7.356610e+00  3.239229e+01  8.633271e+01  3.276141e+02  3.732906e+00  2.092367e+01  7.9210854662138317e+00
      1270  3.1749999999999434e+00  9.6801328632335690e-02  5.7597919723662261e-01  5.931266e-01  4.245769e+00  7.266121e+00  3.231574e+01  8.536471e+01  3.256636e+02  3.738134e+00  2.097814e+01  8.0330281726416857e+00
      1280  3.1999999999999429e+00  9.6512826619304229e-02  5.7802520102927035e-01  5.847699e-01  4.249053e+00  7.175119e+00  3.224983e+01  8.440500e+01  3.238681e+02  3.744589e+00  2.105556e+01  8.1451411512809688e+00
      1290  3.2249999999999424e+00  9.6223307889868451e-02  5.8004598169849597e-01  5.763352e-01  4.252954e+00  7.083612e+00  3.219474e+01  8.345301e+01  3.222294e+02  3.752300e+00  2.115624e+01  8.2574177949976555e+00
      1300  3.2499999999999418e+00  9.5932785150777231e-02  5.8204116142599416e-01  5.678272e-01  4.257476e+00  6.991607e+00  3.215066e+01  8.250811e+01  3.207494e+02  3.761290e+00  2.128048e+01  8.3698525869882534e+00
      1310  3.2749999999999413e+00  9.5641271292913832e-02  5.8401038144644102e-01  5.592509e-01  4.262622e+00  6.899108e+00  3.211772e+01  8.156959e+01  3.194294e+02  3.771581e+00  2.142858e+01  8.4824409994894268e+00
      1320  3.2999999999999408e+00  9.5348779381889792e-02  5.8595330154611003e-01  5.506111e-01  4.268394e+00  6.806116e+00  3.209607e+01  8.063672e+01  3.182710e+02  3.783192e+00  2.160079e+01  8.5951793877366267e+00
      1330  3.3249999999999402e+00  9.5055322648902624e-02  5.8786959955435669e-01  5.419124e-01  4.274793e+00  6.712634e+00  3.208582e+01  7.970870e+01  3.172752e+02  3.796140e+00  2.179736e+01  8.7080648799370231e+00
      1340  3.3499999999999397e+00  9.4760914481835171e-02  5.8975897082975948e-01  5.331597e-01  4.281816e+00  6.618660e+00  3.208706e+01  7.878471e+01  3.164431e+02  3.810440e+00  2.201851e+01  8.8210952640378135e+00
      1350  3.3749999999999392e+00  9.4465568416626997e-02  5.9162112774253484e-01  5.243575e-01  4.289463e+00  6.524195e+00  3.209988e+01  7.786389e+01  3.157757e+02  3.826103e+00  2.226445e+01  8.9342688720839156e+00
      1360  3.3999999999999386e+00  9.4169298128895129e-02  5.9345579915451119e-01  5.155107e-01  4.297730e+00  6.429236e+00  3.212432e+01  7.694534e+01  3.152738e+02  3.843140e+00  2.253536e+01  9.0475844629687838e+00
      1370  3.4249999999999381e+00  9.3872117425819773e-02  5.9526272989778084e-01  5.066237e-01  4.306612e+00  6.333781e+00  3.216043e+01  7.602817e+01  3.149381e+02  3.861556e+00  2.283139e+01  9.1610411043883175e+00
      1380  3.4499999999999376e+00  9.3574040238288067e-02  5.9704168025282345e-01  4.977013e-01  4.316103e+00  6.237829e+00  3.220824e+01  7.511148e+01  3.147692e+02  3.881355e+00  2.315268e+01  9.2746380548092429e+00
      1390  3.4749999999999370e+00  9.3275080613302946e-02  5.9879242542673561e-01  4.887479e-01  4.326195e+00  6.141377e+00  3.226775e+01  7.419433e+01  3.147676e+02  3.902539e+00  2.349935e+01  9.3883746462614219e+00
      1400  3.4999999999999365e+00  9.2975252706647471e-02  6.0051475503191287e-01  4.797682e-01  4.336881e+00  6.044425e+00  3.233895e+01  7.327581e+01  3.149338e+02  3.925105e+00  2.387147e+01  9.5022501687547543e+00
      1410  3.5249999999999360e+00  9.2674570775813925e-02  6.0220847256538190e-01  4.707667e-01  4.348150e+00  5.946971e+00  3.242181e+01  7.235501e+01  3.152679e+02  3.949049e+00  2.426912e+01  9.6162637571077099e+00
      1420  3.5499999999999354e+00  9.2373049173191404e-02  6.0387339488871916e-01  4.617480e-01  4.359992e+00  5.849018e+00  3.251629e+01  7.143103e+01  3.157703e+02  3.974364e+00  2.469233e+01  9.7304142809529282e+00
      1430  3.5749999999999349e+00  9.2070702339512728e-02  6.0550935170841802e-01  4.527166e-01  4.372396e+00  5.750565e+00  3.262234e+01  7.050298e+01  3.164411e+02  4.001037e+00  2.514112e+01  9.8447002386578788e+00
      1440  3.5999999999999344e+00  9.1767544797561634e-02  6.0711618505625220e-01  4.436770e-01  4.385347e+00  5.651616e+00  3.273986e+01  6.957001e+01  3.172802e+02  4.029056e+00  2.561548e+01  9.9591196558603112e+00
      1450  3.6249999999999338e+00  9.1463591146139958e-02  6.0869374876924520e-01  4.346337e-01  4.398833e+00  5.552176e+00  3.286878e+01  6.863129e+01  3.182875e+02  4.058404e+00  2.611540e+01  1.0073669989274693e+01
      1460  3.6499999999999333e+00  9.1158856054295995e-02  6.1024190796858768e-01  4.255912e-01  4.412838e+00  5.452252e+00  3.300896e+01  6.768600e+01  3.194628e+02  4.089061e+00  2.664081e+01  1.0188348036369717e+01
      1470  3.6749999999999328e+00  9.0853354255811383e-02  6.1176053853681867e-01  4.165541e-01  4.427347e+00  5.351851e+00  3.316030e+01  6.673338e+01  3.208059e+02  4.121006e+00  2.719164e+01  1.0303149851455172e+01
      1480  3.6999999999999322e+00  9.0547100543951944e-02  6.1324952659255816e-01  4.075269e-01  4.442343e+00  5.250985e+00  3.332263e+01  6.577271e+01  3.223161e+02  4.154213e+00  2.776782e+01  1.0418070668642018e+01
      1490  3.7249999999999317e+00  9.0240109766482210e-02  6.1470876796201346e-01  3.985140e-01  4.457807e+00  5.149666e+00  3.349581e+01  6.480331e+01  3.239930e+02  4.188655e+00  2.836922e+01  1.0533104832060516e+01
      1500  3.7499999999999312e+00  8.9932396820942048e-02  6.1613816764649365e-01  3.895199e-01  4.473721e+00  5.047911e+00  3.367964e+01  6.382454e+01  3.258357e+02  4.224301e+00  2.899570e+01  1.0648245733630892e+01
      1510  3.7749999999999306e+00  8.9623976650195877e-02  6.1753763928518557e-01  3.805493e-01  4.490066e+00  4.945738e+00  3.387393e+01  6.283583e+01  3.278433e+02  4.261121e+00  2.964711e+01  1.0763485758586452e+01
      1520  3.7999999999999301e+00  8.9314864238245709e-02  6.1890710461258591e-01  3.716066e-01  4.506822e+00  4.843168e+00  3.407846e+01  6.183666e+01  3.300146e+02  4.299079e+00  3.032326e+01  1.0878816238848158e+01
      1530  3.8249999999999296e+00  8.9005074606322634e-02  6.2024649290996681e-01  3.626964e-01  4.523968e+00  4.740226e+00  3.429301e+01  6.082656e+01  3.323485e+02  4.338141e+00  3.102395e+01  1.0994227414246504e+01
      1540  3.8499999999999290e+00  8.8694622809250542e-02  6.2155574045048845e-01  3.538231e-01  4.541481e+00  4.636938e+00  3.451732e+01  5.980515e+01  3.348432e+02  4.378268e+00  3.174896e+01  1.1109708401480264e+01
      1550  3.8749999999999285e+00  8.8383523932089106e-02  6.2283478993767560e-01  3.449914e-01  4.559339e+00  4.533336e+00  3.475112e+01  5.877210e+01  3.374972e+02  4.419424e+00  3.249804e+01  1.1225247170598246e+01
      1560  3.8999999999999280e+00  8.8071793087061728e-02  6.2408358993718827e-01  3.362057e-01  4.577521e+00  4.429454e+00  3.499412e+01  5.772715e+01  3.403084e+02  4.461568e+00  3.327091e+01  1.1340830528689153e+01
      1570  3.9249999999999274e+00  8.7759445410765871e-02  6.2530209430205552e-01  3.274706e-01  4.596001e+00  4.325328e+00  3.524603e+01  5.667015e+01  3.432745e+02  4.504663e+00  3.406731e+01  1.1456444110369878e+01
      1580  3.9499999999999269e+00  8.7446496061675455e-02  6.2649026159173837e-01  3.187906e-01  4.614756e+00  4.220999e+00  3.550651e+01  5.560098e+01  3.463930e+02  4.548668e+00  3.488694e+01  1.1572072374575324e+01
      1590  3.9749999999999264e+00  8.7132960217932473e-02  6.2764805448573746e-01  3.101703e-01  4.633762e+00  4.116512e+00  3.577523e+01  5.451964e+01  3.496612e+02  4.593545e+00  3.572951e+01  1.1687698607077785e+01
      1600  3.9999999999999258e+00  8.6818853075435576e-02  6.2877543919264312e-01  3.016142e-01  4.652993e+00  4.011915e+00  3.605184e+01  5.342621e+01  3.530758e+02  4.639256e+00  3.659473e+01  1.1803304928099809e+01
      1610  4.0249999999999293e+00  8.6504189846221366e-02  6.2987238485594366e-01  2.931267e-01  4.672425e+00  3.907258e+00  3.633595e+01  5.232084e+01  3.566335e+02  4.685766e+00  3.748234e+01  1.1918872304336766e+01
      1620  4.0499999999999332e+00  8.6188985757149256e-02  6.3093886295811408e-01  2.847124e-01  4.692031e+00  3.802596e+00  3.662718e+01  5.120378e+01  3.603305e+02  4.733039e+00  3.839208e+01  1.2034380564672512e+01
      1630  4.0749999999999371e+00  8.5873256048876787e-02  6.3197484672486559e-01  2.763757e-01  4.711786e+00  3.697988e+00  3.692512e+01  5.007538e+01  3.641626e+02  4.781043e+00  3.932375e+01  1.2149808418855519e+01
      1640  4.0999999999999410e+00  8.5557015975137513e-02  6.3298031053174986e-01  2.681209e-01  4.731663e+00  3.593495e+00  3.722934e+01  4.893608e+01  3.681254e+02  4.829749e+00  4.027720e+01  1.2265133478406508e+01
      1650  4.1249999999999449e+00  8.5240280802314952e-02  6.3395522931555015e-01  2.599526e-01  4.751638e+00  3.489182e+00  3.753941e+01  4.778641e+01  3.722141e+02  4.879132e+00  4.125235e+01  1.2380332279045955e+01
      1660  4.1499999999999488e+00  8.4923065809304615e-02  6.3489957799324181e-01  2.518750e-01  4.771683e+00  3.385116e+00  3.785487e+01  4.662698e+01  3.764236e+02  4.929168e+00  4.224921e+01  1.2495380303969110e+01
      1670  4.1749999999999527e+00  8.4605386287668199e-02  6.3581333089145053e-01  2.438924e-01  4.791772e+00  3.281368e+00  3.817526e+01  4.545853e+01  3.807482e+02  4.979839e+00  4.326791e+01  1.2610252007345700e+01
      1680  4.1999999999999567e+00  8.4287257542068200e-02  6.3669646118966461e-01  2.360091e-01  4.811879e+00  3.178012e+00  3.850010e+01  4.428187e+01  3.851820e+02  5.031133e+00  4.430868e+01  1.2724920837491112e+01
      1690  4.2249999999999606e+00  8.3968694890976595e-02  6.3754894038055332e-01  2.282291e-01  4.831979e+00  3.075124e+00  3.882889e+01  4.309790e+01  3.897189e+02  5.083040e+00  4.537192e+01  1.2839359259232292e+01
      1700  4.2499999999999645e+00  8.3649713667648770e-02  6.3837073775087594e-01  2.205565e-01  4.852045e+00  2.972784e+00  3.916114e+01  4.190762e+01  3.943522e+02  5.135557e+00  4.645819e+01  1.2953538775083079e+01
      1710  4.2749999999999684e+00  8.3330329221350974e-02  6.3916181988663689e-01  2.129953e-01  4.872053e+00  2.871071e+00  3.949634e+01  4.071211e+01  3.990750e+02  5.188686e+00  4.756824e+01  1.3067429944938095e+01
      1720  4.2999999999999723e+00  8.3010556918828901e-02  6.3992215020605081e-01  2.055494e-01  4.891977e+00  2.770068e+00  3.983397e+01  3.951255e+01  4.038799e+02  5.242435e+00  4.870303e+01  1.3181002404097033e+01
      1730  4.3249999999999762e+00  8.2690412146000647e-02  6.4065168852399001e-01  1.982226e-01  4.911792e+00  2.669861e+00  4.017350e+01  3.831019e+01  4.087594e+02  5.296819e+00  4.986374e+01  1.3294224879533072e+01
      1740  4.3499999999999801e+00  8.2369910309860170e-02  6.4135039065138200e-01  1.910184e-01  4.931474e+00  2.570534e+00  4.051442e+01  3.710634e+01  4.137057e+02  5.351856e+00  5.105180e+01  1.3407065204421183e+01
      1750  4.3749999999999840e+00  8.2049066840572241e-02  6.4201820803303689e-01  1.839405e-01  4.951001e+00  2.472175e+00  4.085618e+01  3.590242e+01  4.187105e+02  5.407574e+00  5.226891e+01  1.3519490331040330e+01
      1760  4.3999999999999879e+00  8.1727897193735535e-02  6.4265508742703215e-01  1.769923e-01  4.970348e+00  2.374871e+00  4.119827e+01  3.469988e+01  4.237655e+02  5.464005e+00  5.351703e+01  1.3631466342254702e+01
      1770  4.4249999999999918e+00  8.1406416852797980e-02  6.4326097062873355e-01  1.701770e-01  4.989494e+00  2.278709e+00  4.154015e+01  3.350026e+01  4.288622e+02  5.521187e+00  5.479844e+01  1.3742958461862964e+01
      1780  4.4499999999999957e+00  8.1084641331596513e-02  6.4383579424206272e-01  1.634977e-01  5.008418e+00  2.183778e+00  4.188130e+01  3.230512e+01  4.339918e+02  5.579165e+00  5.611568e+01  1.3853931064176368e+01
      1790  4.4749999999999996e+00  8.0762586176999523e-02  6.4437948950041624e-01  1.569574e-01  5.027098e+00  2.090164e+00  4.222119e+01  3.111610e+01  4.391453e+02  5.637988e+00  5.747164e+01  1.3964347683247762e+01
      1800  4.5000000000000036e+00  8.0440266971626539e-02  6.4489198213922538e-01  1.505589e-01  5.045515e+00  1.997956e+00  4.255932e+01  2.993485e+01  4.443139e+02  5.697713e+00  5.886948e+01  1.4074171022221623e+01
      1810  4.5250000000000075e+00  8.0117699336616749e-02  6.4537319232172052e-01  1.443049e-01  5.063651e+00  1.907239e+00  4.289518e+01  2.876308e+01  4.494885e+02  5.758398e+00  6.031273e+01  1.4183362963308348e+01
      1820  4.5500000000000114e+00  7.9794898934423306e-02  6.4582303461909607e-01  1.381978e-01  5.081487e+00  1.818097e+00  4.322827e+01  2.760249e+01  4.546600e+02  5.820109e+00  6.180518e+01  1.4291884578907402e+01
      1830  4.5750000000000153e+00  7.9471881471602029e-02  6.4624141804576407e-01  1.322400e-01  5.099007e+00  1.730613e+00  4.355813e+01  2.645481e+01  4.598194e+02  5.882914e+00  6.335096e+01  1.4399696144409425e+01
      1840  4.6000000000000192e+00  7.9148662701569533e-02  6.4662824614992898e-01  1.264335e-01  5.116195e+00  1.644868e+00  4.388428e+01  2.532179e+01  4.649577e+02  5.946886e+00  6.495449e+01  1.4506757153201232e+01
      1850  4.6250000000000231e+00  7.8825258427302008e-02  6.4698341715931806e-01  1.207804e-01  5.133036e+00  1.560941e+00  4.420628e+01  2.420515e+01  4.700662e+02  6.012100e+00  6.662049e+01  1.4613026334379168e+01
      1860  4.6500000000000270e+00  7.8501684503947539e-02  6.4730682418135210e-01  1.152825e-01  5.149519e+00  1.478906e+00  4.452370e+01  2.310661e+01  4.751363e+02  6.078630e+00  6.835391e+01  1.4718461673645287e+01
      1870  4.6750000000000309e+00  7.8177956841324836e-02  6.4759835545662869e-01  1.099412e-01  5.165629e+00  1.398838e+00  4.483613e+01  2.202788e+01  4.801593e+02  6.146557e+00  7.015999e+01  1.4823020437822315e+01
      1880  4.7000000000000348e+00  7.7854091406283341e-02  6.4785789466419530e-01  1.047581e-01  5.181357e+00  1.320806e+00  4.514319e+01  2.097064e+01  4.851273e+02  6.215956e+00  7.204417e+01  1.4926659203374461e+01
      1890  4.7250000000000387e+00  7.7530104224895327e-02  6.4808532127659746e-01  9.973438e-02  5.196693e+00  1.244877e+00  4.544452e+01  1.993651e+01  4.900323e+02  6.286907e+00  7.401208e+01  1.5029333889267583e+01
      1900  4.7500000000000426e+00  7.7206011384462148e-02  6.4828051096236161e-01  9.487112e-02  5.211628e+00  1.171113e+00  4.573978e+01  1.892709e+01  4.948667e+02  6.359485e+00  7.606951e+01  1.5130999794441950e+01
      1910  4.7750000000000465e+00  7.6881829035305133e-02  6.4844333603322579e-01  9.016921e-02  5.226155e+00  1.099573e+00  4.602866e+01  1.794394e+01  4.996235e+02  6.433763e+00  7.822237e+01  1.5231611640108136e+01
      1920  4.8000000000000504e+00  7.6557573392324163e-02  6.4857366593306154e-01  8.562937e-02  5.240269e+00  1.030313e+00  4.631088e+01  1.698852e+01  5.042958e+02  6.509813e+00  8.047665e+01  1.5331123617012734e+01
      1930  4.8250000000000544e+00  7.6233260736300809e-02  6.4867136776523526e-01  8.125218e-02  5.253964e+00  9.633840e-01  4.658618e+01  1.606228e+01  5.088775e+02  6.587700e+00  8.283835e+01  1.5429489437753345e+01
      1940  4.8500000000000583e+00  7.5908907414929241e-02  6.4873630685484396e-01  7.703801e-02  5.267236e+00  8.988324e-01  4.685434e+01  1.516657e+01  5.133627e+02  6.667487e+00  8.531348e+01  1.5526662394159459e+01
      1950  4.8750000000000622e+00  7.5584529843559067e-02  6.4876834734213784e-01  7.298713e-02  5.280085e+00  8.367010e-01  4.711516e+01  1.430266e+01  5.177461e+02  6.749227e+00  8.790796e+01  1.5622595419692075e+01
      1960  4.9000000000000661e+00  7.5260144505632315e-02  6.4876735280325371e-01  6.909960e-02  5.292508e+00  7.770282e-01  4.736848e+01  1.347175e+01  5.220230e+02  6.832971e+00  9.062759e+01  1.5717241156754110e+01
      1970  4.9250000000000700e+00  7.4935767952806653e-02  6.4873318689428661e-01  6.537538e-02  5.304506e+00  7.198481e-01  4.761415e+01  1.267498e+01  5.261892e+02  6.918758e+00  9.347798e+01  1.5810552028747134e+01
      1980  4.9500000000000739e+00  7.4611416804749989e-02  6.4866571401468720e-01  6.181427e-02  5.316079e+00  6.651904e-01  4.785206e+01  1.191338e+01  5.302409e+02  7.006622e+00  9.646450e+01  1.5902480316656408e+01
      1990  4.9750000000000778e+00  7.4287107748599646e-02  6.4856479998589822e-01  5.841594e-02  5.327231e+00  6.130805e-01  4.808215e+01  1.118790e+01  5.341752e+02  7.096586e+00  9.959225e+01  1.5992978239895633e+01
      2000  5.0000000000000817e+00  7.3962857538078616e-02  6.4843031274123142e-01  5.517993e-02  5.337964e+00  5.635397e-01  4.830435e+01  1.049940e+01  5.379896e+02  7.188665e+00  1.028659e+02  1.6081998041098565e+01
      2010  5.0250000000000856e+00  7.3638682992267127e-02  6.4826212302294284e-01  5.210566e-02  5.348283e+00  5.165849e-01  4.851866e+01  9.848647e+00  5.416820e+02  7.282864e+00  1.062898e+02  1.6169492074502994e+01
      2020  5.0500000000000895e+00  7.3314600994022441e-02  6.4806010508265577e-01  4.919243e-02  5.358192e+00  4.722292e-01  4.872507e+01  9.236331e+00  5.452513e+02  7.379175e+00  1.098678e+02  1.6255412897534612e+01
      2030  5.0750000000000934e+00  7.2990628488048881e-02  6.4782413738126587e-01  4.643944e-02  5.367699e+00  4.304816e-01  4.892363e+01  8.663042e+00  5.486965e+02  7.477582e+00  1.136031e+02  1.6339713365166958e+01
      2040  5.1000000000000973e+00  7.2666782478619671e-02  6.4755410328471574e-01  4.384578e-02  5.376809e+00  3.913472e-01  4.911438e+01  8.129285e+00  5.520176e+02  7.578058e+00  1.174985e+02  1.6422346726602829e+01
      2050  5.1250000000001013e+00  7.2343080026951848e-02  6.4724989175210645e-01  4.141046e-02  5.385531e+00  3.548275e-01  4.929742e+01  7.635475e+00  5.552148e+02  7.680563e+00  1.215561e+02  1.6503266723797395e+01
      2060  5.1500000000001052e+00  7.2019538248240533e-02  6.4691139801281849e-01  3.913237e-02  5.393873e+00  3.209205e-01  4.947286e+01  7.181946e+00  5.582890e+02  7.785047e+00  1.257772e+02  1.6582427691323005e+01
      2070  5.1750000000001091e+00  7.1696174308356106e-02  6.4653852422950342e-01  3.701034e-02  5.401844e+00  2.896208e-01  4.964081e+01  6.768944e+00  5.612416e+02  7.891450e+00  1.301626e+02  1.6659784657055258e+01
      2080  5.2000000000001130e+00  7.1373005420217545e-02  6.4613118014401594e-01  3.504311e-02  5.409454e+00  2.609196e-01  4.980145e+01  6.396638e+00  5.640745e+02  7.999700e+00  1.347123e+02  1.6735293443147217e+01
      2090  5.2250000000001169e+00  7.1050048839843796e-02  6.4568928370357936e-01  3.322935e-02  5.416713e+00  2.348052e-01  4.995493e+01  6.065120e+00  5.667899e+02  8.109715e+00  1.394254e+02  1.6808910766746635e+01
      2100  5.2500000000001208e+00  7.0727321862100151e-02  6.4521276166465935e-01  3.156764e-02  5.423632e+00  2.112633e-01  5.010145e+01  5.774407e+00  5.693905e+02  8.221403e+00  1.443003e+02  1.6880594339904420e+01
      2110  5.2750000000001247e+00  7.0404841816147645e-02  6.4470155017231190e-01  3.005653e-02  5.430221e+00  1.902764e-01  5.024122e+01  5.524445e+00  5.718796e+02  8.334663e+00  1.493348e+02  1.6950302968119090e+01
      2120  5.3000000000001286e+00  7.0082626060609610e-02  6.4415559531294830e-01  2.869446e-02  5.436493e+00  1.718249e-01  5.037445e+01  5.315116e+00  5.742607e+02  8.449384e+00  1.545255e+02  1.7017996646962310e+01
      2130  5.3250000000001325e+00  6.9760691978468736e-02  6.4357485363870859e-01  2.747985e-02  5.442459e+00  1.558866e-01  5.050137e+01  5.146239e+00  5.765375e+02  8.565448e+00  1.598687e+02  1.7083636656236223e+01
      2140  5.3500000000001364e+00  6.9439056971710336e-02  6.4295929266188789e-01  2.641103e-02  5.448130e+00  1.424374e-01  5.062224e+01  5.017572e+00  5.787143e+02  8.682730e+00  1.653594e+02  1.7147185651122555e+01
      2150  5.3750000000001403e+00  6.9117738455723415e-02  6.4230889131801339e-01  2.548632e-02  5.453520e+00  1.314511e-01  5.073731e+01  4.928823e+00  5.807955e+02  8.801096e+00  1.709924e+02  1.7208607749797398e+01
      2160  5.4000000000001442e+00  6.8796753853482384e-02  6.4162364039650754e-01  2.470393e-02  5.458641e+00  1.228995e-01  5.084684e+01  4.879647e+00  5.827858e+02  8.920409e+00  1.767613e+02  1.7267868617005490e+01
      2170  5.4250000000001481e+00  6.8476120589517922e-02  6.4090354293797103e-01  2.406206e-02  5.463504e+00  1.167529e-01  5.095110e+01  4.869654e+00  5.846900e+02  9.040527e+00  1.826594e+02  1.7324935543111202e+01
      2180  5.4500000000001521e+00  6.8155856083699964e-02  6.4014861459739703e-01  2.355886e-02  5.468123e+00  1.129801e-01  5.105038e+01  4.898411e+00  5.865131e+02  9.161302e+00  1.886791e+02  1.7379777518172943e+01
      2190  5.4750000000001560e+00  6.7835977744847120e-02  6.3935888397282492e-01  2.319240e-02  5.472510e+00  1.115483e-01  5.114494e+01  4.965450e+00  5.882605e+02  9.282585e+00  1.948125e+02  1.7432365300622806e+01
      2200  5.5000000000001599e+00  6.7516502964180491e-02  6.3853439289911584e-01  2.296074e-02  5.476677e+00  1.124237e-01  5.123509e+01  5.070264e+00  5.899372e+02  9.404224e+00  2.010509e+02  1.7482671480170978e+01
      2210  5.5250000000001638e+00  6.7197449108638757e-02  6.3767519670671935e-01  2.286187e-02  5.480637e+00  1.155710e-01  5.132109e+01  5.212320e+00  5.915489e+02  9.526066e+00  2.073854e+02  1.7530670534599331e+01
      2220  5.5500000000001677e+00  6.6878833514073477e-02  6.3678136444549849e-01  2.289375e-02  5.484401e+00  1.209541e-01  5.140324e+01  5.391056e+00  5.931008e+02  9.647960e+00  2.138066e+02  1.7576338880156296e+01
      2230  5.5750000000001716e+00  6.6560673478340660e-02  6.3585297907380167e-01  2.305428e-02  5.487982e+00  1.285360e-01  5.148182e+01  5.605885e+00  5.945984e+02  9.769753e+00  2.203047e+02  1.7619654915316680e+01
      2240  5.6000000000001755e+00  6.6242986254306510e-02  6.3489013761318169e-01  2.334132e-02  5.491393e+00  1.382786e-01  5.155712e+01  5.856201e+00  5.960472e+02  9.891294e+00  2.268699e+02  1.7660599057724614e+01
      2250  5.6250000000001794e+00  6.5925789042785010e-02  6.3389295126922907e-01  2.375269e-02  5.494644e+00  1.501433e-01  5.162941e+01  6.141381e+00  5.974525e+02  1.001244e+01  2.334920e+02  1.7699153774195882e+01
      2260  5.6500000000001833e+00  6.5609098985421374e-02  6.3286154551918439e-01  2.428617e-02  5.497746e+00  1.640906e-01  5.169897e+01  6.460785e+00  5.988199e+02  1.013303e+01  2.401608e+02  1.7735303603713213e+01
      2270  5.6750000000001872e+00  6.5292933157542449e-02  6.3179606016706935e-01  2.493948e-02  5.500713e+00  1.800806e-01  5.176607e+01  6.813762e+00  6.001546e+02  1.025295e+01  2.468660e+02  1.7769035173408007e+01
      2280  5.7000000000001911e+00  6.4977308560986477e-02  6.3069664936718750e-01  2.571031e-02  5.503553e+00  1.980726e-01  5.183098e+01  7.199652e+00  6.014618e+02  1.037204e+01  2.535975e+02  1.7800337207581745e+01
      2290  5.7250000000001950e+00  6.4662242116926449e-02  6.2956348161694664e-01  2.659632e-02  5.506278e+00  2.180255e-01  5.189395e+01  7.617784e+00  6.027466e+02  1.049018e+01  2.603451e+02  1.7829200529876424e+01
      2300  5.7500000000001990e+00  6.4347750658709027e-02  6.2839673972003240e-01  2.759509e-02  5.508898e+00  2.398978e-01  5.195525e+01  8.067484e+00  6.040141e+02  1.060723e+01  2.670989e+02  1.7855618058760701e+01
      2310  5.7750000000002029e+00  6.4033850924716529e-02  6.2719662072099380e-01  2.870419e-02  5.511424e+00  2.636477e-01  5.201511e+01  8.548073e+00  6.052692e+02  1.072309e+01  2.738490e+02  1.7879584796550017e+01
      2320  5.8000000000002068e+00  6.3720559551266320e-02  6.2596333581242303e-01  2.992115e-02  5.513864e+00  2.892327e-01  5.207377e+01  9.058867e+00  6.065165e+02  1.083764e+01  2.805860e+02  1.7901097812228542e+01
      2330  5.8250000000002107e+00  6.3407893065568641e-02  6.2469711021588470e-01  3.124344e-02  5.516229e+00  3.166103e-01  5.213147e+01  9.599185e+00  6.077606e+02  1.095077e+01  2.873006e+02  1.7920156218384129e+01
      2340  5.8500000000002146e+00  6.3095867878744397e-02  6.2339818303780570e-01  3.266852e-02  5.518528e+00  3.457376e-01  5.218843e+01  1.016834e+01  6.090061e+02  1.106237e+01  2.939838e+02  1.7936761142607097e+01
      2350  5.8750000000002185e+00  6.2784500278925945e-02  6.2206680710159490e-01  3.419380e-02  5.520768e+00  3.765714e-01  5.224486e+01  1.076566e+01  6.102570e+02  1.117236e+01  3.006271e+02  1.7950915693736015e+01
      2360  5.9000000000002224e+00  6.2473806424444243e-02  6.2070324875717020e-01  3.581665e-02  5.522960e+00  4.090686e-01  5.230096e+01  1.139045e+01  6.115176e+02  1.128064e+01  3.072223e+02  1.7962624923361652e+01
      2370  5.9250000000002263e+00  6.2163802337118094e-02  6.1930778766920258e-01  3.753442e-02  5.525109e+00  4.431854e-01  5.235693e+01  1.204203e+01  6.127917e+02  1.138714e+01  3.137614e+02  1.7971895783019185e+01
      2380  5.9500000000002302e+00  6.1854503895653792e-02  6.1788071658525601e-01  3.934443e-02  5.527225e+00  4.788784e-01  5.241296e+01  1.271975e+01  6.140831e+02  1.149179e+01  3.202371e+02  1.7978737077514047e+01
      2390  5.9750000000002341e+00  6.1545926829165612e-02  6.1642234108506344e-01  4.124398e-02  5.529315e+00  5.161037e-01  5.246923e+01  1.342291e+01  6.153952e+02  1.159450e+01  3.266422e+02  1.7983159414833132e+01
      2400  6.0000000000002380e+00  6.1238086710825819e-02  6.1493297931213686e-01  4.323032e-02  5.531385e+00  5.548176e-01  5.252590e+01  1.415086e+01  6.167315e+02  1.169524e+01  3.329701e+02  1.7985175153094559e+01
      2410  6.0250000000002419e+00  6.0930998951654859e-02  6.1341296168885773e-01  4.530071e-02  5.533442e+00  5.949762e-01  5.258314e+01  1.490293e+01  6.180951e+02  1.179393e+01  3.392145e+02  1.7984798344983687e+01
      2420  6.0500000000002458e+00  6.0624678794453581e-02  6.1186263061619317e-01  4.745239e-02  5.535493e+00  6.365356e-01  5.264109e+01  1.567848e+01  6.194891e+02  1.189053e+01  3.453695e+02  1.7982044680112772e+01
      2430  6.0750000000002498e+00  6.0319141307895320e-02  6.1028234015913907e-01  4.968255e-02  5.537543e+00  6.794521e-01  5.269990e+01  1.647683e+01  6.209163e+02  1.198500e+01  3.514296e+02  1.7976931425725272e+01
      2440  6.1000000000002537e+00  6.0014401380772672e-02  6.0867245571894768e-01  5.198842e-02  5.539599e+00  7.236817e-01  5.275969e+01  1.729736e+01  6.223792e+02  1.207730e+01  3.573895e+02  1.7969477366145494e+01
      2450  6.1250000000002576e+00  5.9710473716415004e-02  6.0703335369316624e-01  5.436719e-02  5.541664e+00  7.691809e-01  5.282061e+01  1.813941e+01  6.238805e+02  1.216740e+01  3.632446e+02  1.7959702741350092e+01
      2460  6.1500000000002615e+00  5.9407372827277885e-02  6.0536542112444591e-01  5.681606e-02  5.543745e+00  8.159061e-01  5.288276e+01  1.900236e+01  6.254224e+02  1.225528e+01  3.689902e+02  1.7947629185010552e+01
      2470  6.1750000000002654e+00  5.9105113029709576e-02  6.0366905533912751e-01  5.933223e-02  5.545845e+00  8.638139e-01  5.294625e+01  1.988558e+01  6.270069e+02  1.234090e+01  3.746223e+02  1.7933279662325383e+01
      2480  6.2000000000002693e+00  5.8803708438902466e-02  6.0194466357645204e-01  6.191290e-02  5.547970e+00  9.128611e-01  5.301118e+01  2.078843e+01  6.286362e+02  1.242426e+01  3.801370e+02  1.7916678407929904e+01
      2490  6.2250000000002732e+00  5.8503172964030091e-02  6.0019266260928794e-01  6.455528e-02  5.550123e+00  9.630048e-01  5.307764e+01  2.171031e+01  6.303121e+02  1.250534e+01  3.855308e+02  1.7897850864137794e+01
      2500  6.2500000000002771e+00  5.8203520303577713e-02  5.9841347835725123e-01  6.725659e-02  5.552307e+00  1.014202e+00  5.314573e+01  2.265059e+01  6.320361e+02  1.258413e+01  3.908003e+02  1.7876823619737547e+01
      2510  6.2750000000002810e+00  5.7904763940866390e-02  5.9660754549297879e-01  7.001408e-02  5.554527e+00  1.066411e+00  5.321551e+01  2.360868e+01  6.338098e+02  1.266063e+01  3.959426e+02  1.7853624349532293e+01
      2520  6.3000000000002849e+00  5.7606917139776760e-02  5.9477530704237713e-01  7.282500e-02  5.556785e+00  1.119589e+00  5.328706e+01  2.458397e+01  6.356346e+02  1.273483e+01  4.009550e+02  1.7828281754781781e+01
      2530  6.3250000000002888e+00  5.7309992940672044e-02  5.9291721397959751e-01  7.568663e-02  5.559084e+00  1.173695e+00  5.336043e+01  2.557586e+01  6.375117e+02  1.280673e+01  4.058349e+02  1.7800825504673675e+01
      2540  6.3500000000002927e+00  5.7014004156528325e-02  5.9103372481746153e-01  7.859630e-02  5.561426e+00  1.228688e+00  5.343570e+01  2.658378e+01  6.394422e+02  1.287634e+01  4.105802e+02  1.7771286178924672e+01
      2550  6.3750000000002967e+00  5.6718963369266233e-02  5.8912530519408168e-01  8.155133e-02  5.563815e+00  1.284526e+00  5.351290e+01  2.760712e+01  6.414271e+02  1.294366e+01  4.151888e+02  1.7739695211583985e+01
      2560  6.4000000000003006e+00  5.6424882926293773e-02  5.8719242745637623e-01  8.454911e-02  5.566251e+00  1.341169e+00  5.359208e+01  2.864532e+01  6.434672e+02  1.300871e+01  4.196589e+02  1.7706084836090241e+01
      2570  6.4250000000003045e+00  5.6131774937255970e-02  5.8523557024114570e-01  8.758705e-02  5.568737e+00  1.398577e+00  5.367327e+01  2.969779e+01  6.455632e+02  1.307149e+01  4.239891e+02  1.7670488031610624e+01
      2580  6.4500000000003084e+00  5.5839651270994502e-02  5.8325521805444003e-01  9.066261e-02  5.571274e+00  1.456711e+00  5.375652e+01  3.076398e+01  6.477157e+02  1.313202e+01  4.281780e+02  1.7632938470673423e+01
      2590  6.4750000000003123e+00  5.5548523552719269e-02  5.8125186084983993e-01  9.377328e-02  5.573864e+00  1.515532e+00  5.384184e+01  3.184331e+01  6.499252e+02  1.319032e+01  4.322244e+02  1.7593470468090199e+01
      2600  6.5000000000003162e+00  5.5258403161389996e-02  5.7922599360635807e-01  9.691661e-02  5.576507e+00  1.575002e+00  5.392926e+01  3.293524e+01  6.521920e+02  1.324640e+01  4.361276e+02  1.7552118931151426e+01
      2610  6.5250000000003201e+00  5.4969301227308254e-02  5.7717811590658075e-01  1.000902e-01  5.579204e+00  1.635082e+00  5.401879e+01  3.403920e+01  6.545165e+02  1.330028e+01  4.398867e+02  1.7508919311069182e+01
      2620  6.5500000000003240e+00  5.4681228629921995e-02  5.7510873151573061e-01  1.032917e-01  5.581956e+00  1.695737e+00  5.411045e+01  3.515466e+01  6.568987e+02  1.335198e+01  4.435014e+02  1.7463907555634069e+01
      2630  6.5750000000003279e+00  5.4394195995838224e-02  5.7301834796228013e-01  1.065188e-01  5.584764e+00  1.756928e+00  5.420423e+01  3.628107e+01  6.593388e+02  1.340153e+01  4.469715e+02  1.7417120063048532e+01
      2640  6.6000000000003318e+00  5.4108213697046222e-02  5.7090747612076298e-01  1.097692e-01  5.587627e+00  1.818621e+00  5.430014e+01  3.741789e+01  6.618367e+02  1.344895e+01  4.502967e+02  1.7368593636895746e+01
      2650  6.6250000000003357e+00  5.3823291849347872e-02  5.6877662979739663e-01  1.130408e-01  5.590547e+00  1.880781e+00  5.439817e+01  3.856460e+01  6.643923e+02  1.349426e+01  4.534774e+02  1.7318365442203646e+01
      2660  6.6500000000003396e+00  5.3539440310995452e-02  5.6662632531917612e-01  1.163315e-01  5.593521e+00  1.943371e+00  5.449832e+01  3.972067e+01  6.670053e+02  1.353750e+01  4.565138e+02  1.7266472962563267e+01
      2670  6.6750000000003435e+00  5.3256668681531824e-02  5.6445708112699677e-01  1.196391e-01  5.596552e+00  2.006360e+00  5.460058e+01  4.088558e+01  6.696755e+02  1.357868e+01  4.594066e+02  1.7212953958264404e+01
      2680  6.7000000000003475e+00  5.2974986300835608e-02  5.6226941737347458e-01  1.229616e-01  5.599637e+00  2.069713e+00  5.470492e+01  4.205882e+01  6.724024e+02  1.361785e+01  4.621563e+02  1.7157846425414050e+01
      2690  6.7250000000003514e+00  5.2694402248363692e-02  5.6006385552598581e-01  1.262972e-01  5.602777e+00  2.133399e+00  5.481134e+01  4.323987e+01  6.751856e+02  1.365503e+01  4.647641e+02  1.7101188556007607e+01
      2700  6.7500000000003553e+00  5.2414925342592844e-02  5.5784091797555879e-01  1.296439e-01  5.605971e+00  2.197384e+00  5.491980e+01  4.442824e+01  6.780245e+02  1.369026e+01  4.672310e+02  1.7043018698929028e+01
      2710  6.7750000000003592e+00  5.2136564140652701e-02  5.5560112765213543e-01  1.330000e-01  5.609218e+00  2.261639e+00  5.503028e+01  4.562343e+01  6.809185e+02  1.372356e+01  4.695583e+02  1.6983375321859228e+01
      2720  6.8000000000003631e+00  5.1859326938153656e-02  5.5334500764675576e-01  1.363636e-01  5.612517e+00  2.326132e+00  5.514276e+01  4.682494e+01  6.838669e+02  1.375497e+01  4.717475e+02  1.6922296974080247e+01
      2730  6.8250000000003670e+00  5.1583221769196205e-02  5.5107308084118922e-01  1.397330e-01  5.615867e+00  2.390835e+00  5.525719e+01  4.803229e+01  6.868689e+02  1.378452e+01  4.738002e+02  1.6859822250166136e+01
      2740  6.8500000000003709e+00  5.1308256406568477e-02  5.4878586954548636e-01  1.431067e-01  5.619267e+00  2.455719e+00  5.537354e+01  4.924500e+01  6.899236e+02  1.381225e+01  4.757182e+02  1.6795989754558075e+01
      2750  6.8750000000003748e+00  5.1034438362121293e-02  5.4648389514394013e-01  1.464831e-01  5.622716e+00  2.520754e+00  5.549178e+01  5.046259e+01  6.930302e+02  1.383820e+01  4.775034e+02  1.6730838067026106e+01
      2760  6.9000000000003787e+00  5.0761774887315918e-02  5.4416767774989017e-01  1.498606e-01  5.626212e+00  2.585914e+00  5.561186e+01  5.168460e+01  6.961877e+02  1.386241e+01  4.791581e+02  1.6664405709023974e+01
      2770  6.9250000000003826e+00  5.0490272973945025e-02  5.4183773586977224e-01  1.532378e-01  5.629754e+00  2.651172e+00  5.573374e+01  5.291056e+01  6.993949e+02  1.388490e+01  4.806843e+02  1.6596731110949012e+01
      2780  6.9500000000003865e+00  5.0219939355018200e-02  5.3949458607680922e-01  1.566135e-01  5.633341e+00  2.716502e+00  5.585737e+01  5.414002e+01  7.026509e+02  1.390572e+01  4.820845e+02  1.6527852580320740e+01
      2790  6.9750000000003904e+00  4.9950780505807674e-02  5.3713874269469175e-01  1.599861e-01  5.636970e+00  2.781879e+00  5.598270e+01  5.537252e+01  7.059544e+02  1.392491e+01  4.833611e+02  1.6457808270896315e+01
      2800  7.0000000000003944e+00  4.9682802645050192e-02  5.3477071749155769e-01  1.633545e-01  5.640641e+00  2.847277e+00  5.610969e+01  5.660762e+01  7.093042e+02  1.394251e+01  4.845167e+02  1.6386636152743208e+01
      2810  7.0250000000003983e+00  4.9416011736299351e-02  5.3239101938454914e-01  1.667176e-01  5.644352e+00  2.912675e+00  5.623829e+01  5.784488e+01  7.126991e+02  1.395856e+01  4.855540e+02  1.6314373983289457e+01
      2820  7.0500000000004022e+00  4.9150413489421847e-02  5.3000015415522173e-01  1.700740e-01  5.648100e+00  2.978047e+00  5.636843e+01  5.908388e+01  7.161377e+02  1.397309e+01  4.864758e+02  1.6241059279375158e+01
      2830  7.0750000000004061e+00  4.8886013362235255e-02  5.2759862417598835e-01  1.734229e-01  5.651885e+00  3.043373e+00  5.650006e+01  6.032418e+01  7.196187e+02  1.398615e+01  4.872849e+02  1.6166729290327442e+01
      2840  7.1000000000004100e+00  4.8622816562277717e-02  5.2518692814778745e-01  1.767631e-01  5.655705e+00  3.108629e+00  5.663313e+01  6.156537e+01  7.231406e+02  1.399778e+01  4.879841e+02  1.6091420972082219e+01
      2850  7.1250000000004139e+00  4.8360828048707359e-02  5.2276556084912729e-01  1.800937e-01  5.659556e+00  3.173796e+00  5.676757e+01  6.280703e+01  7.267019e+02  1.400802e+01  4.885766e+02  1.6015170962373865e+01
      2860  7.1500000000004178e+00  4.8100052534323888e-02  5.2033501289660578e-01  1.834137e-01  5.663439e+00  3.238852e+00  5.690333e+01  6.404876e+01  7.303012e+02  1.401690e+01  4.890653e+02  1.5938015557014237e+01
      2870  7.1750000000004217e+00  4.7840494487706803e-02  5.1789577051696833e-01  1.867224e-01  5.667350e+00  3.303779e+00  5.704035e+01  6.529017e+01  7.339369e+02  1.402448e+01  4.894533e+02  1.5859990687279659e+01
      2880  7.2000000000004256e+00  4.7582158135465014e-02  5.1544831533077018e-01  1.900188e-01  5.671288e+00  3.368557e+00  5.717855e+01  6.653086e+01  7.376075e+02  1.403078e+01  4.897437e+02  1.5781131898422514e+01
      2890  7.2250000000004295e+00  4.7325047464591263e-02  5.1299312414761922e-01  1.933023e-01  5.675251e+00  3.433169e+00  5.731789e+01  6.777045e+01  7.413112e+02  1.403586e+01  4.899395e+02  1.5701474329322515e+01
      2900  7.2500000000004334e+00  4.7069166224917428e-02  5.1053066877299447e-01  1.965721e-01  5.679237e+00  3.497595e+00  5.745828e+01  6.900855e+01  7.450465e+02  1.403975e+01  4.900441e+02  1.5621052693288654e+01
      2910  7.2750000000004373e+00  4.6814517931660998e-02  5.0806141582657127e-01  1.998275e-01  5.683244e+00  3.561821e+00  5.759968e+01  7.024481e+01  7.488117e+02  1.404249e+01  4.900604e+02  1.5539901260021090e+01
      2920  7.3000000000004412e+00  4.6561105868062239e-02  5.0558582657197204e-01  2.030679e-01  5.687270e+00  3.625828e+00  5.774201e+01  7.147887e+01  7.526050e+02  1.404412e+01  4.899917e+02  1.5458053838738259e+01
      2930  7.3250000000004452e+00  4.6308933088101488e-02  5.0310435675782905e-01  2.062927e-01  5.691313e+00  3.689602e+00  5.788520e+01  7.271035e+01  7.564248e+02  1.404468e+01  4.898410e+02  1.5375543762472191e+01
      2940  7.3500000000004491e+00  4.6058002419295051e-02  5.0061745647000144e-01  2.095015e-01  5.695371e+00  3.753128e+00  5.802919e+01  7.393893e+01  7.602692e+02  1.404421e+01  4.896115e+02  1.5292403873530613e+01
      2950  7.3750000000004530e+00  4.5808316465560613e-02  4.9812556999481078e-01  2.126936e-01  5.699442e+00  3.816391e+00  5.817391e+01  7.516426e+01  7.641365e+02  1.404275e+01  4.893063e+02  1.5208666510122351e+01
      2960  7.4000000000004569e+00  4.5559877610148819e-02  4.9562913569306666e-01  2.158686e-01  5.703524e+00  3.879377e+00  5.831930e+01  7.638601e+01  7.680249e+02  1.404034e+01  4.889284e+02  1.5124363494137937e+01
      2970  7.4250000000004608e+00  4.5312688018635770e-02  4.9312858588470065e-01  2.190261e-01  5.707615e+00  3.942072e+00  5.846527e+01  7.760386e+01  7.719326e+02  1.403701e+01  4.884810e+02  1.5039526120075498e+01
      2980  7.4500000000004647e+00  4.5066749641969599e-02  4.9062434674375077e-01  2.221657e-01  5.711713e+00  4.004465e+00  5.861177e+01  7.881748e+01  7.758578e+02  1.403280e+01  4.879668e+02  1.4954185145097689e+01
      2990  7.4750000000004686e+00  4.4822064219568483e-02  4.8811683820348400e-01  2.252870e-01  5.715816e+00  4.066544e+00  5.875873e+01  8.002659e+01  7.797986e+02  1.402774e+01  4.873890e+02  1.4868370780202994e+01
      3000  7.5000000000004725e+00  4.4578633282461588e-02  4.8560647387132883e-01  2.283897e-01  5.719922e+00  4.128295e+00  5.890608e+01  8.123086e+01  7.837533e+02  1.402188e+01  4.867504e+02  1.4782112682491832e+01
      3010  7.5250000000004764e+00  4.4336458156471893e-02  4.8309366095340345e-01  2.314735e-01  5.724029e+00  4.189710e+00  5.905375e+01  8.243002e+01  7.877198e+02  1.401525e+01  4.860538e+02  1.4695439948505093e+01
      3020  7.5500000000004803e+00  4.4095539965433923e-02  4.8057880018829202e-01  2.345381e-01  5.728135e+00  4.250776e+00  5.920166e+01  8.362378e+01  7.916965e+02  1.400788e+01  4.853020e+02  1.4608381108609795e+01
      3030  7.5750000000004842e+00  4.3855879634441861e-02  4.7806228578979565e-01  2.375834e-01  5.732239e+00  4.311484e+00  5.934976e+01  8.481187e+01  7.956814e+02  1.399980e+01  4.844977e+02  1.4520964122405131e+01
      3040  7.6000000000004881e+00  4.3617477893124305e-02  4.7554450539832627e-01  2.406089e-01  5.736338e+00  4.371825e+00  5.949797e+01  8.599401e+01  7.996727e+02  1.399105e+01  4.836437e+02  1.4433216375118757e+01
      3050  7.6250000000004921e+00  4.3380335278941563e-02  4.7302584004062759e-01  2.436146e-01  5.740431e+00  4.431789e+00  5.964623e+01  8.716995e+01  8.036686e+02  1.398166e+01  4.827424e+02  1.4345164674962616e+01
      3060  7.6500000000004960e+00  4.3144452140501388e-02  4.7050666409749037e-01  2.466003e-01  5.744516e+00  4.491368e+00  5.979447e+01  8.833943e+01  8.076672e+02  1.397166e+01  4.817964e+02  1.4256835251414403e+01
      3070  7.6750000000004999e+00  4.2909828640887847e-02  4.6798734527912766e-01  2.495659e-01  5.748590e+00  4.550554e+00  5.994262e+01  8.950222e+01  8.116666e+02  1.396108e+01  4.808082e+02  1.4168253754390426e+01
      3080  7.7000000000005038e+00  4.2676464761000885e-02  4.6546824460789021e-01  2.525111e-01  5.752652e+00  4.609338e+00  6.009062e+01  9.065807e+01  8.156651e+02  1.394995e+01  4.797801e+02  1.4079445254273605e+01
      3090  7.7250000000005077e+00  4.2444360302904223e-02  4.6294971640794996e-01  2.554359e-01  5.756701e+00  4.667715e+00  6.023839e+01  9.180676e+01  8.196608e+02  1.393829e+01  4.787144e+02  1.3990434242759502e+01
      3100  7.7500000000005116e+00  4.2213514893174736e-02  4.6043210830164777e-01  2.583402e-01  5.760734e+00  4.725677e+00  6.038588e+01  9.294808e+01  8.236520e+02  1.392614e+01  4.776133e+02  1.3901244634482065e+01
      3110  7.7750000000005155e+00  4.1983927986253132e-02  4.5791576121215405e-01  2.612240e-01  5.764750e+00  4.783218e+00  6.053302e+01  9.408179e+01  8.276368e+02  1.391352e+01  4.764791e+02  1.3811899769380860e+01
      3120  7.8000000000005194e+00  4.1755598867792072e-02  4.5540100937209699e-01  2.640870e-01  5.768747e+00  4.840331e+00  6.067975e+01  9.520772e+01  8.316134e+02  1.390046e+01  4.753138e+02  1.3722422415769380e+01
      3130  7.8250000000005233e+00  4.1528526657997278e-02  4.5288818033784911e-01  2.669294e-01  5.772723e+00  4.897011e+00  6.082600e+01  9.632565e+01  8.355801e+02  1.388698e+01  4.741193e+02  1.3632834774066286e+01
      3140  7.8500000000005272e+00  4.1302710314961785e-02  4.5037759500913555e-01  2.697510e-01  5.776677e+00  4.953254e+00  6.097171e+01  9.743539e+01  8.395352e+02  1.387310e+01  4.728976e+02  1.3543158481148069e+01
      3150  7.8750000000005311e+00  4.1078148637988053e-02  4.4786956765362135e-01  2.725518e-01  5.780606e+00  5.009053e+00  6.111682e+01  9.853677e+01  8.434769e+02  1.385885e+01  4.716506e+02  1.3453414615284707e+01
      3160  7.9000000000005350e+00  4.0854840270896566e-02  4.4536440593621385e-01  2.753319e-01  5.784510e+00  5.064404e+00  6.126127e+01  9.962961e+01  8.474036e+02  1.384425e+01  4.703801e+02  1.3363623701617811e+01
      3170  7.9250000000005389e+00  4.0632783705319329e-02  4.4286241095270940e-01  2.780911e-01  5.788387e+00  5.119303e+00  6.140499e+01  1.007137e+02  8.513135e+02  1.382933e+01  4.690876e+02  1.3273805718142402e+01
      3180  7.9500000000005429e+00  4.0411977283975144e-02  4.4036387726753734e-01  2.808296e-01  5.792236e+00  5.173747e+00  6.154794e+01  1.017890e+02  8.552050e+02  1.381409e+01  4.677750e+02  1.3183980102153027e+01
      3190  7.9750000000005468e+00  4.0192419203924738e-02  4.3786909295527843e-01  2.835473e-01  5.796054e+00  5.227730e+00  6.169005e+01  1.028553e+02  8.590764e+02  1.379857e+01  4.664437e+02  1.3094165757116455e+01
      3200  8.0000000000005507e+00  3.9974107519804999e-02  4.3537833964568184e-01  2.862442e-01  5.799840e+00  5.281251e+00  6.183126e+01  1.039123e+02  8.629262e+02  1.378278e+01  4.650952e+02  1.3004381059932829e+01
      3210  8.0250000000005457e+00  3.9757040147039110e-02  4.3289189257191635e-01  2.889204e-01  5.803593e+00  5.334306e+00  6.197153e+01  1.049601e+02  8.667529e+02  1.376673e+01  4.637309e+02  1.2914643868548987e+01
      3220  8.0500000000005407e+00  3.9541214865022316e-02  4.3041002062177719e-01  2.915759e-01  5.807311e+00  5.386893e+00  6.211078e+01  1.059984e+02  8.705547e+02  1.375045e+01  4.623522e+02  1.2824971529887785e+01
      3230  8.0750000000005357e+00  3.9326629320281185e-02  4.2793298639160571e-01  2.942107e-01  5.810993e+00  5.439007e+00  6.224898e+01  1.070272e+02  8.743302e+02  1.373395e+01  4.609604e+02  1.2735380888058724e+01
      3240  8.1000000000005308e+00  3.9113281029605589e-02  4.2546104624268277e-01  2.968249e-01  5.814637e+00  5.490649e+00  6.238606e+01  1.080463e+02  8.780780e+02  1.371725e+01  4.595567e+02  1.2645888292816078e+01
      3250  8.1250000000005258e+00  3.8901167383151213e-02  4.2299445035983663e-01  2.994185e-01  5.818243e+00  5.541814e+00  6.252198e+01  1.090555e+02  8.817965e+02  1.370036e+01  4.581423e+02  1.2556509608231851e+01
      3260  8.1500000000005208e+00  3.8690285647513069e-02  4.2053344281208799e-01  3.019916e-01  5.821808e+00  5.592502e+00  6.265669e+01  1.100549e+02  8.854843e+02  1.368329e+01  4.567182e+02  1.2467260221552497e+01
      3270  8.1750000000005159e+00  3.8480632968767498e-02  4.1807826161507677e-01  3.045442e-01  5.825332e+00  5.642710e+00  6.279012e+01  1.110442e+02  8.891399e+02  1.366606e+01  4.552855e+02  1.2378155052208406e+01
      3280  8.2000000000005109e+00  3.8272206375483640e-02  4.1562913879509378e-01  3.070764e-01  5.828813e+00  5.692438e+00  6.292225e+01  1.120235e+02  8.927621e+02  1.364869e+01  4.538452e+02  1.2289208560948390e+01
      3290  8.2250000000005059e+00  3.8065002781700642e-02  4.1318630045453297e-01  3.095882e-01  5.832250e+00  5.741684e+00  6.305301e+01  1.129925e+02  8.963495e+02  1.363118e+01  4.523981e+02  1.2200434759070832e+01
      3300  8.2500000000005009e+00  3.7859018989874253e-02  4.1074996683855969e-01  3.120797e-01  5.835641e+00  5.790447e+00  6.318237e+01  1.139512e+02  8.999006e+02  1.361354e+01  4.509453e+02  1.2111847217725400e+01
      3310  8.2750000000004960e+00  3.7654251693787465e-02  4.0832035240286052e-01  3.145510e-01  5.838986e+00  5.838726e+00  6.331027e+01  1.148996e+02  9.034144e+02  1.359579e+01  4.494874e+02  1.2023459077261007e+01
      3320  8.3000000000004910e+00  3.7450697481428923e-02  4.0589766588227949e-01  3.170021e-01  5.842284e+00  5.886520e+00  6.343667e+01  1.158375e+02  9.068895e+02  1.357793e+01  4.480253e+02  1.1935283056595866e+01
      3330  8.3250000000004860e+00  3.7248352837835487e-02  4.0348211036023235e-01  3.194330e-01  5.845532e+00  5.933829e+00  6.356153e+01  1.167649e+02  9.103246e+02  1.355998e+01  4.465597e+02  1.1847331462588038e+01
      3340  8.3500000000004810e+00  3.7047214147900819e-02  4.0107388333872196e-01  3.218438e-01  5.848730e+00  5.980652e+00  6.368481e+01  1.176817e+02  9.137186e+02  1.354194e+01  4.450912e+02  1.1759616199385697e+01
      3350  8.3750000000004761e+00  3.6847277699148036e-02  3.9867317680886277e-01  3.242347e-01  5.851877e+00  6.026990e+00  6.380646e+01  1.185878e+02  9.170704e+02  1.352382e+01  4.436205e+02  1.1672148777737585e+01
      3360  8.4000000000004711e+00  3.6648539684468101e-02  3.9628017732176596e-01  3.266055e-01  5.854972e+00  6.072840e+00  6.392645e+01  1.194833e+02  9.203787e+02  1.350563e+01  4.421482e+02  1.1584940324245759e+01
      3370  8.4250000000004661e+00  3.6450996204821499e-02  3.9389506605969538e-01  3.289565e-01  5.858014e+00  6.118205e+00  6.404474e+01  1.203680e+02  9.236426e+02  1.348738e+01  4.406748e+02  1.1498001590544163e+01
      3380  8.4500000000004611e+00  3.6254643271904946e-02  3.9151801890738525e-01  3.312876e-01  5.861001e+00  6.163083e+00  6.416128e+01  1.212418e+02  9.268609e+02  1.346907e+01  4.392008e+02  1.1411342962387238e+01
      3390  8.4750000000004562e+00  3.6059476810782413e-02  3.8914920652342533e-01  3.335990e-01  5.863933e+00  6.207476e+00  6.427605e+01  1.221049e+02  9.300326e+02  1.345071e+01  4.377267e+02  1.1324974468634906e+01
      3400  8.5000000000004512e+00  3.5865492662480410e-02  3.8678879441164010e-01  3.358906e-01  5.866809e+00  6.251382e+00  6.438901e+01  1.229570e+02  9.331567e+02  1.343231e+01  4.362530e+02  1.1238905790120723e+01
      3410  8.5250000000004462e+00  3.5672686586547118e-02  3.8443694299237174e-01  3.381625e-01  5.869627e+00  6.294804e+00  6.450011e+01  1.237981e+02  9.362322e+02  1.341387e+01  4.347799e+02  1.1153146268391968e+01
      3420  8.5500000000004412e+00  3.5481054263576818e-02  3.8209380767360662e-01  3.404148e-01  5.872387e+00  6.337740e+00  6.460933e+01  1.246284e+02  9.392582e+02  1.339539e+01  4.333080e+02  1.1067704914310612e+01
      3430  8.5750000000004363e+00  3.5290591297698473e-02  3.7975953892188297e-01  3.426475e-01  5.875088e+00  6.380192e+00  6.471664e+01  1.254476e+02  9.422338e+02  1.337688e+01  4.318375e+02  1.0982590416506570e+01
      3440  8.6000000000004313e+00  3.5101293219027968e-02  3.7743428233292092e-01  3.448607e-01  5.877729e+00  6.422160e+00  6.482201e+01  1.262557e+02  9.451581e+02  1.335835e+01  4.303687e+02  1.0897811149674297e+01
      3450  8.6250000000004263e+00  3.4913155486086672e-02  3.7511817870192843e-01  3.470544e-01  5.880309e+00  6.463644e+00  6.492539e+01  1.270528e+02  9.480303e+02  1.333979e+01  4.289019e+02  1.0813375182705876e+01
      3460  8.6500000000004214e+00  3.4726173488184048e-02  3.7281136409354149e-01  3.492287e-01  5.882827e+00  6.504647e+00  6.502677e+01  1.278389e+02  9.508495e+02  1.332122e+01  4.274373e+02  1.0729290286654532e+01
      3470  8.6750000000004164e+00  3.4540342547764960e-02  3.7051396991135271e-01  3.513835e-01  5.885282e+00  6.545168e+00  6.512611e+01  1.286138e+02  9.536150e+02  1.330263e+01  4.259753e+02  1.0645563942522822e+01
      3480  8.7000000000004114e+00  3.4355657922723902e-02  3.6822612296701307e-01  3.535190e-01  5.887674e+00  6.585208e+00  6.522339e+01  1.293776e+02  9.563259e+02  1.328402e+01  4.245159e+02  1.0562203348871764e+01
      3490  8.7250000000004064e+00  3.4172114808683089e-02  3.6594794554885801e-01  3.556352e-01  5.890001e+00  6.624769e+00  6.531858e+01  1.301303e+02  9.589817e+02  1.326541e+01  4.230594e+02  1.0479215429246883e+01
      3500  8.7500000000004015e+00  3.3989708341237074e-02  3.6367955549005204e-01  3.577320e-01  5.892264e+00  6.663851e+00  6.541166e+01  1.308718e+02  9.615815e+02  1.324678e+01  4.216060e+02  1.0396606839418940e+01
      3510  8.7750000000003965e+00  3.3808433598163684e-02  3.6142106623622494e-01  3.598097e-01  5.894460e+00  6.702455e+00  6.550260e+01  1.316022e+02  9.641247e+02  1.322815e+01  4.201556e+02  1.0314383974437236e+01
      3520  8.8000000000003915e+00  3.3628285601600895e-02  3.5917258691258708e-01  3.618681e-01  5.896590e+00  6.740583e+00  6.559137e+01  1.323215e+02  9.666106e+02  1.320951e+01  4.187086e+02  1.0232552975494329e+01
      3530  8.8250000000003865e+00  3.3449259320190133e-02  3.5693422239050848e-01  3.639073e-01  5.898653e+00  6.778236e+00  6.567795e+01  1.330295e+02  9.690387e+02  1.319087e+01  4.172649e+02  1.0151119736601704e+01
      3540  8.8500000000003816e+00  3.3271349671186862e-02  3.5470607335356186e-01  3.659274e-01  5.900648e+00  6.815414e+00  6.576233e+01  1.337264e+02  9.714084e+02  1.317223e+01  4.158247e+02  1.0070089911076606e+01
      3550  8.8750000000003766e+00  3.3094551522538512e-02  3.5248823636301502e-01  3.679284e-01  5.902574e+00  6.852119e+00  6.584447e+01  1.344122e+02  9.737191e+02  1.315358e+01  4.143880e+02  9.9894689178405756e+00
      3560  8.9000000000003716e+00  3.2918859694928373e-02  3.5028080392277128e-01  3.699102e-01  5.904430e+00  6.888352e+00  6.592437e+01  1.350868e+02  9.759702e+02  1.313493e+01  4.129548e+02  9.9092619475312702e+00
      3570  8.9250000000003666e+00  3.2744268963789007e-02  3.4808386454377105e-01  3.718730e-01  5.906217e+00  6.924115e+00  6.600200e+01  1.357502e+02  9.781614e+02  1.311628e+01  4.115253e+02  9.8294739684288643e+00
      3580  8.9500000000003617e+00  3.2570774061282247e-02  3.4589750280782594e-01  3.738167e-01  5.907932e+00  6.959408e+00  6.607733e+01  1.364025e+02  9.802920e+02  1.309763e+01  4.100994e+02  9.7501097321998333e+00
      3590  8.9750000000003567e+00  3.2398369678248488e-02  3.4372179943093162e-01  3.757414e-01  5.909577e+00  6.994234e+00  6.615037e+01  1.370436e+02  9.823617e+02  1.307898e+01  4.086772e+02  9.6711737794602133e+00
      3600  9.0000000000003517e+00  3.2227050466123140e-02  3.4155683132601639e-01  3.776471e-01  5.911149e+00  7.028593e+00  6.622108e+01  1.376736e+02  9.843700e+02  1.306033e+01  4.072586e+02  9.5926704451618932e+00
      3610  9.0250000000003467e+00  3.2056811038823130e-02  3.3940267166517690e-01  3.795338e-01  5.912649e+00  7.062487e+00  6.628945e+01  1.382925e+02  9.863166e+02  1.304167e+01  4.058437e+02  9.5146038638047621e+00
      3620  9.0500000000003418e+00  3.1887645974601572e-02  3.3725938994137428e-01  3.814015e-01  5.914076e+00  7.095918e+00  6.635546e+01  1.389002e+02  9.882010e+02  1.302301e+01  4.044323e+02  9.4369779744788822e+00
      3630  9.0750000000003368e+00  3.1719549817872325e-02  3.3512705202961923e-01  3.832503e-01  5.915429e+00  7.128886e+00  6.641911e+01  1.394969e+02  9.900230e+02  1.300435e+01  4.030246e+02  9.3597965257403111e+00
      3640  9.1000000000003318e+00  3.1552517081003380e-02  3.3300572024764474e-01  3.850801e-01  5.916709e+00  7.161393e+00  6.648038e+01  1.400825e+02  9.917822e+02  1.298569e+01  4.016204e+02  9.2830630803249328e+00
      3650  9.1250000000003268e+00  3.1386542246080888e-02  3.3089545341608745e-01  3.868911e-01  5.917913e+00  7.193441e+00  6.653926e+01  1.406570e+02  9.934782e+02  1.296702e+01  4.002196e+02  9.2067810197046107e+00
      3660  9.1500000000003219e+00  3.1221619766642086e-02  3.2879630691817097e-01  3.886831e-01  5.919042e+00  7.225031e+00  6.659573e+01  1.412205e+02  9.951110e+02  1.294835e+01  3.988224e+02  9.1309535484902131e+00
      3670  9.1750000000003169e+00  3.1057744069380128e-02  3.2670833275891953e-01  3.904562e-01  5.920096e+00  7.256164e+00  6.664978e+01  1.417729e+02  9.966801e+02  1.292967e+01  3.974285e+02  9.0555836986863785e+00
      3680  9.2000000000003119e+00  3.0894909555817619e-02  3.2463157962390043e-01  3.922105e-01  5.921073e+00  7.286843e+00  6.670141e+01  1.423144e+02  9.981854e+02  1.291098e+01  3.960379e+02  8.9806743338025861e+00
      3690  9.2250000000003070e+00  3.0733110603952243e-02  3.2256609293751420e-01  3.939459e-01  5.921974e+00  7.317069e+00  6.675060e+01  1.428449e+02  9.996267e+02  1.289229e+01  3.946506e+02  8.9062281528258413e+00
      3700  9.2500000000003020e+00  3.0572341569872607e-02  3.2051191492083547e-01  3.956625e-01  5.922798e+00  7.346843e+00  6.679734e+01  1.433644e+02  1.001004e+03  1.287358e+01  3.932665e+02  8.8322476940595660e+00
      3710  9.2750000000002970e+00  3.0412596789345710e-02  3.1846908464902102e-01  3.973603e-01  5.923545e+00  7.376168e+00  6.684163e+01  1.438730e+02  1.002317e+03  1.285486e+01  3.918854e+02  8.7587353388340912e+00
      3720  9.3000000000002920e+00  3.0253870579375650e-02  3.1643763810829073e-01  3.990393e-01  5.924213e+00  7.405043e+00  6.688347e+01  1.443707e+02  1.003565e+03  1.283613e+01  3.905073e+02  8.6856933150936406e+00
      3730  9.3250000000002871e+00  3.0096157239733728e-02  3.1441760825249748e-01  4.006995e-01  5.924804e+00  7.433472e+00  6.692283e+01  1.448576e+02  1.004749e+03  1.281739e+01  3.891322e+02  8.6131237008648664e+00
      3740  9.3500000000002821e+00  2.9939451054460726e-02  3.1240902505928841e-01  4.023409e-01  5.925316e+00  7.461456e+00  6.695972e+01  1.453336e+02  1.005868e+03  1.279862e+01  3.877598e+02  8.5410284276122468e+00
      3750  9.3750000000002771e+00  2.9783746293341049e-02  3.1041191558586917e-01  4.039636e-01  5.925748e+00  7.488997e+00  6.699414e+01  1.457988e+02  1.006922e+03  1.277984e+01  3.863901e+02  8.4694092834850814e+00
      3760  9.4000000000002721e+00  2.9629037213349241e-02  3.0842630402437982e-01  4.055675e-01  5.926102e+00  7.516096e+00  6.702608e+01  1.462532e+02  1.007912e+03  1.276105e+01  3.850231e+02  8.3982679164611849e+00
      3770  9.4250000000002672e+00  2.9475318060068079e-02  3.0645221175689308e-01  4.071527e-01  5.926376e+00  7.542755e+00  6.705553e+01  1.466969e+02  1.008837e+03  1.274222e+01  3.836586e+02  8.3276058373925022e+00
      3780  9.4500000000002622e+00  2.9322583069080994e-02  3.0448965741003337e-01  4.087192e-01  5.926570e+00  7.568975e+00  6.708249e+01  1.471299e+02  1.009697e+03  1.272338e+01  3.822965e+02  8.2574244229568627e+00
      3790  9.4750000000002572e+00  2.9170826467335303e-02  3.0253865690922832e-01  4.102670e-01  5.926684e+00  7.594759e+00  6.710697e+01  1.475522e+02  1.010493e+03  1.270451e+01  3.809366e+02  8.1877249185214112e+00
      3800  9.5000000000002522e+00  2.9020042474479920e-02  3.0059922353260715e-01  4.117962e-01  5.926718e+00  7.620109e+00  6.712895e+01  1.479639e+02  1.011224e+03  1.268562e+01  3.795790e+02  8.1185084409218486e+00
      3810  9.5250000000002473e+00  2.8870225304175164e-02  2.9867136796452914e-01  4.133068e-01  5.926671e+00  7.645026e+00  6.714845e+01  1.483650e+02  1.011890e+03  1.266669e+01  3.782234e+02  8.0497759811621563e+00
      3820  9.5500000000002423e+00  2.8721369165376522e-02  2.9675509834876507e-01  4.147987e-01  5.926543e+00  7.669511e+00  6.716545e+01  1.487556e+02  1.012492e+03  1.264773e+01  3.768698e+02  7.9815284070395798e+00
      3830  9.5750000000002373e+00  2.8573468263591795e-02  2.9485042034133457e-01  4.162721e-01  5.926334e+00  7.693567e+00  6.717997e+01  1.491357e+02  1.013030e+03  1.262874e+01  3.755181e+02  7.9137664656986733e+00
      3840  9.6000000000002323e+00  2.8426516802111931e-02  2.9295733716298034e-01  4.177269e-01  5.926043e+00  7.717196e+00  6.719199e+01  1.495053e+02  1.013503e+03  1.260972e+01  3.741681e+02  7.8464907861190465e+00
      3850  9.6250000000002274e+00  2.8280508983215040e-02  2.9107584965131800e-01  4.191632e-01  5.925672e+00  7.740400e+00  6.720153e+01  1.498644e+02  1.013912e+03  1.259066e+01  3.728197e+02  7.7797018815407171e+00
      3860  9.6500000000002224e+00  2.8135439009345731e-02  2.8920595631261975e-01  4.205810e-01  5.925218e+00  7.763180e+00  6.720859e+01  1.502133e+02  1.014258e+03  1.257156e+01  3.714729e+02  7.7134001518309612e+00
      3870  9.6750000000002174e+00  2.7991301084267690e-02  2.8734765337327145e-01  4.219804e-01  5.924683e+00  7.785538e+00  6.721317e+01  1.505517e+02  1.014540e+03  1.255242e+01  3.701274e+02  7.6475858857963050e+00
      3880  9.7000000000002125e+00  2.7848089414190431e-02  2.8550093483087746e-01  4.233613e-01  5.924066e+00  7.807477e+00  6.721528e+01  1.508800e+02  1.014758e+03  1.253324e+01  3.687833e+02  7.5822592634437296e+00
      3890  9.7250000000002075e+00  2.7705798208871313e-02  2.8366579250501628e-01  4.247238e-01  5.923367e+00  7.828999e+00  6.721491e+01  1.511980e+02  1.014913e+03  1.251401e+01  3.674403e+02  7.5174203581939896e+00
      3900  9.7500000000002025e+00  2.7564421682692051e-02  2.8184221608765758e-01  4.260680e-01  5.922585e+00  7.850104e+00  6.721208e+01  1.515058e+02  1.015005e+03  1.249473e+01  3.660984e+02  7.4530691390507133e+00
      3910  9.7750000000001975e+00  2.7423954055709850e-02  2.8003019319322403e-01  4.273938e-01  5.921722e+00  7.870797e+00  6.720680e+01  1.518035e+02  1.015035e+03  1.247541e+01  3.647575e+02  7.3892054727283556e+00
      3920  9.8000000000001926e+00  2.7284389554683586e-02  2.7822970940829989e-01  4.287014e-01  5.920776e+00  7.891077e+00  6.719906e+01  1.520911e+02  1.015002e+03  1.245604e+01  3.634175e+02  7.3258291257419863e+00
      3930  9.8250000000001876e+00  2.7145722414075521e-02  2.7644074834098292e-01  4.299908e-01  5.919749e+00  7.910949e+00  6.718889e+01  1.523687e+02  1.014907e+03  1.243661e+01  3.620782e+02  7.2629397664617015e+00
      3940  9.8500000000001826e+00  2.7007946877028552e-02  2.7466329166988218e-01  4.312619e-01  5.918639e+00  7.930413e+00  6.717628e+01  1.526364e+02  1.014751e+03  1.241713e+01  3.607395e+02  7.2005369671344521e+00
      3950  9.8750000000001776e+00  2.6871057196317924e-02  2.7289731919273746e-01  4.325150e-01  5.917446e+00  7.949472e+00  6.716124e+01  1.528942e+02  1.014533e+03  1.239759e+01  3.594014e+02  7.1386202058757222e+00
      3960  9.9000000000001727e+00  2.6735047635280808e-02  2.7114280887468023e-01  4.337500e-01  5.916172e+00  7.968129e+00  6.714379e+01  1.531421e+02  1.014254e+03  1.237799e+01  3.580637e+02  7.0771888686334004e+00
      3970  9.9250000000001677e+00  2.6599912468719702e-02  2.6939973689610586e-01  4.349669e-01  5.914815e+00  7.986385e+00  6.712393e+01  1.533802e+02  1.013914e+03  1.235834e+01  3.567264e+02  7.0162422511261866e+00
      3980  9.9500000000001627e+00  2.6465645983783051e-02  2.6766807770017959e-01  4.361659e-01  5.913376e+00  8.004242e+00  6.710168e+01  1.536087e+02  1.013514e+03  1.233862e+01  3.553894e+02  6.9557795607584625e+00
      3990  9.9750000000001577e+00  2.6332242480822519e-02  2.6594780403993112e-01  4.373469e-01  5.911856e+00  8.021703e+00  6.707705e+01  1.538274e+02  1.013055e+03  1.231884e+01  3.540524e+02  6.8957999185136414e+00
      4000  1.0000000000000153e+01  2.6199696274225654e-02  2.6423888702497084e-01  4.385101e-01  5.910253e+00  8.038771e+00  6.705005e+01  1.540366e+02  1.012536e+03  1.229899e+01  3.527156e+02  6.8363023608275375e+00
