         0  0.0000000000000000e+00  1.2500000000000000e-01  3.7500000000000000e-01 -0.000000e+00  3.375000e+00 -0.000000e+00  1.562500e+01 -0.000000e+00  8.374023e+01  3.375000e+00  1.562500e+01  1.1250000000000000e+00
        10  2.4999999999999998e-02  1.2490628306717062e-01  3.7474322182771824e-01  1.325194e-02  3.375301e+00  1.325290e-01  1.563092e+01  1.087337e+00  8.381017e+01  3.373817e+00  1.561448e+01  1.1244246695551181e+00
        20  5.0000000000000010e-02  1.2481262426056772e-01  3.7453520657976269e-01  2.649229e-02  3.376202e+00  2.649999e-01  1.564866e+01  2.175314e+00  8.401985e+01  3.370285e+00  1.558309e+01  1.1243846581109094e+00
        30  7.5000000000000025e-02  1.2471901142104240e-01  3.7437570369807555e-01  3.972269e-02  3.377702e+00  3.974866e-01  1.567819e+01  3.265649e+00  8.436935e+01  3.364446e+00  1.553129e+01  1.1248783248171679e+00
        40  1.0000000000000005e-01  1.2462543244848576e-01  3.7426449031323611e-01  5.294470e-02  3.379800e+00  5.300622e-01  1.571953e+01  4.360048e+00  8.485905e+01  3.356365e+00  1.545981e+01  1.1259048741251159e+00
        50  1.2500000000000006e-01  1.2453187529498731e-01  3.7420137063171993e-01  6.615983e-02  3.382496e+00  6.627989e-01  1.577265e+01  5.460213e+00  8.548968e+01  3.346130e+00  1.536960e+01  1.1274643452737170e+00
        60  1.5000000000000008e-01  1.2443832795815103e-01  3.7418617530492199e-01  7.936945e-02  3.385789e+00  7.957678e-01  1.583759e+01  6.567835e+00  8.626224e+01  3.333849e+00  1.526186e+01  1.1295576033140753e+00
        70  1.7500000000000010e-01  1.2434477847457195e-01  3.7421876078023086e-01  9.257485e-02  3.389679e+00  9.290388e-01  1.591435e+01  7.684598e+00  8.717809e+01  3.319649e+00  1.513797e+01  1.1321863316348573e+00
        80  2.0000000000000012e-01  1.2425121491347779e-01  3.7429900863465565e-01  1.057771e-01  3.394167e+00  1.062681e+00  1.600298e+01  8.812180e+00  8.823884e+01  3.303675e+00  1.499953e+01  1.1353530259613227e+00
        90  2.2500000000000014e-01  1.2415762537054069e-01  3.7442682489161894e-01  1.189773e-01  3.399252e+00  1.196761e+00  1.610351e+01  9.952253e+00  8.944643e+01  3.286087e+00  1.484827e+01  1.1390609898094604e+00
       100  2.5000000000000017e-01  1.2406399796186179e-01  3.7460213932165481e-01  1.321762e-01  3.404936e+00  1.331344e+00  1.621600e+01  1.110648e+01  9.080308e+01  3.267062e+00  1.468608e+01  1.1433143313850991e+00
       110  2.7500000000000019e-01  1.2397032081813333e-01  3.7482490472787922e-01  1.453745e-01  3.411218e+00  1.466495e+00  1.634049e+01  1.227651e+01  9.231126e+01  3.246785e+00  1.451496e+01  1.1481179619253956e+00
       120  3.0000000000000021e-01  1.2387658207898179e-01  3.7509509621719095e-01  1.585724e-01  3.418098e+00  1.602274e+00  1.647704e+01  1.346401e+01  9.397374e+01  3.225453e+00  1.433698e+01  1.1534775954871972e+00
       130  3.2500000000000023e-01  1.2378276988749380e-01  3.7541271045821129e-01  1.717703e-01  3.425578e+00  1.738742e+00  1.662573e+01  1.467059e+01  9.579351e+01  3.203272e+00  1.415430e+01  1.1593997501930435e+00
       140  3.5000000000000026e-01  1.2368887238493045e-01  3.7577776492706766e-01  1.849681e-01  3.433657e+00  1.875956e+00  1.678662e+01  1.589789e+01  9.777382e+01  3.180451e+00  1.396910e+01  1.1658917509513727e+00
       150  3.7500000000000028e-01  1.2359487770563123e-01  3.7619029714212848e-01  1.981655e-01  3.442334e+00  2.013969e+00  1.695977e+01  1.714752e+01  9.991815e+01  3.157204e+00  1.378357e+01  1.1729617336725544e+00
       160  4.0000000000000030e-01  1.2350077397210912e-01  3.7665036388885093e-01  2.113619e-01  3.451610e+00  2.152835e+00  1.714527e+01  1.842106e+01  1.022301e+02  3.133746e+00  1.359990e+01  1.1806186510069256e+00
       170  4.2500000000000032e-01  1.2340654929034227e-01  3.7715804043587264e-01  2.245566e-01  3.461483e+00  2.292599e+00  1.734318e+01  1.972009e+01  1.047137e+02  3.110291e+00  1.342025e+01  1.1888722796346922e+00
       180  4.5000000000000034e-01  1.2331219174525955e-01  3.7771341974350170e-01  2.377484e-01  3.471952e+00  2.433309e+00  1.755357e+01  2.104616e+01  1.073728e+02  3.087053e+00  1.324674e+01  1.1977332291409488e+00
       190  4.7500000000000037e-01  1.2321768939642687e-01  3.7831661166569142e-01  2.509360e-01  3.483015e+00  2.575004e+00  1.777651e+01  2.240076e+01  1.102117e+02  3.064239e+00  1.308141e+01  1.2072129525114434e+00
       200  5.0000000000000033e-01  1.2312303027393080e-01  3.7896774214657053e-01  2.641175e-01  3.494668e+00  2.717721e+00  1.801204e+01  2.378539e+01  1.132345e+02  3.042051e+00  1.292625e+01  1.2173237582866425e+00
       210  5.2499999999999980e-01  1.2302820237446530e-01  3.7966695241251763e-01  2.772910e-01  3.506909e+00  2.861493e+00  1.826023e+01  2.520148e+01  1.164458e+02  3.020685e+00  1.278315e+01  1.2280788244127616e+00
       220  5.4999999999999927e-01  1.2293319365761757e-01  3.8041439816070233e-01  2.904541e-01  3.519732e+00  3.006347e+00  1.852112e+01  2.665041e+01  1.198498e+02  3.000326e+00  1.265391e+01  1.2394922138288362e+00
       230  5.7499999999999873e-01  1.2283799204235885e-01  3.8121024874491366e-01  3.036042e-01  3.533132e+00  3.152305e+00  1.879473e+01  2.813351e+01  1.234511e+02  2.981151e+00  1.254022e+01  1.2515788918285147e+00
       240  5.9999999999999820e-01  1.2274258540373620e-01  3.8205468635940998e-01  3.167382e-01  3.547103e+00  3.299385e+00  1.908108e+01  2.965205e+01  1.272541e+02  2.963326e+00  1.244369e+01  1.2643547452340860e+00
       250  6.2499999999999767e-01  1.2264696156976977e-01  3.8294790522140132e-01  3.298528e-01  3.561636e+00  3.447598e+00  1.938016e+01  3.120721e+01  1.312630e+02  2.947005e+00  1.236580e+01  1.2778366034180160e+00
       260  6.4999999999999714e-01  1.2255110831855245e-01  3.8389011075264390e-01  3.429443e-01  3.576724e+00  3.596947e+00  1.969197e+01  3.280010e+01  1.354821e+02  2.932330e+00  1.230793e+01  1.2920422612044604e+00
       270  6.7499999999999660e-01  1.2245501337555294e-01  3.8488151876052523e-01  3.560086e-01  3.592356e+00  3.747430e+00  2.001645e+01  3.443173e+01  1.399154e+02  2.919428e+00  1.227134e+01  1.3069905036787399e+00
       280  6.9999999999999607e-01  1.2235866441112600e-01  3.8592235461882707e-01  3.690414e-01  3.608521e+00  3.899039e+00  2.035355e+01  3.610300e+01  1.445667e+02  2.908416e+00  1.225719e+01  1.3227011329280425e+00
       290  7.2499999999999554e-01  1.2226204903822259e-01  3.8701285244829442e-01  3.820380e-01  3.625205e+00  4.051755e+00  2.070317e+01  3.781470e+01  1.494397e+02  2.899395e+00  1.226653e+01  1.3391949967295429e+00
       300  7.4999999999999500e-01  1.2216515481030898e-01  3.8815325429688557e-01  3.949933e-01  3.642394e+00  4.205554e+00  2.106520e+01  3.956747e+01  1.545374e+02  2.892453e+00  1.230031e+01  1.3564940191949031e+00
       310  7.7499999999999447e-01  1.2206796921948532e-01  3.8934380931953794e-01  4.079018e-01  3.660072e+00  4.360403e+00  2.143948e+01  4.136183e+01  1.598625e+02  2.887662e+00  1.235935e+01  1.3746212333702927e+00
       320  7.9999999999999394e-01  1.2197047969481412e-01  3.9058477295705207e-01  4.207580e-01  3.678222e+00  4.516260e+00  2.182583e+01  4.319812e+01  1.654175e+02  2.885084e+00  1.244439e+01  1.3936008157803959e+00
       330  8.2499999999999341e-01  1.2187267360085004e-01  3.9187640611361663e-01  4.335556e-01  3.696824e+00  4.673073e+00  2.222402e+01  4.507653e+01  1.712039e+02  2.884765e+00  1.255606e+01  1.4134581228918925e+00
       340  8.4999999999999287e-01  1.2177453823637650e-01  3.9321897433230441e-01  4.462884e-01  3.715858e+00  4.830782e+00  2.263380e+01  4.699703e+01  1.772227e+02  2.886735e+00  1.269489e+01  1.4342197294571635e+00
       350  8.7499999999999234e-01  1.2167606083334850e-01  3.9461274696777454e-01  4.589496e-01  3.735301e+00  4.989316e+00  2.305486e+01  4.895943e+01  1.834743e+02  2.891015e+00  1.286128e+01  1.4559134686818578e+00
       360  8.9999999999999181e-01  1.2157722855604280e-01  3.9605799635526756e-01  4.715323e-01  3.755129e+00  5.148595e+00  2.348686e+01  5.096328e+01  1.899582e+02  2.897610e+00  1.305557e+01  1.4785684741404772e+00
       370  9.2499999999999127e-01  1.2147802850041492e-01  3.9755499697486002e-01  4.840292e-01  3.775314e+00  5.308528e+00  2.392939e+01  5.300794e+01  1.966729e+02  2.906512e+00  1.327795e+01  1.5022152233419923e+00
       380  9.4999999999999074e-01  1.2137844769366782e-01  3.9910402460987915e-01  4.964328e-01  3.795831e+00  5.469014e+00  2.438201e+01  5.509248e+01  2.036161e+02  2.917703e+00  1.352854e+01  1.5268855828223111e+00
       390  9.7499999999999021e-01  1.2127847309402946e-01  4.0070535549821723e-01  5.087352e-01  3.816648e+00  5.629940e+00  2.484423e+01  5.721575e+01  2.107842e+02  2.931150e+00  1.380731e+01  1.5526128546121982e+00
       400  9.9999999999998967e-01  1.2117809159074466e-01  4.0235926547529449e-01  5.209283e-01  3.837736e+00  5.791183e+00  2.531550e+01  5.937632e+01  2.181726e+02  2.946810e+00  1.411415e+01  1.5794318238973799e+00
       410  1.0249999999999893e+00  1.2107729000428315e-01  4.0406602910729417e-01  5.330039e-01  3.859059e+00  5.952610e+00  2.579521e+01  6.157244e+01  2.257753e+02  2.964628e+00  1.444879e+01  1.6073788076521420e+00
       420  1.0499999999999887e+00  1.2097605508676340e-01  4.0582591881330776e-01  5.449534e-01  3.880585e+00  6.114075e+00  2.628271e+01  6.380212e+01  2.335853e+02  2.984540e+00  1.481086e+01  1.6364917039881024e+00
       430  1.0749999999999882e+00  1.2087437352259976e-01  4.0763920397496894e-01  5.567682e-01  3.902277e+00  6.275424e+00  2.677727e+01  6.606302e+01  2.415939e+02  3.006470e+00  1.519985e+01  1.6668100419159853e+00
       440  1.0999999999999877e+00  1.2077223192937259e-01  4.0950615003223073e-01  5.684393e-01  3.924096e+00  6.436489e+00  2.727813e+01  6.835250e+01  2.497910e+02  3.030333e+00  1.561509e+01  1.6983750311699872e+00
       450  1.1249999999999871e+00  1.2066961685892651e-01  4.1142701756390265e-01  5.799577e-01  3.946004e+00  6.597095e+00  2.778446e+01  7.066761e+01  2.581650e+02  3.056033e+00  1.605578e+01  1.7312296116908419e+00
       460  1.1499999999999866e+00  1.2056651479870148e-01  4.1340206135170249e-01  5.913142e-01  3.967960e+00  6.757053e+00  2.829536e+01  7.300508e+01  2.667029e+02  3.083469e+00  1.652097e+01  1.7654185023057209e+00
       470  1.1749999999999861e+00  1.2046291217329964e-01  4.1543152942663741e-01  6.024995e-01  3.989922e+00  6.916167e+00  2.880989e+01  7.536131e+01  2.753899e+02  3.112528e+00  1.700955e+01  1.8009882480795261e+00
       480  1.1999999999999855e+00  1.2035879534629131e-01  4.1751566209665691e-01  6.135042e-01  4.011846e+00  7.074232e+00  2.932706e+01  7.773237e+01  2.842095e+02  3.143092e+00  1.752022e+01  1.8379872657436849e+00
       490  1.2249999999999850e+00  1.2025415062227018e-01  4.1965469095474089e-01  6.243189e-01  4.033690e+00  7.231031e+00  2.984582e+01  8.011403e+01  2.931440e+02  3.175035e+00  1.805155e+01  1.8764658865344441e+00
       500  1.2499999999999845e+00  1.2014896424915493e-01  4.2184883786669042e-01  6.349340e-01  4.055408e+00  7.386344e+00  3.036507e+01  8.250175e+01  3.021736e+02  3.208226e+00  1.860192e+01  1.9164763956942203e+00
       510  1.2749999999999839e+00  1.2004322242074969e-01  4.2409831393824515e-01  6.453401e-01  4.076954e+00  7.539939e+00  3.088365e+01  8.489070e+01  3.112773e+02  3.242527e+00  1.916954e+01  1.9580730678060807e+00
       520  1.2999999999999834e+00  1.1993691127956413e-01  4.2640331846134183e-01  6.555276e-01  4.098283e+00  7.691579e+00  3.140039e+01  8.727577e+01  3.204324e+02  3.277797e+00  1.975247e+01  2.0013121970445855e+00
       530  1.3249999999999829e+00  1.1983001691989902e-01  4.2876403783968448e-01  6.654870e-01  4.119348e+00  7.841024e+00  3.191406e+01  8.965156e+01  3.296146e+02  3.313888e+00  2.034859e+01  2.0462521213367788e+00
       540  1.3499999999999823e+00  1.1972252539120452e-01  4.3118064449417332e-01  6.752091e-01  4.140103e+00  7.988027e+00  3.242340e+01  9.201249e+01  3.387987e+02  3.350652e+00  2.095564e+01  2.0929532393370822e+00
       550  1.3749999999999818e+00  1.1961442270171417e-01  4.3365329574909550e-01  6.846844e-01  4.160500e+00  8.132338e+00  3.292713e+01  9.435273e+01  3.479577e+02  3.387939e+00  2.157121e+01  2.1414780190309419e+00
       560  1.3999999999999813e+00  1.1950569482235575e-01  4.3618213270047396e-01  6.939038e-01  4.180495e+00  8.273706e+00  3.342393e+01  9.666629e+01  3.570638e+02  3.425594e+00  2.219275e+01  2.1918909966981737e+00
       570  1.4249999999999807e+00  1.1939632769095562e-01  4.3876727906841806e-01  7.028583e-01  4.200042e+00  8.411879e+00  3.391250e+01  9.894701e+01  3.660883e+02  3.463465e+00  2.281762e+01  2.2442587648905183e+00
       580  1.4499999999999802e+00  1.1928630721672241e-01  4.4140884003585901e-01  7.115389e-01  4.219095e+00  8.546603e+00  3.439150e+01  1.011887e+02  3.750016e+02  3.501399e+00  2.344305e+01  2.2986499480145768e+00
       590  1.4749999999999797e+00  1.1917561928502858e-01  4.4410690107661333e-01  7.199372e-01  4.237611e+00  8.677631e+00  3.485962e+01  1.033849e+02  3.837735e+02  3.539246e+00  2.406623e+01  2.3551351640644329e+00
       600  1.4999999999999791e+00  1.1906424976248338e-01  4.4686152677629826e-01  7.280445e-01  4.255548e+00  8.804716e+00  3.531554e+01  1.055295e+02  3.923735e+02  3.576856e+00  2.468427e+01  2.4137869710251851e+00
       610  1.5249999999999786e+00  1.1895218450230183e-01  4.4967275965026460e-01  7.358529e-01  4.272864e+00  8.927615e+00  3.575797e+01  1.076160e+02  4.007710e+02  3.614084e+00  2.529426e+01  2.4746797964731972e+00
       620  1.5499999999999781e+00  1.1883940934996819e-01  4.5254061896334419e-01  7.433544e-01  4.289521e+00  9.046094e+00  3.618565e+01  1.096383e+02  4.089356e+02  3.650790e+00  2.589329e+01  2.5378898489387880e+00
       630  1.5749999999999775e+00  1.1872591014919565e-01  4.5546509955687464e-01  7.505414e-01  4.305480e+00  9.159926e+00  3.659734e+01  1.115902e+02  4.168371e+02  3.686838e+00  2.647846e+01  2.6034950096762932e+00
       640  1.5999999999999770e+00  1.1861167274817351e-01  4.5844617068915561e-01  7.574067e-01  4.320707e+00  9.268892e+00  3.699187e+01  1.134658e+02  4.244460e+02  3.722098e+00  2.704694e+01  2.6715747036114323e+00
       650  1.6249999999999765e+00  1.1849668300610859e-01  4.6148377489611431e-01  7.639435e-01  4.335170e+00  9.372785e+00  3.736810e+01  1.152594e+02  4.317338e+02  3.756447e+00  2.759595e+01  2.7422097484099321e+00
       660  1.6499999999999759e+00  1.1838092680004179e-01  4.6457782687966465e-01  7.701453e-01  4.348837e+00  9.471410e+00  3.772498e+01  1.169654e+02  4.386732e+02  3.789770e+00  2.812283e+01  2.8154821808369315e+00
       670  1.6749999999999754e+00  1.1826439003193932e-01  4.6772821243181706e-01  7.760059e-01  4.361684e+00  9.564585e+00  3.806151e+01  1.185789e+02  4.452383e+02  3.821959e+00  2.862504e+01  2.8914750598561327e+00
       680  1.6999999999999749e+00  1.1814705863605160e-01  4.7093478740322592e-01  7.815196e-01  4.373684e+00  9.652141e+00  3.837677e+01  1.200949e+02  4.514048e+02  3.852916e+00  2.910019e+01  2.9702722462482365e+00
       690  1.7249999999999743e+00  1.1802891858651954e-01  4.7419737672530088e-01  7.866812e-01  4.384818e+00  9.733928e+00  3.866994e+01  1.215092e+02  4.571505e+02  3.882551e+00  2.954605e+01  3.0519581589082296e+00
       700  1.7499999999999738e+00  1.1790995590521859e-01  4.7751577349553659e-01  7.914859e-01  4.395068e+00  9.809811e+00  3.894029e+01  1.228179e+02  4.624554e+02  3.910785e+00  2.996061e+01  3.1366175084048566e+00
       710  1.7749999999999733e+00  1.1779015666982222e-01  4.8088973813597652e-01  7.959293e-01  4.404420e+00  9.879670e+00  3.918719e+01  1.240174e+02  4.673016e+02  3.937546e+00  3.034205e+01  3.2243350088446587e+00
       720  1.7999999999999727e+00  1.1766950702206680e-01  4.8431899763499558e-01  8.000075e-01  4.412866e+00  9.943408e+00  3.941011e+01  1.251049e+02  4.716740e+02  3.962775e+00  3.068880e+01  3.3151950695694667e+00
       730  1.8249999999999722e+00  1.1754799317619304e-01  4.8780324488266524e-01  8.037171e-01  4.420397e+00  1.000094e+01  3.960863e+01  1.260780e+02  4.755602e+02  3.986421e+00  3.099951e+01  3.4092814687166291e+00
       740  1.8499999999999717e+00  1.1742560142754201e-01  4.9134213810990857e-01  8.070550e-01  4.427012e+00  1.005221e+01  3.978245e+01  1.269349e+02  4.789504e+02  4.008445e+00  3.127311e+01  3.5066770111746193e+00
       750  1.8749999999999711e+00  1.1730231816127604e-01  4.9493530044148332e-01  8.100188e-01  4.432712e+00  1.009718e+01  3.993139e+01  1.276742e+02  4.818380e+02  4.028818e+00  3.150878e+01  3.6074631739584029e+00
       760  1.8999999999999706e+00  1.1717812986119704e-01  4.9858231957241261e-01  8.126064e-01  4.437504e+00  1.013582e+01  4.005536e+01  1.282954e+02  4.842191e+02  4.047519e+00  3.170600e+01  3.7117197424948660e+00
       770  1.9249999999999701e+00  1.1705302311863074e-01  5.0228274757699487e-01  8.148163e-01  4.441396e+00  1.016812e+01  4.015443e+01  1.287983e+02  4.860930e+02  4.064541e+00  3.186450e+01  3.8195244417362755e+00
       780  1.9499999999999695e+00  1.1692698464133668e-01  5.0603610085880046e-01  8.166474e-01  4.444402e+00  1.019411e+01  4.022875e+01  1.291833e+02  4.874618e+02  4.079885e+00  3.198431e+01  3.9309525663943199e+00
       790  1.9749999999999690e+00  1.1680000126241810e-01  5.0984186024919498e-01  8.180991e-01  4.446540e+00  1.021382e+01  4.027861e+01  1.294517e+02  4.883306e+02  4.093562e+00  3.206575e+01  4.0460766148991993e+00
       800  1.9999999999999685e+00  1.1667205994918367e-01  5.1369947126090576e-01  8.191712e-01  4.447831e+00  1.022731e+01  4.030439e+01  1.296049e+02  4.887072e+02  4.105593e+00  3.210940e+01  4.1649659319263286e+00
       810  2.0249999999999679e+00  1.1654314781192776e-01  5.1760834450199023e-01  8.198639e-01  4.448301e+00  1.023464e+01  4.030661e+01  1.296450e+02  4.886024e+02  4.116010e+00  3.211612e+01  4.2876863644903445e+00
       820  2.0499999999999674e+00  1.1641325211258584e-01  5.2156785625424618e-01  8.201779e-01  4.447977e+00  1.023590e+01  4.028586e+01  1.295748e+02  4.880293e+02  4.124853e+00  3.208706e+01  4.4142999366778453e+00
       830  2.0749999999999669e+00  1.1628236027322635e-01  5.2557734921872212e-01  8.201144e-01  4.446894e+00  1.023120e+01  4.024286e+01  1.293972e+02  4.870036e+02  4.132170e+00  3.202360e+01  4.5448645480727219e+00
       840  2.0999999999999663e+00  1.1615045988433301e-01  5.2963613342948013e-01  8.196747e-01  4.445086e+00  1.022065e+01  4.017842e+01  1.291158e+02  4.855430e+02  4.138020e+00  3.192737e+01  4.6794337008227904e+00
       850  2.1249999999999658e+00  1.1601753871283843e-01  5.3374348733520405e-01  8.188609e-01  4.442594e+00  1.020439e+01  4.009341e+01  1.287345e+02  4.836674e+02  4.142469e+00  3.180024e+01  4.8180562601049388e+00
       860  2.1499999999999653e+00  1.1588358470986757e-01  5.3789865904667433e-01  8.176750e-01  4.439459e+00  1.018255e+01  3.998883e+01  1.282576e+02  4.813985e+02  4.145591e+00  3.164429e+01  4.9607762524740009e+00
       870  2.1749999999999647e+00  1.1574858601814780e-01  5.4210086774651212e-01  8.161198e-01  4.435728e+00  1.015529e+01  3.986570e+01  1.276895e+02  4.787595e+02  4.147467e+00  3.146179e+01  5.1076327062347442e+00
       880  2.1999999999999642e+00  1.1561253097904690e-01  5.4634930525602865e-01  8.141980e-01  4.431449e+00  1.012277e+01  3.972516e+01  1.270352e+02  4.757749e+02  4.148186e+00  3.125520e+01  5.2586595375657375e+00
       890  2.2249999999999637e+00  1.1547540813920217e-01  5.5064313775248419e-01  8.119129e-01  4.426672e+00  1.008517e+01  3.956836e+01  1.262995e+02  4.724703e+02  4.147842e+00  3.102714e+01  5.4138854856572340e+00
       900  2.2499999999999631e+00  1.1533720625669978e-01  5.5498150762856624e-01  8.092681e-01  4.421451e+00  1.004265e+01  3.939653e+01  1.254877e+02  4.688722e+02  4.146535e+00  3.078037e+01  5.5733340996159857e+00
       910  2.2749999999999626e+00  1.1519791430677449e-01  5.5936353548456941e-01  8.062672e-01  4.415842e+00  9.995398e+00  3.921095e+01  1.246051e+02  4.650077e+02  4.144370e+00  3.051774e+01  5.7370237793459538e+00
       920  2.2999999999999621e+00  1.1505752148699598e-01  5.6378832224243169e-01  8.029143e-01  4.409901e+00  9.943595e+00  3.901292e+01  1.236569e+02  4.609042e+02  4.141456e+00  3.024225e+01  5.9049678720501602e+00
       930  2.3249999999999615e+00  1.1491601722191008e-01  5.6825495136972370e-01  7.992136e-01  4.403688e+00  9.887424e+00  3.880376e+01  1.226485e+02  4.565893e+02  4.137907e+00  2.995692e+01  6.0771748254230840e+00
       940  2.3499999999999610e+00  1.1477339116711521e-01  5.7276249120061595e-01  7.951696e-01  4.397263e+00  9.827070e+00  3.858484e+01  1.215852e+02  4.520908e+02  4.133839e+00  2.966486e+01  6.2536483980286395e+00
       950  2.3749999999999605e+00  1.1462963321274725e-01  5.7730999734007482e-01  7.907869e-01  4.390689e+00  9.762713e+00  3.835752e+01  1.204722e+02  4.474360e+02  4.129371e+00  2.936920e+01  6.4343879267918602e+00
       960  2.3999999999999599e+00  1.1448473348635145e-01  5.8189651513682605e-01  7.860704e-01  4.384028e+00  9.694534e+00  3.812320e+01  1.193146e+02  4.426520e+02  4.124623e+00  2.907309e+01  6.6193886509846500e+00
       970  2.4249999999999594e+00  1.1433868235513438e-01  5.8652108221012156e-01  7.810250e-01  4.377343e+00  9.622705e+00  3.788324e+01  1.181174e+02  4.377653e+02  4.119716e+00  2.877967e+01  6.8086420915610129e+00
       980  2.4499999999999589e+00  1.1419147042757324e-01  5.9118273101498964e-01  7.756559e-01  4.370700e+00  9.547396e+00  3.763903e+01  1.168854e+02  4.328019e+02  4.114773e+00  2.849206e+01  7.0021364842031044e+00
       990  2.4749999999999583e+00  1.1404308855438688e-01  5.9588049143049360e-01  7.699684e-01  4.364163e+00  9.468769e+00  3.739195e+01  1.156230e+02  4.277870e+02  4.109917e+00  2.821336e+01  7.1998572639779859e+00
      1000  2.4999999999999578e+00  1.1389352782885392e-01  6.0061339335545927e-01  7.639678e-01  4.357796e+00  9.386977e+00  3.714337e+01  1.143346e+02  4.227448e+02  4.105267e+00  2.794659e+01  7.4017875990811035e+00
      1010  2.5249999999999573e+00  1.1374277958648461e-01  6.0538046929628164e-01  7.576596e-01  4.351665e+00  9.302166e+00  3.689463e+01  1.130242e+02  4.176990e+02  4.100945e+00  2.769472e+01  7.6079089707546617e+00
      1020  2.5499999999999567e+00  1.1359083540404834e-01  6.1018075693170670e-01  7.510495e-01  4.345834e+00  9.214470e+00  3.664708e+01  1.116955e+02  4.126720e+02  4.097070e+00  2.746065e+01  7.8182017961193910e+00
      1030  2.5749999999999562e+00  1.1343768709796441e-01  6.1501330163982393e-01  7.441432e-01  4.340367e+00  9.124016e+00  3.640202e+01  1.103518e+02  4.076856e+02  4.093759e+00  2.724719e+01  8.0326460903449348e+00
      1040  2.5999999999999557e+00  1.1328332672206839e-01  6.1987715897313334e-01  7.369463e-01  4.335327e+00  9.030918e+00  3.616075e+01  1.089963e+02  4.027602e+02  4.091126e+00  2.705706e+01  8.2512221643032149e+00
      1050  2.6249999999999551e+00  1.1312774656476325e-01  6.2477139706803131e-01  7.294648e-01  4.330777e+00  8.935278e+00  3.592455e+01  1.076316e+02  3.979158e+02  4.089283e+00  2.689288e+01  8.4739113536007871e+00
      1060  2.6499999999999546e+00  1.1297093914558691e-01  6.2969509897592324e-01  7.217045e-01  4.326778e+00  8.837187e+00  3.569465e+01  1.062601e+02  3.931710e+02  4.088341e+00  2.675718e+01  8.7006967746633013e+00
      1070  2.6749999999999541e+00  1.1281289721119662e-01  6.3464736490388596e-01  7.136716e-01  4.323390e+00  8.736725e+00  3.547229e+01  1.048838e+02  3.885439e+02  4.088405e+00  2.665238e+01  8.9315641033451172e+00
      1080  2.6999999999999535e+00  1.1265361373081571e-01  6.3962731435366149e-01  7.053719e-01  4.320673e+00  8.633958e+00  3.525866e+01  1.035042e+02  3.840516e+02  4.089579e+00  2.658080e+01  9.1665023713538201e+00
      1090  2.7249999999999530e+00  1.1249308189115276e-01  6.4463408814877043e-01  6.968116e-01  4.318683e+00  8.528941e+00  3.505492e+01  1.021227e+02  3.797105e+02  4.091963e+00  2.654467e+01  9.4055047756072945e+00
      1100  2.7499999999999525e+00  1.1233129509083375e-01  6.4966685034038685e-01  6.879969e-01  4.317476e+00  8.421717e+00  3.486224e+01  1.007400e+02  3.755362e+02  4.095655e+00  2.654611e+01  9.6485694954740957e+00
      1110  2.7749999999999519e+00  1.1216824693437043e-01  6.5472478998372075e-01  6.789339e-01  4.317105e+00  8.312317e+00  3.468172e+01  9.935672e+01  3.715439e+02  4.100748e+00  2.658714e+01  9.8957005126780224e+00
      1120  2.7999999999999514e+00  1.1200393122570371e-01  6.5980712277760811e-01  6.696289e-01  4.317622e+00  8.200761e+00  3.451446e+01  9.797285e+01  3.677482e+02  4.107334e+00  2.666973e+01  1.0146908428470054e+01
      1130  2.8249999999999509e+00  1.1183834196135208e-01  6.6491309256111197e-01  6.600883e-01  4.319075e+00  8.087058e+00  3.436153e+01  9.658819e+01  3.641632e+02  4.115500e+00  2.679573e+01  1.0402211272476222e+01
      1140  2.8499999999999504e+00  1.1167147332321085e-01  6.7004197266195853e-01  6.503183e-01  4.321510e+00  7.971207e+00  3.422397e+01  9.520212e+01  3.608030e+02  4.125333e+00  2.696696e+01  1.0661635297411184e+01
      1150  2.8749999999999498e+00  1.1150331967102493e-01  6.7519306709275173e-01  6.403254e-01  4.324973e+00  7.853196e+00  3.410281e+01  9.381371e+01  3.576809e+02  4.136915e+00  2.718520e+01  1.0925215753602844e+01
      1160  2.8999999999999493e+00  1.1133387553458730e-01  6.8036571159193937e-01  6.301159e-01  4.329504e+00  7.733007e+00  3.399903e+01  9.242166e+01  3.548106e+02  4.150326e+00  2.745219e+01  1.1192997636991342e+01
      1170  2.9249999999999488e+00  1.1116313560569553e-01  6.8555927450762810e-01  6.196965e-01  4.335141e+00  7.610611e+00  3.391360e+01  9.102438e+01  3.522053e+02  4.165647e+00  2.776968e+01  1.1465036403953370e+01
      1180  2.9499999999999482e+00  1.1099109472990781e-01  6.9077315752335999e-01  6.090735e-01  4.341919e+00  7.485976e+00  3.384746e+01  8.961997e+01  3.498784e+02  4.182953e+00  2.813944e+01  1.1741398645954316e+01
      1190  2.9749999999999477e+00  1.1081774789813445e-01  6.9600679622604245e-01  5.982535e-01  4.349872e+00  7.359060e+00  3.380153e+01  8.820627e+01  3.478433e+02  4.202319e+00  2.856327e+01  1.2022162716657981e+01
      1200  2.9999999999999472e+00  1.1064309023811258e-01  7.0125966051720823e-01  5.872432e-01  4.359026e+00  7.229818e+00  3.377668e+01  8.678084e+01  3.461134e+02  4.223820e+00  2.904299e+01  1.2307419303732354e+01
      1210  3.0249999999999466e+00  1.1046711700579016e-01  7.0653125486973245e-01  5.760492e-01  4.369408e+00  7.098204e+00  3.377378e+01  8.534105e+01  3.447021e+02  4.247527e+00  2.958044e+01  1.2597271937201150e+01
      1220  3.0499999999999461e+00  1.1028982357667186e-01  7.1182111843302676e-01  5.646780e-01  4.381039e+00  6.964165e+00  3.379362e+01  8.388407e+01  3.436231e+02  4.273510e+00  3.017743e+01  1.2891837425821413e+01
      1230  3.0749999999999456e+00  1.1011120543715022e-01  7.1712882499045616e-01  5.531365e-01  4.393938e+00  6.827650e+00  3.383700e+01  8.240689e+01  3.428898e+02  4.301837e+00  3.083566e+01  1.3191246212643980e+01
      1240  3.0999999999999450e+00  1.0993125817587414e-01  7.2245398277344341e-01  5.414312e-01  4.408118e+00  6.688608e+00  3.390466e+01  8.090644e+01  3.425158e+02  4.332574e+00  3.155668e+01  1.3495642640667203e+01
      1250  3.1249999999999445e+00  1.0974997747517073e-01  7.2779623413713468e-01  5.295689e-01  4.423589e+00  6.546989e+00  3.399728e+01  7.937952e+01  3.425145e+02  4.365785e+00  3.234178e+01  1.3805185119348980e+01
      1260  3.1499999999999440e+00  1.0956735910257343e-01  7.3315525510292301e-01  5.175564e-01  4.440359e+00  6.402746e+00  3.411551e+01  7.782294e+01  3.428992e+02  4.401530e+00  3.319191e+01  1.4120046182736029e+01
      1270  3.1749999999999434e+00  1.0938339890247735e-01  7.3853075477318575e-01  5.054004e-01  4.458428e+00  6.255836e+00  3.425994e+01  7.623352e+01  3.436828e+02  4.439866e+00  3.410768e+01  1.4440412430123880e+01
      1280  3.1999999999999429e+00  1.0919809278795592e-01  7.4392247462360450e-01  4.931077e-01  4.477797e+00  6.106221e+00  3.443110e+01  7.460811e+01  3.448779e+02  4.480846e+00  3.508930e+01  1.4766484340505796e+01
      1290  3.2249999999999424e+00  1.0901143673276802e-01  7.4933018767816240e-01  4.806849e-01  4.498458e+00  5.953869e+00  3.462945e+01  7.294369e+01  3.464969e+02  4.524520e+00  3.613672e+01  1.5098475952621907e+01
      1300  3.2499999999999418e+00  1.0882342676358979e-01  7.5475369757161326e-01  4.681390e-01  4.520401e+00  5.798757e+00  3.485539e+01  7.123736e+01  3.485512e+02  4.570935e+00  3.724973e+01  1.5436614403199128e+01
      1310  3.2749999999999413e+00  1.0863405895248927e-01  7.6019283750362421e-01  4.554765e-01  4.543613e+00  5.640868e+00  3.510925e+01  6.948635e+01  3.510523e+02  4.620131e+00  3.842821e+01  1.5781139316985179e+01
      1320  3.2999999999999408e+00  1.0844332940967788e-01  7.6564746908836656e-01  4.427044e-01  4.568074e+00  5.480194e+00  3.539127e+01  6.768809e+01  3.540105e+02  4.672151e+00  3.967241e+01  1.6132302043435516e+01
      1330  3.3249999999999402e+00  1.0825123427656341e-01  7.7111748110268930e-01  4.298292e-01  4.593764e+00  5.316737e+00  3.570163e+01  6.584019e+01  3.574359e+02  4.727030e+00  4.098319e+01  1.6490364736411632e+01
      1340  3.3499999999999397e+00  1.0805776971912547e-01  7.7660278813570194e-01  4.168578e-01  4.620654e+00  5.150506e+00  3.604040e+01  6.394047e+01  3.613377e+02  4.784806e+00  4.236238e+01  1.6855599274992688e+01
      1350  3.3749999999999392e+00  1.0786293192164326e-01  7.8210332914216507e-01  4.037969e-01  4.648716e+00  4.981520e+00  3.640760e+01  6.198693e+01  3.657245e+02  4.845516e+00  4.381293e+01  1.7228286025492235e+01
      1360  3.3999999999999386e+00  1.0766671708079303e-01  7.8761906590228581e-01  3.906532e-01  4.677914e+00  4.809809e+00  3.680317e+01  5.997777e+01  3.706041e+02  4.909198e+00  4.533905e+01  1.7608712447000872e+01
      1370  3.4249999999999381e+00  1.0746912140014599e-01  7.9314998139060744e-01  3.774333e-01  4.708211e+00  4.635409e+00  3.722693e+01  5.791142e+01  3.759837e+02  4.975895e+00  4.694618e+01  1.7997171545247063e+01
      1380  3.4499999999999376e+00  1.0727014108508398e-01  7.9869607805744192e-01  3.641441e-01  4.739567e+00  4.458366e+00  3.767866e+01  5.578646e+01  3.818691e+02  5.045651e+00  4.864086e+01  1.8393960182268025e+01
      1390  3.4749999999999370e+00  1.0706977233815110e-01  8.0425737602719716e-01  3.507923e-01  4.771935e+00  4.278733e+00  3.815803e+01  5.360171e+01  3.882653e+02  5.118518e+00  5.043045e+01  1.8799377252301525e+01
      1400  3.4999999999999365e+00  1.0686801135487226e-01  8.0983391121925274e-01  3.373847e-01  4.805268e+00  4.096572e+00  3.866463e+01  5.135619e+01  3.951761e+02  5.194555e+00  5.232276e+01  1.9213721737418751e+01
      1410  3.5249999999999360e+00  1.0666485432004433e-01  8.1542573339847835e-01  3.239281e-01  4.839515e+00  3.911951e+00  3.919798e+01  4.904912e+01  4.026036e+02  5.273827e+00  5.432570e+01  1.9637290659682144e+01
      1420  3.5499999999999354e+00  1.0646029740452692e-01  8.2103290416411689e-01  3.104295e-01  4.874621e+00  3.724946e+00  3.975750e+01  4.667997e+01  4.105484e+02  5.356410e+00  5.644690e+01  2.0070376949966846e+01
      1430  3.5749999999999349e+00  1.0625433676253962e-01  8.2665549488726431e-01  2.968960e-01  4.910531e+00  3.535640e+00  4.034252e+01  4.424844e+01  4.190090e+02  5.442388e+00  5.869344e+01  2.0513267256951512e+01
      1440  3.5999999999999344e+00  1.0604696852948110e-01  8.3229358460846048e-01  2.833348e-01  4.947184e+00  3.344124e+00  4.095227e+01  4.175451e+01  4.279819e+02  5.531860e+00  6.107174e+01  2.0966239723055622e+01
      1450  3.6249999999999338e+00  1.0583818882027811e-01  8.3794725790786706e-01  2.697533e-01  4.984519e+00  3.150496e+00  4.158591e+01  3.919842e+01  4.374615e+02  5.624936e+00  6.358757e+01  2.1429561757148637e+01
      1460  3.6499999999999333e+00  1.0562799372826792e-01  8.4361660276071637e-01  2.561591e-01  5.022472e+00  2.954862e+00  4.224247e+01  3.658071e+01  4.474395e+02  5.721744e+00  6.624628e+01  2.1903487836527518e+01
      1470  3.6749999999999328e+00  1.0541637932461932e-01  8.4930170839034880e-01  2.425602e-01  5.060975e+00  2.757335e+00  4.292089e+01  3.390221e+01  4.579051e+02  5.822432e+00  6.905319e+01  2.2388257372793543e+01
      1480  3.6999999999999322e+00  1.0520334165828553e-01  8.5500266312977802e-01  2.289648e-01  5.099961e+00  2.558041e+00  4.362004e+01  3.116408e+01  4.688450e+02  5.927171e+00  7.201414e+01  2.2884092677685981e+01
      1490  3.7249999999999317e+00  1.0498887675649476e-01  8.6071955230052843e-01  2.153814e-01  5.139360e+00  2.357110e+00  4.433864e+01  2.836777e+01  4.802432e+02  6.036163e+00  7.513617e+01  2.3391197065482341e+01
      1500  3.7499999999999312e+00  1.0477298062576378e-01  8.6645245611422828e-01  2.018190e-01  5.179100e+00  2.154688e+00  4.507536e+01  2.551509e+01  4.920809e+02  6.149642e+00  7.842827e+01  2.3909753128110509e+01
      1510  3.7749999999999306e+00  1.0455564925343688e-01  8.7220144759845875e-01  1.882870e-01  5.219109e+00  1.950927e+00  4.582872e+01  2.260815e+01  5.043367e+02  6.267887e+00  8.190226e+01  2.4439921217512737e+01
      1520  3.7999999999999301e+00  1.0433687860973698e-01  8.7796659054347581e-01  1.747952e-01  5.259312e+00  1.745995e+00  4.659720e+01  1.964941e+01  5.169865e+02  6.391222e+00  8.557362e+01  2.4981838166980097e+01
      1530  3.8249999999999296e+00  1.0411666465033108e-01  8.8374793746100466e-01  1.613537e-01  5.299636e+00  1.540067e+00  4.737914e+01  1.664165e+01  5.300038e+02  6.520028e+00  8.946246e+01  2.5535616279102761e+01
      1540  3.8499999999999290e+00  1.0389500331940414e-01  8.8954552754061145e-01  1.479734e-01  5.340006e+00  1.333335e+00  4.817284e+01  1.358802e+01  5.433594e+02  6.654747e+00  9.359441e+01  2.6101342602670641e+01
      1550  3.8749999999999285e+00  1.0367189055324570e-01  8.9535938458314368e-01  1.346654e-01  5.380346e+00  1.126001e+00  4.897647e+01  1.049198e+01  5.570216e+02  6.795892e+00  9.800159e+01  2.6679078514388841e+01
      1560  3.8999999999999280e+00  1.0344732228436193e-01  9.0118951488503929e-01  1.214414e-01  5.420582e+00  9.182819e-01  4.978817e+01  7.357370e+00  5.709566e+02  6.944048e+00  1.027236e+02  2.7268859613746457e+01
      1570  3.9249999999999274e+00  1.0322129444612202e-01  9.0703590504180065e-01  1.083134e-01  5.460640e+00  7.104066e-01  5.060601e+01  4.188368e+00  5.851283e+02  7.099884e+00  1.078082e+02  2.7870695930972449e+01
      1580  3.9499999999999269e+00  1.0299380297797017e-01  9.1289851963406299e-01  9.529410e-02  5.500449e+00  5.026176e-01  5.142800e+01  9.895092e-01  5.994988e+02  7.264147e+00  1.133128e+02  2.8484572438905889e+01
      1590  3.9749999999999264e+00  1.0276484383123043e-01  9.1877729875544212e-01  8.239634e-02  5.539936e+00  2.951699e-01  5.225209e+01 -2.234321e+00  6.140282e+02  7.437672e+00  1.193048e+02  2.9110449850037913e+01
      1600  3.9999999999999258e+00  1.0253441297556005e-01  9.2467215533800540e-01  6.963350e-02  5.579033e+00  8.833159e-02  5.307625e+01 -5.477884e+00  6.286752e+02  7.621374e+00  1.258626e+02  2.9748265670169062e+01
      1610  4.0249999999999293e+00  1.0230250640609789e-01  9.3058297222870767e-01  5.701926e-02  5.617674e+00 -1.176176e-01  5.389838e+01 -8.735597e+00  6.433971e+02  7.816252e+00  1.330763e+02  3.0397935470334563e+01
      1620  4.0499999999999332e+00  1.0206912015137817e-01  9.3650959896856534e-01  4.456762e-02  5.655796e+00 -3.223860e-01  5.471643e+01 -1.200153e+01  6.581504e+02  8.023374e+00  1.410484e+02  3.1059354329127672e+01
      1630  4.0749999999999371e+00  1.0183425028209396e-01  9.4245184822585870e-01  3.229289e-02  5.693340e+00 -5.256717e-01  5.552833e+01 -1.526944e+01  6.728905e+02  8.243873e+00  1.498937e+02  3.1732398388573223e+01
      1640  4.0999999999999410e+00  1.0159789292080018e-01  9.4840949183509904e-01  2.020958e-02  5.730249e+00 -7.271623e-01  5.633205e+01 -1.853273e+01  6.875725e+02  8.478932e+00  1.597398e+02  3.2416926458554833e+01
      1650  4.1249999999999449e+00  1.0136004425265840e-01  9.5438225639520424e-01  8.332455e-03  5.766474e+00 -9.265367e-01  5.712561e+01 -2.178454e+01  7.021514e+02  8.729769e+00  1.707264e+02  3.3112781597782174e+01
      1660  4.1499999999999488e+00  1.0112070053734561e-01  9.6036981838320723e-01 -3.323542e-03  5.801968e+00 -1.123466e+00  5.790710e+01 -2.501769e+01  7.165823e+02  8.997614e+00  1.830049e+02  3.3819792593744253e+01
      1670  4.1749999999999527e+00  1.0087985812224552e-01  9.6637179874437640e-01 -1.474330e-02  5.836691e+00 -1.317613e+00  5.867470e+01 -2.822477e+01  7.308207e+02  9.283688e+00  1.967368e+02  3.4537775260400622e+01
      1680  4.1999999999999567e+00  1.0063751345706018e-01  9.7238775692572910e-01 -2.591153e-02  5.870610e+00 -1.508637e+00  5.942668e+01 -3.139812e+01  7.448236e+02  9.589171e+00  2.120921e+02  3.5266533470924493e+01
      1690  4.2249999999999606e+00  1.0039366310999004e-01  9.7841718432845504e-01 -3.681283e-02  5.903695e+00 -1.696190e+00  6.016144e+01 -3.452993e+01  7.585491e+02  9.915179e+00  2.292464e+02  3.6005859844082913e+01
      1700  4.2499999999999645e+00  1.0014830378562020e-01  9.8445949716554626e-01 -4.743159e-02  5.935926e+00 -1.879921e+00  6.087753e+01 -3.761222e+01  7.719575e+02  1.026273e+01  2.483782e+02  3.6755536007252829e+01
      1710  4.2749999999999684e+00  9.9901432344668667e-02  9.9051402872478866e-01 -5.775209e-02  5.967288e+00 -2.059477e+00  6.157366e+01 -4.063693e+01  7.850118e+02  1.063269e+01  2.696649e+02  3.7515332367092313e+01
      1720  4.2999999999999723e+00  9.9653045825740444e-02  9.9658002105419585e-01 -6.775837e-02  5.997772e+00 -2.234501e+00  6.224874e+01 -4.359601e+01  7.976783e+02  1.102577e+01  2.932779e+02  3.8285007330864566e+01
      1730  4.3249999999999762e+00  9.9403141469229239e-02  1.0026566161073791e+00 -7.743428e-02  6.027379e+00 -2.404635e+00  6.290186e+01 -4.648140e+01  8.099275e+02  1.144247e+01  3.193776e+02  3.9064305937635837e+01
      1740  4.3499999999999801e+00  9.9151716743495683e-02  1.0087428464100157e+00 -8.676340e-02  6.056114e+00 -2.569521e+00  6.353234e+01 -4.928517e+01  8.217343e+02  1.188305e+01  3.481078e+02  3.9852957879119089e+01
      1750  4.3749999999999840e+00  9.8898769373424164e-02  1.0148376253354274e+00 -9.572901e-02  6.083991e+00 -2.728797e+00  6.413976e+01 -5.199955e+01  8.330792e+02  1.234747e+01  3.795899e+02  4.0650674914675029e+01
      1760  4.3999999999999879e+00  9.8644297371457704e-02  1.0209397371065447e+00 -1.043141e-01  6.111029e+00 -2.882100e+00  6.472394e+01 -5.461698e+01  8.439489e+02  1.283542e+01  4.139162e+02  4.1457147713471265e+01
      1770  4.4249999999999918e+00  9.8388299071139287e-02  1.0270478266724299e+00 -1.125011e-01  6.137253e+00 -3.029066e+00  6.528495e+01 -5.713018e+01  8.543368e+02  1.334624e+01  4.511448e+02  4.2272042188257899e+01
      1780  4.4499999999999957e+00  9.8130773163193172e-02  1.0331603896385586e+00 -1.202723e-01  6.162695e+00 -3.169324e+00  6.582315e+01 -5.953216e+01  8.642432e+02  1.387893e+01  4.912939e+02  4.3094995418484181e+01
      1790  4.4749999999999996e+00  9.7871718734086482e-02  1.0392757624597073e+00 -1.276092e-01  6.187390e+00 -3.302503e+00  6.633917e+01 -6.181628e+01  8.736767e+02  1.443211e+01  5.343376e+02  4.3925611294029387e+01
      1800  4.5000000000000036e+00  9.7611135306991087e-02  1.0453921131304775e+00 -1.344931e-01  6.211377e+00 -3.428221e+00  6.683390e+01 -6.397621e+01  8.826533e+02  1.500409e+01  5.802025e+02  4.4763456042767984e+01
      1810  4.5250000000000075e+00  9.7349022884984038e-02  1.0515074326292226e+00 -1.409045e-01  6.234701e+00 -3.546090e+00  6.730850e+01 -6.600594e+01  8.911973e+02  1.559279e+01  6.287660e+02  4.5608053833405052e+01
      1820  4.5500000000000114e+00  9.7085381996262196e-02  1.0576195273839191e+00 -1.468238e-01  6.257405e+00 -3.655712e+00  6.776436e+01 -6.789973e+01  8.993411e+02  1.619582e+01  6.798559e+02  4.6458882667163991e+01
      1830  4.5750000000000153e+00  9.6820213741088748e-02  1.0637260130318100e+00 -1.522305e-01  6.279535e+00 -3.756675e+00  6.820310e+01 -6.965206e+01  9.071243e+02  1.681048e+01  7.332527e+02  4.7315370785696608e+01
      1840  4.6000000000000192e+00  9.6553519840108556e-02  1.0698243097358642e+00 -1.571042e-01  6.301137e+00 -3.848555e+00  6.862651e+01 -7.125747e+01  9.145938e+02  1.743383e+01  7.886923e+02  4.8176893825817615e+01
      1850  4.6250000000000231e+00  9.6285302683615556e-02  1.0759116392999393e+00 -1.614239e-01  6.322256e+00 -3.930911e+00  6.903652e+01 -7.271050e+01  9.218021e+02  1.806268e+01  8.458713e+02  4.9042772942573130e+01
      1860  4.6500000000000270e+00  9.6015565381296367e-02  1.0819850242895237e+00 -1.651687e-01  6.342935e+00 -4.003284e+00  6.943516e+01 -7.400547e+01  9.288067e+02  1.869372e+01  9.044540e+02  4.9912274099492670e+01
      1870  4.6750000000000309e+00  9.5744311811924512e-02  1.0880412893170117e+00 -1.683175e-01  6.363214e+00 -4.065201e+00  6.982449e+01 -7.513635e+01  9.356681e+02  1.932352e+01  9.640797e+02  5.0784608688184875e+01
      1880  4.7000000000000348e+00  9.5471546672453861e-02  1.0940770645905458e+00 -1.708498e-01  6.383130e+00 -4.116167e+00  7.020657e+01 -7.609654e+01  9.424480e+02  1.994862e+01  1.024371e+03  5.1658935589190342e+01
      1890  4.7250000000000387e+00  9.5197275525939831e-02  1.1000887917559103e+00 -1.727453e-01  6.402719e+00 -4.155675e+00  7.058336e+01 -7.687866e+01  9.492074e+02  2.056561e+01  1.084945e+03  5.2534364723697905e+01
      1900  4.7500000000000426e+00  9.4921504847717969e-02  1.1060727319851609e+00 -1.739849e-01  6.422009e+00 -4.183201e+00  7.095671e+01 -7.747440e+01  9.560048e+02  2.117117e+01  1.145420e+03  5.3409962073959626e+01
      1910  4.7750000000000465e+00  9.4644242069289106e-02  1.1120249761873382e+00 -1.745505e-01  6.441028e+00 -4.198214e+00  7.132829e+01 -7.787434e+01  9.628933e+02  2.176216e+01  1.205424e+03  5.4284756072629214e+01
      1920  4.8000000000000504e+00  9.4365495619414444e-02  1.1179414571411284e+00 -1.744254e-01  6.459801e+00 -4.200179e+00  7.169955e+01 -7.806789e+01  9.699200e+02  2.233566e+01  1.264608e+03  5.5157745182332484e+01
      1930  4.8250000000000544e+00  9.4085274961958731e-02  1.1238179632809477e+00 -1.735951e-01  6.478350e+00 -4.188563e+00  7.207171e+01 -7.804326e+01  9.771235e+02  2.288906e+01  1.322646e+03  5.6027906411746876e+01
      1940  4.8500000000000583e+00  9.3803590630120434e-02  1.1296501538125234e+00 -1.720470e-01  6.496695e+00 -4.162851e+00  7.244575e+01 -7.778751e+01  9.845336e+02  2.342006e+01  1.379248e+03  5.6894204448845414e+01
      1950  4.8750000000000622e+00  9.3520454256748667e-02  1.1354335747952284e+00 -1.697715e-01  6.514857e+00 -4.122551e+00  7.282243e+01 -7.728677e+01  9.921709e+02  2.392678e+01  1.434161e+03  5.7755601041201146e+01
      1960  4.9000000000000661e+00  9.3235878600565120e-02  1.1411636758107226e+00 -1.667619e-01  6.532857e+00 -4.067213e+00  7.320230e+01 -7.652647e+01  1.000047e+03  2.440772e+01  1.487173e+03  5.8611064222269036e+01
      1970  4.9250000000000700e+00  9.2949877568180739e-02  1.1468358268423779e+00 -1.630149e-01  6.550716e+00 -3.996436e+00  7.358578e+01 -7.549171e+01  1.008166e+03  2.486181e+01  1.538118e+03  5.9459576975282410e+01
      1980  4.9500000000000739e+00  9.2662466231906562e-02  1.1524453350187116e+00 -1.585308e-01  6.568458e+00 -3.909893e+00  7.397317e+01 -7.416774e+01  1.016524e+03  2.528845e+01  1.586867e+03  6.0300144945301341e+01
      1990  4.9750000000000778e+00  9.2373660843425937e-02  1.1579874609251433e+00 -1.533142e-01  6.586108e+00 -3.807336e+00  7.436475e+01 -7.254038e+01  1.025116e+03  2.568743e+01  1.633336e+03  6.1131802855693309e+01
      2000  5.0000000000000817e+00  9.2083478843464919e-02  1.1634574342587540e+00 -1.473737e-01  6.603695e+00 -3.688611e+00  7.476083e+01 -7.059658e+01  1.033930e+03  2.605897e+01  1.677475e+03  6.1953619356529991e+01
      2010  5.0250000000000856e+00  9.1791938867652717e-02  1.1688504686856556e+00 -1.407223e-01  6.621246e+00 -3.553674e+00  7.516174e+01 -6.832485e+01  1.042958e+03  2.640363e+01  1.719263e+03  6.2764700125518871e+01
      2020  5.0500000000000895e+00  9.1499060748765820e-02  1.1741617758532634e+00 -1.333775e-01  6.638793e+00 -3.402591e+00  7.556796e+01 -6.571573e+01  1.052191e+03  2.672232e+01  1.758702e+03  6.3564189151584941e+01
      2030  5.0750000000000934e+00  9.1204865515575217e-02  1.1793865786033038e+00 -1.253616e-01  6.656365e+00 -3.235547e+00  7.598000e+01 -6.276210e+01  1.061622e+03  2.701616e+01  1.795809e+03  6.4351268249794089e+01
      2040  5.1000000000000973e+00  9.0909375388474462e-02  1.1845201235175100e+00 -1.167011e-01  6.673988e+00 -3.052843e+00  7.639848e+01 -5.945944e+01  1.071249e+03  2.728646e+01  1.830606e+03  6.5125154975421381e+01
      2050  5.1250000000001013e+00  9.0612613772034223e-02  1.1895576929994265e+00 -1.074269e-01  6.691688e+00 -2.854897e+00  7.682404e+01 -5.580601e+01  1.081072e+03  2.753462e+01  1.863115e+03  6.5885099215535206e+01
      2060  5.1500000000001052e+00  9.0314605244566443e-02  1.1944946171460016e+00 -9.757423e-02  6.709482e+00 -2.642234e+00  7.725728e+01 -5.180292e+01  1.091094e+03  2.776202e+01  1.893346e+03  6.6630378829602947e+01
      2070  5.1750000000001091e+00  9.0015375544717988e-02  1.1993262856868383e+00 -8.718211e-02  6.727381e+00 -2.415483e+00  7.769869e+01 -4.745412e+01  1.101319e+03  2.796999e+01  1.921296e+03  6.7360294778463725e+01
      2080  5.2000000000001130e+00  8.9714951555039113e-02  1.2040481602646391e+00 -7.629315e-02  6.745387e+00 -2.175363e+00  7.814858e+01 -4.276641e+01  1.111752e+03  2.815968e+01  1.946945e+03  6.8074166217510879e+01
      2090  5.2250000000001169e+00  8.9413361282414880e-02  1.2086557872973751e+00 -6.495312e-02  6.763491e+00 -1.922678e+00  7.860701e+01 -3.774932e+01  1.122397e+03  2.833203e+01  1.970249e+03  6.8771326031463545e+01
      2100  5.2500000000001208e+00  8.9110633835185069e-02  1.2131448116037986e+00 -5.321043e-02  6.781674e+00 -1.658307e+00  7.907370e+01 -3.241512e+01  1.133254e+03  2.848769e+01  1.991149e+03  6.9451117253959325e+01
      2110  5.2750000000001247e+00  8.8806799396750263e-02  1.2175109908939006e+00 -4.111566e-02  6.799905e+00 -1.383193e+00  7.954804e+01 -2.677870e+01  1.144321e+03  2.862707e+01  2.009566e+03  7.0112890747678946e+01
      2120  5.3000000000001286e+00  8.8501889195445285e-02  1.2217502111320169e+00 -2.872098e-02  6.818141e+00 -1.098344e+00  8.002908e+01 -2.085754e+01  1.155591e+03  2.875023e+01  2.025410e+03  7.0756004425037631e+01
      2130  5.3250000000001325e+00  8.8195935470468598e-02  1.2258585026806204e+00 -1.607951e-02  6.836329e+00 -8.048172e-01  8.051551e+01 -1.467166e+01  1.167052e+03  2.885698e+01  2.038581e+03  7.1379824173319690e+01
      2140  5.3500000000001364e+00  8.7888971433697144e-02  1.2298320570359818e+00 -3.244745e-03  6.854409e+00 -5.037195e-01  8.100571e+01 -8.243498e+00  1.178685e+03  2.894689e+01  2.048979e+03  7.1983726520908547e+01
      2150  5.3750000000001403e+00  8.7581031227269304e-02  1.2336672438815937e+00  9.730087e-03  6.872312e+00 -1.961982e-01  8.149783e+01 -1.597830e+00  1.190471e+03  2.901934e+01  2.056505e+03  7.2567102953252089e+01
      2160  5.4000000000001442e+00  8.7272149876900157e-02  1.2373606281179381e+00  2.279267e-02  6.889964e+00  1.165669e-01  8.198984e+01  5.238441e+00  1.202382e+03  2.907357e+01  2.061072e+03  7.3129365668542960e+01
      2170  5.4250000000001481e+00  8.6962363240980542e-02  1.2409089864835694e+00  3.589219e-02  6.907290e+00  4.333721e-01  8.247961e+01  1.223654e+01  1.214391e+03  2.910881e+01  2.062610e+03  7.3669954462846775e+01
      2180  5.4500000000001521e+00  8.6651707955614582e-02  1.2443093233651756e+00  4.897992e-02  6.924214e+00  7.530016e-01  8.296501e+01  1.936614e+01  1.226464e+03  2.912430e+01  2.061071e+03  7.4188344359742985e+01
      2190  5.4750000000001560e+00  8.6340221375844628e-02  1.2475588854037123e+00  6.200975e-02  6.940661e+00  1.074240e+00  8.344393e+01  2.659579e+01  1.238569e+03  2.911939e+01  2.056435e+03  7.4684053555138973e+01
      2200  5.5000000000001599e+00  8.6027941513417625e-02  1.2506551745377923e+00  7.493866e-02  6.956563e+00  1.395888e+00  8.391438e+01  3.389341e+01  1.250672e+03  2.909361e+01  2.048715e+03  7.5156651235675795e+01
      2210  5.5250000000001638e+00  8.5714906971511462e-02  1.2535959591807329e+00  8.772709e-02  6.971855e+00  1.716775e+00  8.437456e+01  4.122676e+01  1.262738e+03  2.904670e+01  2.037957e+03  7.5605764848197509e+01
      2220  5.5500000000001677e+00  8.5401156876932616e-02  1.2563792832978904e+00  1.003393e-01  6.986482e+00  2.035779e+00  8.482282e+01  4.856403e+01  1.274735e+03  2.897867e+01  2.024247e+03  7.6031086444747331e+01
      2230  5.5750000000001716e+00  8.5086730810318673e-02  1.2590034732308797e+00  1.127436e-01  7.000395e+00  2.351836e+00  8.525775e+01  5.587441e+01  1.286629e+03  2.888982e+01  2.007707e+03  7.6432377797131778e+01
      2240  5.6000000000001755e+00  8.4771668734928030e-02  1.2614671421977832e+00  1.249125e-01  7.013554e+00  2.663960e+00  8.567817e+01  6.312853e+01  1.298391e+03  2.878072e+01  1.988494e+03  7.6809474060577458e+01
      2250  5.6250000000001794e+00  8.4456010924593428e-02  1.2637691924782846e+00  1.368226e-01  7.025930e+00  2.971251e+00  8.608309e+01  7.029902e+01  1.309992e+03  2.865222e+01  1.966799e+03  7.7162285860054936e+01
      2260  5.6500000000001833e+00  8.4139797891413168e-02  1.2659088153645359e+00  1.484548e-01  7.037500e+00  3.272902e+00  8.647177e+01  7.736085e+01  1.321406e+03  2.850541e+01  1.942839e+03  7.7490799768147269e+01
      2270  5.6750000000001872e+00  8.3823070313718370e-02  1.2678854890186015e+00  1.597939e-01  7.048249e+00  3.568213e+00  8.684364e+01  8.429167e+01  1.332608e+03  2.834159e+01  1.916854e+03  7.7795077233164434e+01
      2280  5.7000000000001911e+00  8.3505868964820554e-02  1.2696989744234910e+00  1.708287e-01  7.058169e+00  3.856585e+00  8.719829e+01  9.107199e+01  1.343577e+03  2.816222e+01  1.889098e+03  7.8075252094875395e+01
      2290  5.7250000000001950e+00  8.3188234642986914e-02  1.2713493096453927e+00  1.815514e-01  7.067260e+00  4.137526e+00  8.753550e+01  9.768533e+01  1.354295e+03  2.796887e+01  1.859834e+03  7.8331526888390172e+01
      2300  5.7500000000001990e+00  8.2870208103040008e-02  1.2728368026404553e+00  1.919573e-01  7.075524e+00  4.410648e+00  8.785511e+01  1.041182e+02  1.364745e+03  2.776320e+01  1.829326e+03  7.8564168181555999e+01
      2310  5.7750000000002029e+00  8.2551829989909148e-02  1.2741620228409618e+00  2.020448e-01  7.082970e+00  4.675658e+00  8.815711e+01  1.103599e+02  1.374913e+03  2.754685e+01  1.797832e+03  7.8773501216446832e+01
      2320  5.8000000000002068e+00  8.2233140774421093e-02  1.2753257917453200e+00  2.118147e-01  7.089607e+00  4.932354e+00  8.844154e+01  1.164027e+02  1.384786e+03  2.732148e+01  1.765600e+03  7.8959904131335904e+01
      2330  5.8250000000002107e+00  8.1914180691541549e-02  1.2763291727161046e+00  2.212697e-01  7.095449e+00  5.180613e+00  8.870848e+01  1.222411e+02  1.394354e+03  2.708865e+01  1.732864e+03  7.9123802027491337e+01
      2340  5.8500000000002146e+00  8.1594989681252048e-02  1.2771734601635560e+00  2.304145e-01  7.100512e+00  5.420385e+00  8.895808e+01  1.278720e+02  1.403608e+03  2.684986e+01  1.699838e+03  7.9265661117888129e+01
      2350  5.8750000000002185e+00  8.1275607332190275e-02  1.2778601682610413e+00  2.392548e-01  7.104810e+00  5.651676e+00  8.919048e+01  1.332941e+02  1.412538e+03  2.660652e+01  1.666718e+03  7.9385983155973861e+01
      2360  5.9000000000002224e+00  8.0956072828159711e-02  1.2783910193070289e+00  2.477977e-01  7.108361e+00  5.874543e+00  8.940586e+01  1.385075e+02  1.421138e+03  2.635989e+01  1.633677e+03  7.9485300295973516e+01
      2370  5.9250000000002263e+00  8.0636424897584144e-02  1.2787679318175234e+00  2.560507e-01  7.111182e+00  6.089082e+00  8.960441e+01  1.435137e+02  1.429401e+03  2.611114e+01  1.600869e+03  7.9564170486028857e+01
      2380  5.9500000000002302e+00  8.0316701765966420e-02  1.2789930084055501e+00  2.640221e-01  7.113292e+00  6.295418e+00  8.978633e+01  1.483151e+02  1.437320e+03  2.586130e+01  1.568424e+03  7.9623173445740804e+01
      2390  5.9750000000002341e+00  7.9996941111400807e-02  1.2790685234820736e+00  2.717205e-01  7.114710e+00  6.493700e+00  8.995185e+01  1.529148e+02  1.444889e+03  2.561129e+01  1.536456e+03  7.9662907233930994e+01
      2400  6.0000000000002380e+00  7.9677180023181832e-02  1.2789969107961034e+00  2.791546e-01  7.115456e+00  6.684092e+00  9.010118e+01  1.573163e+02  1.452103e+03  2.536192e+01  1.505060e+03  7.9683985373430318e+01
      2410  6.0250000000002419e+00  7.9357454963545182e-02  1.2787807508215074e+00  2.863333e-01  7.115550e+00  6.866772e+00  9.023461e+01  1.615236e+02  1.458957e+03  2.511388e+01  1.474314e+03  7.9687034469339324e+01
      2420  6.0500000000002458e+00  7.9037801732582180e-02  1.2784227579936573e+00  2.932655e-01  7.115014e+00  7.041926e+00  9.035242e+01  1.655406e+02  1.465448e+03  2.486782e+01  1.444283e+03  7.9672692236404302e+01
      2430  6.0750000000002498e+00  7.8718255436363987e-02  1.2779257677999900e+00  2.999605e-01  7.113870e+00  7.209748e+00  9.045495e+01  1.693718e+02  1.471574e+03  2.462425e+01  1.415019e+03  7.9641605839926569e+01
      2440  6.1000000000002537e+00  7.8398850458307939e-02  1.2772927237339200e+00  3.064274e-01  7.112144e+00  7.370438e+00  9.054257e+01  1.730214e+02  1.477333e+03  2.438367e+01  1.386565e+03  7.9594430452192142e+01
      2450  6.1250000000002576e+00  7.8079620433824090e-02  1.2765266641299136e+00  3.126755e-01  7.109859e+00  7.524207e+00  9.061572e+01  1.764941e+02  1.482726e+03  2.414650e+01  1.358953e+03  7.9531827931381656e+01
      2460  6.1500000000002615e+00  7.7760598228261285e-02  1.2756307089080448e+00  3.187143e-01  7.107044e+00  7.671270e+00  9.067488e+01  1.797946e+02  1.487756e+03  2.391310e+01  1.332208e+03  7.9454465540550132e+01
      2470  6.1750000000002654e+00  7.7441815918175963e-02  1.2746080462673033e+00  3.245538e-01  7.103724e+00  7.811856e+00  9.072058e+01  1.829280e+02  1.492428e+03  2.368380e+01  1.306348e+03  7.9363014638647968e+01
      2480  6.2000000000002693e+00  7.7123304775929630e-02  1.2734619193780792e+00  3.302038e-01  7.099929e+00  7.946202e+00  9.075339e+01  1.858994e+02  1.496748e+03  2.345892e+01  1.281388e+03  7.9258149291893147e+01
      2490  6.2250000000002732e+00  7.6805095257603512e-02  1.2721956131340550e+00  3.356750e-01  7.095688e+00  8.074558e+00  9.077396e+01  1.887146e+02  1.500725e+03  2.323872e+01  1.257336e+03  7.9140544770495197e+01
      2500  6.2500000000002771e+00  7.6487216994214499e-02  1.2708124410321453e+00  3.409781e-01  7.091031e+00  8.197187e+00  9.078296e+01  1.913793e+02  1.504369e+03  2.302346e+01  1.234196e+03  7.9010875911557164e+01
      2510  6.2750000000002810e+00  7.6169698786184112e-02  1.2693157322557507e+00  3.461241e-01  7.085989e+00  8.314361e+00  9.078108e+01  1.938998e+02  1.507694e+03  2.281337e+01  1.211971e+03  7.8869815343074436e+01
      2520  6.3000000000002849e+00  7.5852568601002771e-02  1.2677088190411798e+00  3.511246e-01  7.080590e+00  8.426368e+00  9.076906e+01  1.962827e+02  1.510711e+03  2.260866e+01  1.190659e+03  7.8718031575841579e+01
      2530  6.3250000000002888e+00  7.5535853574010881e-02  1.2659950244097229e+00  3.559914e-01  7.074864e+00  8.533501e+00  9.074763e+01  1.985346e+02  1.513437e+03  2.240954e+01  1.170257e+03  7.8556186979599531e+01
      2540  6.3500000000002927e+00  7.5219580012189438e-02  1.2641776503488023e+00  3.607364e-01  7.068842e+00  8.636063e+00  9.071755e+01  2.006627e+02  1.515886e+03  2.221618e+01  1.150758e+03  7.8384935667005578e+01
      2550  6.3750000000002967e+00  7.4903773400841436e-02  1.2622599665246081e+00  3.653717e-01  7.062549e+00  8.734362e+00  9.067955e+01  2.026741e+02  1.518073e+03  2.202875e+01  1.132157e+03  7.8204921314205109e+01
      2560  6.4000000000003006e+00  7.4588458413019976e-02  1.2602451996062545e+00  3.699096e-01  7.056014e+00  8.828707e+00  9.063434e+01  2.045759e+02  1.520016e+03  2.184740e+01  1.114442e+03  7.8016774950263510e+01
      2570  6.4250000000003045e+00  7.4273658921541724e-02  1.2581365232775488e+00  3.743620e-01  7.049261e+00  8.919406e+00  9.058259e+01  2.063754e+02  1.521727e+03  2.167228e+01  1.097604e+03  7.7821112749770791e+01
      2580  6.4500000000003084e+00  7.3959398013401914e-02  1.2559370490070025e+00  3.787410e-01  7.042314e+00  9.006761e+00  9.052496e+01  2.080796e+02  1.523223e+03  2.150351e+01  1.081630e+03  7.7618533863852690e+01
      2590  6.4750000000003123e+00  7.3645698006397489e-02  1.2536498176400839e+00  3.830582e-01  7.035194e+00  9.091065e+00  9.046202e+01  2.096953e+02  1.524515e+03  2.134117e+01  1.066506e+03  7.7409618324808406e+01
      2600  6.5000000000003162e+00  7.3332580467742062e-02  1.2512777918695228e+00  3.873246e-01  7.027920e+00  9.172600e+00  9.039431e+01  2.112292e+02  1.525615e+03  2.118537e+01  1.052219e+03  7.7194925058777514e+01
      2610  6.5250000000003201e+00  7.3020066234447553e-02  1.2488238496301389e+00  3.915510e-01  7.020510e+00  9.251632e+00  9.032228e+01  2.126873e+02  1.526534e+03  2.103615e+01  1.038751e+03  7.6974990039303890e+01
      2620  6.5500000000003240e+00  7.2708175435241620e-02  1.2462907784539798e+00  3.957473e-01  7.012978e+00  9.328408e+00  9.024635e+01  2.140754e+02  1.527279e+03  2.089356e+01  1.026086e+03  7.6750324612409031e+01
      2630  6.5750000000003279e+00  7.2396927513767931e-02  1.2436812708099203e+00  3.999227e-01  7.005338e+00  9.403156e+00  9.016684e+01  2.153988e+02  1.527858e+03  2.075763e+01  1.014205e+03  7.6521414020866018e+01
      2640  6.6000000000003318e+00  7.2086341252832045e-02  1.2409979204390924e+00  4.040856e-01  6.997599e+00  9.476082e+00  9.008402e+01  2.166622e+02  1.528275e+03  2.062833e+01  1.003089e+03  7.6288716151733851e+01
      2650  6.6250000000003357e+00  7.1776434799436448e-02  1.2382432196844511e+00  4.082435e-01  6.989771e+00  9.547366e+00  8.999807e+01  2.178699e+02  1.528534e+03  2.050564e+01  9.927170e+02  7.6052660526959087e+01
      2660  6.6500000000003396e+00  7.1467225690361499e-02  1.2354195577990017e+00  4.124029e-01  6.981858e+00  9.617169e+00  8.990915e+01  2.190255e+02  1.528637e+03  2.038951e+01  9.830668e+02  7.5813647552002124e+01
      2670  6.6750000000003435e+00  7.1158730878048540e-02  1.2325292202038736e+00  4.165695e-01  6.973866e+00  9.685622e+00  8.981733e+01  2.201323e+02  1.528584e+03  2.027985e+01  9.741157e+02  7.5572048032142092e+01
      2680  6.7000000000003475e+00  7.0850966756556361e-02  1.2295743886542265e+00  4.207479e-01  6.965797e+00  9.752838e+00  8.972264e+01  2.211927e+02  1.528375e+03  2.017655e+01  9.658394e+02  7.5328202960480155e+01
      2690  6.7250000000003514e+00  7.0543949187365826e-02  1.2265571422589572e+00  4.249417e-01  6.957651e+00  9.818902e+00  8.962504e+01  2.222090e+02  1.528009e+03  2.007947e+01  9.582127e+02  7.5082423575899753e+01
      2700  6.7500000000003553e+00  7.0237693524831168e-02  1.2234794592891520e+00  4.291536e-01  6.949428e+00  9.883881e+00  8.952450e+01  2.231828e+02  1.527483e+03  1.998847e+01  9.512091e+02  7.4834991683526567e+01
      2710  6.7750000000003592e+00  6.9932214641086662e-02  1.2203432197011019e+00  4.333856e-01  6.941126e+00  9.947821e+00  8.942090e+01  2.241154e+02  1.526795e+03  1.990335e+01  9.448013e+02  7.4586160224793062e+01
      2720  6.8000000000003631e+00  6.9627526950245433e-02  1.2171502082922288e+00  4.376386e-01  6.932741e+00  1.001075e+01  8.931414e+01  2.250077e+02  1.525942e+03  1.982390e+01  9.389608e+02  7.4336154079222325e+01
      2730  6.8250000000003670e+00  6.9323644431733764e-02  1.2139021184030916e+00  4.419130e-01  6.924270e+00  1.007268e+01  8.920406e+01  2.258603e+02  1.524922e+03  1.974991e+01  9.336586e+02  7.4085171075699407e+01
      2740  6.8500000000003709e+00  6.9020580652645186e-02  1.2106005560756756e+00  4.462082e-01  6.915707e+00  1.013360e+01  8.909052e+01  2.266734e+02  1.523730e+03  1.968111e+01  9.288644e+02  7.3833383187412778e+01
      2750  6.8750000000003748e+00  6.8718348789006345e-02  1.2072470445772594e+00  4.505233e-01  6.907047e+00  1.019350e+01  8.897336e+01  2.274472e+02  1.522366e+03  1.961723e+01  9.245476e+02  7.3580937881949737e+01
      2760  6.9000000000003787e+00  6.8416961645875088e-02  1.2038430292007294e+00  4.548567e-01  6.898284e+00  1.025237e+01  8.885239e+01  2.281817e+02  1.520826e+03  1.955801e+01  9.206768e+02  7.3327959596247908e+01
      2770  6.9250000000003826e+00  6.8116431676213049e-02  1.2003898822554178e+00  4.592063e-01  6.889412e+00  1.031015e+01  8.872746e+01  2.288765e+02  1.519109e+03  1.950312e+01  9.172200e+02  7.3074551305272919e+01
      2780  6.9500000000003865e+00  6.7816770998495854e-02  1.1968889081679153e+00  4.635698e-01  6.880424e+00  1.036683e+01  8.859840e+01  2.295314e+02  1.517214e+03  1.945227e+01  9.141452e+02  7.2820796153366189e+01
      2790  6.9750000000003904e+00  6.7517991413040795e-02  1.1933413486187869e+00  4.679445e-01  6.871313e+00  1.042235e+01  8.846504e+01  2.301461e+02  1.515139e+03  1.940513e+01  9.114198e+02  7.2566759118130037e+01
      2800  7.0000000000003944e+00  6.7220104417055754e-02  1.1897483876491064e+00  4.723274e-01  6.862073e+00  1.047667e+01  8.832724e+01  2.307203e+02  1.512884e+03  1.936138e+01  9.090113e+02  7.2312488678386416e+01
      2810  7.0250000000003983e+00  6.6923121218416773e-02  1.1861111566792502e+00  4.767156e-01  6.852698e+00  1.052975e+01  8.818486e+01  2.312536e+02  1.510450e+03  1.932068e+01  9.068872e+02  7.2058018460054825e+01
      2820  7.0500000000004022e+00  6.6627052748212096e-02  1.1824307393916560e+00  4.811057e-01  6.843180e+00  1.058154e+01  8.803775e+01  2.317458e+02  1.507836e+03  1.928271e+01  9.050151e+02  7.1803368836600271e+01
      2830  7.0750000000004061e+00  6.6331909672082009e-02  1.1787081764384324e+00  4.854947e-01  6.833515e+00  1.063201e+01  8.788581e+01  2.321966e+02  1.505044e+03  1.924713e+01  9.033633e+02  7.1548548463880053e+01
      2840  7.1000000000004100e+00  6.6037702400411666e-02  1.1749444699439575e+00  4.898792e-01  6.823696e+00  1.068112e+01  8.772892e+01  2.326059e+02  1.502075e+03  1.921363e+01  9.019002e+02  7.1293555732626558e+01
      2850  7.1250000000004139e+00  6.5744441097420947e-02  1.1711405877812484e+00  4.942561e-01  6.813717e+00  1.072883e+01  8.756699e+01  2.329735e+02  1.498930e+03  1.918188e+01  9.005953e+02  7.1038380125307853e+01
      2860  7.1500000000004178e+00  6.5452135689219607e-02  1.1672974676090435e+00  4.986222e-01  6.803574e+00  1.077511e+01  8.739991e+01  2.332996e+02  1.495612e+03  1.915158e+01  8.994186e+02  7.0783003467601816e+01
      2870  7.1750000000004217e+00  6.5160795870881000e-02  1.1634160206638084e+00  5.029743e-01  6.793261e+00  1.081993e+01  8.722762e+01  2.335841e+02  1.492121e+03  1.912243e+01  8.983413e+02  7.0527401068083407e+01
      2880  7.2000000000004256e+00  6.4870431112599172e-02  1.1594971353071972e+00  5.073096e-01  6.782774e+00  1.086328e+01  8.705003e+01  2.338272e+02  1.488460e+03  1.909415e+01  8.973356e+02  7.0271542742877884e+01
      2890  7.2250000000004295e+00  6.4581050664988843e-02  1.1555416803348160e+00  5.116250e-01  6.772109e+00  1.090513e+01  8.686708e+01  2.340291e+02  1.484630e+03  1.906646e+01  8.963750e+02  7.0015393724907113e+01
      2900  7.2500000000004334e+00  6.4292663563588551e-02  1.1515505080564699e+00  5.159177e-01  6.761262e+00  1.094548e+01  8.667871e+01  2.341900e+02  1.480633e+03  1.903912e+01  8.954342e+02  6.9758915459887717e+01
      2910  7.2750000000004373e+00  6.4005278632617707e-02  1.1475244571611449e+00  5.201850e-01  6.750230e+00  1.098431e+01  8.648484e+01  2.343102e+02  1.476470e+03  1.901187e+01  8.944892e+02  6.9502066293411332e+01
      2920  7.3000000000004412e+00  6.3718904488045541e-02  1.1434643553824106e+00  5.244241e-01  6.739009e+00  1.102161e+01  8.628544e+01  2.343902e+02  1.472144e+03  1.898450e+01  8.935176e+02  6.9244802055220006e+01
      2930  7.3250000000004452e+00  6.3433549540016801e-02  1.1393710219809172e+00  5.286325e-01  6.727599e+00  1.105739e+01  8.608044e+01  2.344303e+02  1.467655e+03  1.895679e+01  8.924984e+02  6.8987076548195176e+01
      2940  7.3500000000004491e+00  6.3149221994675306e-02  1.1352452700613562e+00  5.328076e-01  6.715995e+00  1.109164e+01  8.586981e+01  2.344309e+02  1.463004e+03  1.892854e+01  8.914119e+02  6.8728841950614509e+01
      2950  7.3750000000004530e+00  6.2865929855430283e-02  1.1310879087408503e+00  5.369468e-01  6.704198e+00  1.112436e+01  8.565349e+01  2.343925e+02  1.458192e+03  1.889958e+01  8.902401e+02  6.8470049140927799e+01
      2960  7.4000000000004569e+00  6.2583680923695498e-02  1.1268997451848153e+00  5.410476e-01  6.692204e+00  1.115556e+01  8.543145e+01  2.343154e+02  1.453221e+03  1.886973e+01  8.889662e+02  6.8210647954701429e+01
      2970  7.4250000000004608e+00  6.2302482799135556e-02  1.1226815865250805e+00  5.451074e-01  6.680015e+00  1.118524e+01  8.520365e+01  2.342003e+02  1.448091e+03  1.883884e+01  8.875749e+02  6.7950587383506686e+01
      2980  7.4500000000004647e+00  6.2022342879444171e-02  1.1184342416732409e+00  5.491237e-01  6.667628e+00  1.121340e+01  8.497006e+01  2.340474e+02  1.442804e+03  1.880676e+01  8.860524e+02  6.7689815725447787e+01
      2990  7.4750000000004686e+00  6.1743268359683828e-02  1.1141585230403377e+00  5.530938e-01  6.655045e+00  1.124004e+01  8.473067e+01  2.338574e+02  1.437359e+03  1.877337e+01  8.843859e+02  6.7428280696760467e+01
      3000  7.5000000000004725e+00  6.1465266231204421e-02  1.1098552481718038e+00  5.570151e-01  6.642265e+00  1.126518e+01  8.448545e+01  2.336307e+02  1.431759e+03  1.873854e+01  8.825640e+02  6.7165929513516659e+01
      3010  7.5250000000004764e+00  6.1188343280163017e-02  1.1055252413045620e+00  5.608848e-01  6.629290e+00  1.128882e+01  8.423439e+01  2.333677e+02  1.426003e+03  1.870217e+01  8.805767e+02  6.6902708951984721e+01
      3020  7.5500000000004803e+00  6.0912506085663835e-02  1.1011693348510547e+00  5.647001e-01  6.616121e+00  1.131095e+01  8.397751e+01  2.330689e+02  1.420094e+03  1.866415e+01  8.784148e+02  6.6638565395629612e+01
      3030  7.5750000000004842e+00  6.0637761017536838e-02  1.0967883708130262e+00  5.684580e-01  6.602759e+00  1.133159e+01  8.371480e+01  2.327347e+02  1.414032e+03  1.862439e+01  8.760704e+02  6.6373444876149506e+01
      3040  7.6000000000004881e+00  6.0364114233770451e-02  1.0923832021260116e+00  5.721555e-01  6.589206e+00  1.135073e+01  8.344628e+01  2.323656e+02  1.407819e+03  1.858282e+01  8.735364e+02  6.6107293115319251e+01
      3050  7.6250000000004921e+00  6.0091571677617216e-02  1.0879546939339344e+00  5.757894e-01  6.575466e+00  1.136837e+01  8.317200e+01  2.319622e+02  1.401458e+03  1.853934e+01  8.708069e+02  6.5840055573791588e+01
      3060  7.6500000000004960e+00  5.9820139074389843e-02  1.0835037247917092e+00  5.793564e-01  6.561541e+00  1.138450e+01  8.289198e+01  2.315247e+02  1.394949e+03  1.849390e+01  8.678766e+02  6.5571677512381811e+01
      3070  7.6750000000004999e+00  5.9549821927966276e-02  1.0790311877926297e+00  5.828531e-01  6.547433e+00  1.139914e+01  8.260628e+01  2.310537e+02  1.388295e+03  1.844644e+01  8.647413e+02  6.5302104070741066e+01
      3080  7.7000000000005038e+00  5.9280625517022650e-02  1.0745379916162670e+00  5.862760e-01  6.533148e+00  1.141226e+01  8.231498e+01  2.305496e+02  1.381499e+03  1.839689e+01  8.613974e+02  6.5031280367713478e+01
      3090  7.7250000000005077e+00  5.9012554891013314e-02  1.0700250614918869e+00  5.896215e-01  6.518688e+00  1.142387e+01  8.201814e+01  2.300129e+02  1.374564e+03  1.834522e+01  8.578424e+02  6.4759151627062792e+01
      3100  7.7500000000005116e+00  5.8745614865923938e-02  1.0654933400718805e+00  5.928857e-01  6.504059e+00  1.143395e+01  8.171586e+01  2.294441e+02  1.367493e+03  1.829138e+01  8.540742e+02  6.4485663331650869e+01
      3110  7.7750000000005155e+00  5.8479810019815906e-02  1.0609437882093347e+00  5.960648e-01  6.489264e+00  1.144251e+01  8.140823e+01  2.288436e+02  1.360290e+03  1.823534e+01  8.500915e+02  6.4210761408539909e+01
      3120  7.8000000000005194e+00  5.8215144688188905e-02  1.0563773856336593e+00  5.991548e-01  6.474308e+00  1.144952e+01  8.109537e+01  2.282119e+02  1.352958e+03  1.817707e+01  8.458937e+02  6.3934392446882775e+01
      3130  7.8250000000005233e+00  5.7951622959189909e-02  1.0517951315183383e+00  6.021518e-01  6.459198e+00  1.145498e+01  8.077739e+01  2.275494e+02  1.345502e+03  1.811655e+01  8.414811e+02  6.3656503949843412e+01
      3140  7.8500000000005272e+00  5.7689248668692593e-02  1.0471980449348637e+00  6.050516e-01  6.443938e+00  1.145887e+01  8.045442e+01  2.268567e+02  1.337925e+03  1.805376e+01  8.368542e+02  6.3377044621167130e+01
      3150  7.8750000000005311e+00  5.7428025395278443e-02  1.0425871651872947e+00  6.078500e-01  6.428534e+00  1.146119e+01  8.012661e+01  2.261343e+02  1.330232e+03  1.798868e+01  8.320146e+02  6.3095964686385429e+01
      3160  7.9000000000005350e+00  5.7167956455150548e-02  1.0379635520222981e+00  6.105430e-01  6.412992e+00  1.146192e+01  7.979410e+01  2.253826e+02  1.322429e+03  1.792133e+01  8.269642e+02  6.2813216248007549e+01
      3170  7.9250000000005389e+00  5.6909044897009244e-02  1.0333282857098720e+00  6.131263e-01  6.397319e+00  1.146105e+01  7.945704e+01  2.246021e+02  1.314518e+03  1.785169e+01  8.217059e+02  6.2528753673414016e+01
      3180  7.9500000000005429e+00  5.6651293496926748e-02  1.0286824669906705e+00  6.155958e-01  6.381520e+00  1.145856e+01  7.911559e+01  2.237933e+02  1.306506e+03  1.777978e+01  8.162428e+02  6.2242534013545388e+01
      3190  7.9750000000005468e+00  5.6394704753248523e-02  1.0240272168863516e+00  6.179472e-01  6.365602e+00  1.145444e+01  7.876992e+01  2.229568e+02  1.298398e+03  1.770560e+01  8.105788e+02  6.1954517449870956e+01
      3200  8.0000000000005507e+00  5.6139280881563530e-02  1.0193636763700245e+00  6.201766e-01  6.349573e+00  1.144867e+01  7.842017e+01  2.220929e+02  1.290198e+03  1.762919e+01  8.047185e+02  6.1664667766539580e+01
      3210  8.0250000000005457e+00  5.5885023809771277e-02  1.0146930058945860e+00  6.222798e-01  6.333437e+00  1.144125e+01  7.806654e+01  2.212022e+02  1.281910e+03  1.755056e+01  7.986670e+02  6.1372952844074149e+01
      3220  8.0500000000005407e+00  5.5631935173285976e-02  1.0100163847773724e+00  6.242531e-01  6.317204e+00  1.143216e+01  7.770917e+01  2.202852e+02  1.273542e+03  1.746974e+01  7.924298e+02  6.1079345170469381e+01
      3230  8.0750000000005357e+00  5.5380016310413983e-02  1.0053350104402725e+00  6.260925e-01  6.300879e+00  1.142138e+01  7.734825e+01  2.193423e+02  1.265096e+03  1.738678e+01  7.860131e+02  6.0783822365114062e+01
      3240  8.1000000000005308e+00  5.5129268257935779e-02  1.0006500975050976e+00  6.277944e-01  6.284469e+00  1.140891e+01  7.698394e+01  2.183740e+02  1.256577e+03  1.730171e+01  7.794236e+02  6.0486367710575244e+01
      3250  8.1250000000005258e+00  5.4879691746935584e-02  9.9596287674466566e-01  6.293554e-01  6.267982e+00  1.139473e+01  7.661641e+01  2.173807e+02  1.247992e+03  1.721458e+01  7.726684e+02  6.0186970686975201e+01
      3260  8.1500000000005208e+00  5.4631287198910208e-02  9.9127459389078665e-01  6.307720e-01  6.251424e+00  1.137884e+01  7.624582e+01  2.163629e+02  1.239343e+03  1.712545e+01  7.657549e+02  5.9885627503455559e+01
      3270  8.1750000000005159e+00  5.4384054722192161e-02  9.8658650830081907e-01  6.320411e-01  6.234802e+00  1.136121e+01  7.587234e+01  2.153210e+02  1.230635e+03  1.703436e+01  7.586911e+02  5.9582341621060230e+01
      3280  8.2000000000005109e+00  5.4137994108724941e-02  9.8189989148523305e-01  6.331599e-01  6.218124e+00  1.134186e+01  7.549613e+01  2.142554e+02  1.221873e+03  1.694139e+01  7.514853e+02  5.9277124261292826e+01
      3290  8.2250000000005059e+00  5.3893104831222810e-02  9.7721602549906150e-01  6.341257e-01  6.201395e+00  1.132076e+01  7.511733e+01  2.131665e+02  1.213059e+03  1.684660e+01  7.441459e+02  5.8969994894596780e+01
      3300  8.2500000000005009e+00  5.3649386040751194e-02  9.7253620120079387e-01  6.349360e-01  6.184623e+00  1.129792e+01  7.473610e+01  2.120547e+02  1.204199e+03  1.675005e+01  7.366817e+02  5.8660981703081454e+01
      3310  8.2750000000004960e+00  5.3406836564754541e-02  9.6786171638274443e-01  6.355887e-01  6.167815e+00  1.127332e+01  7.435259e+01  2.109204e+02  1.195295e+03  1.665182e+01  7.291016e+02  5.8350122011967535e+01
      3320  8.3000000000004910e+00  5.3165454905572118e-02  9.6319387377746968e-01  6.360819e-01  6.150977e+00  1.124696e+01  7.396693e+01  2.097639e+02  1.186351e+03  1.655198e+01  7.214145e+02  5.8037462684439639e+01
      3330  8.3250000000004860e+00  5.2925239239461859e-02  9.5853397894534909e-01  6.364140e-01  6.134115e+00  1.121885e+01  7.357925e+01  2.085855e+02  1.177370e+03  1.645061e+01  7.136296e+02  5.7723060474886587e+01
      3340  8.3500000000004810e+00  5.2686187416172037e-02  9.5388333804891434e-01  6.365838e-01  6.117237e+00  1.118897e+01  7.318969e+01  2.073856e+02  1.168355e+03  1.634779e+01  7.057559e+02  5.7406982335855062e+01
      3350  8.3750000000004761e+00  5.2448296959078169e-02  9.4924325552003963e-01  6.365901e-01  6.100347e+00  1.115734e+01  7.279837e+01  2.061645e+02  1.159307e+03  1.624360e+01  6.978024e+02  5.7089305674449101e+01
      3360  8.4000000000004711e+00  5.2211565065918904e-02  9.4461503162659299e-01  6.364325e-01  6.083454e+00  1.112395e+01  7.240540e+01  2.049225e+02  1.150231e+03  1.613812e+01  6.897780e+02  5.6770118554363350e+01
      3370  8.4250000000004661e+00  5.1975988610150174e-02  9.3999995994561258e-01  6.361105e-01  6.066562e+00  1.108881e+01  7.201090e+01  2.036598e+02  1.141127e+03  1.603144e+01  6.816913e+02  5.6449519840233371e+01
      3380  8.4500000000004611e+00  5.1741564142943598e-02  9.3539932475063536e-01  6.356242e-01  6.049677e+00  1.105192e+01  7.161498e+01  2.023768e+02  1.131998e+03  1.592363e+01  6.735509e+02  5.6127619281510690e+01
      3390  8.4750000000004562e+00  5.1508287895846078e-02  9.3081439832120894e-01  6.349739e-01  6.032808e+00  1.101330e+01  7.121774e+01  2.010737e+02  1.122845e+03  1.581478e+01  6.653649e+02  5.5804537533616184e+01
      3400  8.5000000000004512e+00  5.1276155784122139e-02  9.2624643818317687e-01  6.341602e-01  6.015958e+00  1.097295e+01  7.081927e+01  1.997507e+02  1.113671e+03  1.570496e+01  6.571413e+02  5.5480406114677280e+01
      3410  8.5250000000004462e+00  5.1045163410794618e-02  9.2169668428875673e-01  6.331843e-01  5.999135e+00  1.093088e+01  7.041967e+01  1.984082e+02  1.104476e+03  1.559426e+01  6.488877e+02  5.5155367296694379e+01
      3420  8.5500000000004412e+00  5.0815306071393514e-02  9.1716635614596198e-01  6.320475e-01  5.982344e+00  1.088711e+01  7.001904e+01  1.970463e+02  1.095263e+03  1.548275e+01  6.406112e+02  5.4829573930507713e+01
      3430  8.5750000000004363e+00  5.0586578759432378e-02  9.1265664990731021e-01  6.307515e-01  5.965593e+00  1.084166e+01  6.961745e+01  1.956654e+02  1.086031e+03  1.537051e+01  6.323185e+02  5.4503189204423379e+01
      3440  8.6000000000004313e+00  5.0358976172613326e-02  9.0816873542828214e-01  6.292984e-01  5.948888e+00  1.079454e+01  6.921500e+01  1.942656e+02  1.076782e+03  1.525761e+01  6.240161e+02  5.4176386336797677e+01
      3450  8.6250000000004263e+00  5.0132492719770209e-02  9.0370375330637820e-01  6.276906e-01  5.932235e+00  1.074578e+01  6.881177e+01  1.928473e+02  1.067518e+03  1.514412e+01  6.157099e+02  5.3849348203268811e+01
      3460  8.6500000000004214e+00  4.9907122528555316e-02  8.9926281191205648e-01  6.259307e-01  5.915642e+00  1.069540e+01  6.840784e+01  1.914107e+02  1.058238e+03  1.503011e+01  6.074052e+02  5.3522266899646844e+01
      3470  8.6750000000004164e+00  4.9682859453866232e-02  8.9484698442321264e-01  6.240219e-01  5.899115e+00  1.064342e+01  6.800331e+01  1.899562e+02  1.048944e+03  1.491565e+01  5.991072e+02  5.3195343241737724e+01
      3480  8.7000000000004114e+00  4.9459697087012977e-02  8.9045730587526639e-01  6.219674e-01  5.882663e+00  1.058989e+01  6.759824e+01  1.884839e+02  1.039637e+03  1.480079e+01  5.908202e+02  5.2868786203569243e+01
      3490  8.7250000000004064e+00  4.9237628765619962e-02  8.8609477023924754e-01  6.197711e-01  5.866292e+00  1.053482e+01  6.719273e+01  1.869943e+02  1.030317e+03  1.468560e+01  5.825485e+02  5.2542812295632856e+01
      3500  8.7500000000004015e+00  4.9016647584252067e-02  8.8176032754065459e-01  6.174368e-01  5.850012e+00  1.047825e+01  6.678687e+01  1.854877e+02  1.020985e+03  1.457012e+01  5.742955e+02  5.2217644884844312e+01
      3510  8.7750000000003965e+00  4.8796746405756618e-02  8.7745488103216851e-01  6.149688e-01  5.833831e+00  1.042022e+01  6.638076e+01  1.839644e+02  1.011643e+03  1.445442e+01  5.660647e+02  5.1893513457990046e+01
      3520  8.8000000000003915e+00  4.8577917873302880e-02  8.7317928443367199e-01  6.123717e-01  5.817758e+00  1.036078e+01  6.597448e+01  1.824248e+02  1.002291e+03  1.433854e+01  5.578586e+02  5.1570652830464269e+01
      3530  8.8250000000003865e+00  4.8360154423100939e-02  8.6893433925333385e-01  6.096502e-01  5.801803e+00  1.029996e+01  6.556815e+01  1.808695e+02  9.929298e+02  1.422254e+01  5.496797e+02  5.1249302302154071e+01
      3540  8.8500000000003816e+00  4.8143448297780923e-02  8.6472079220386744e-01  6.068094e-01  5.785975e+00  1.023782e+01  6.516187e+01  1.792987e+02  9.835611e+02  1.410645e+01  5.415301e+02  5.0929704762388411e+01
      3550  8.8750000000003766e+00  4.7927791560402291e-02  8.6053933272839522e-01  6.038546e-01  5.770285e+00  1.017440e+01  6.475577e+01  1.777132e+02  9.741862e+02  1.399032e+01  5.334113e+02  5.0612105745975569e+01
      3560  8.9000000000003716e+00  4.7713176109068750e-02  8.5639059065066503e-01  6.007912e-01  5.754745e+00  1.010976e+01  6.434998e+01  1.761134e+02  9.648066e+02  1.387419e+01  5.253248e+02  5.0296752442511917e+01
      3570  8.9250000000003666e+00  4.7499593692111472e-02  8.5227513396463794e-01  5.976249e-01  5.739365e+00  1.004395e+01  6.394463e+01  1.744999e+02  9.554239e+02  1.375810e+01  5.172717e+02  4.9983892661369183e+01
      3580  8.9500000000003617e+00  4.7287035923807223e-02  8.4819346677880059e-01  5.943616e-01  5.724159e+00  9.977039e+00  6.353987e+01  1.728735e+02  9.460401e+02  1.364209e+01  5.092527e+02  4.9673773755075132e+01
      3590  8.9750000000003567e+00  4.7075494300589327e-02  8.4414602743061706e-01  5.910074e-01  5.709138e+00  9.909083e+00  6.313588e+01  1.712348e+02  9.366575e+02  1.352621e+01  5.012685e+02  4.9366641504181558e+01
      3600  9.0000000000003517e+00  4.6864960217706808e-02  8.4013318678678450e-01  5.875683e-01  5.694316e+00  9.840152e+00  6.273281e+01  1.695845e+02  9.272785e+02  1.341047e+01  4.933196e+02  4.9062738967180586e+01
      3610  9.0250000000003467e+00  4.6655424986283375e-02  8.3615524674486030e-01  5.840508e-01  5.679706e+00  9.770314e+00  6.233088e+01  1.679237e+02  9.179059e+02  1.329493e+01  4.854063e+02  4.8762305299571807e+01
      3620  9.0500000000003418e+00  4.6446879850724959e-02  8.3221243895173969e-01  5.804612e-01  5.665324e+00  9.699642e+00  6.193028e+01  1.662531e+02  9.085427e+02  1.317962e+01  4.775289e+02  4.8465574546784687e+01
      3630  9.0750000000003368e+00  4.6239316006418681e-02  8.2830492375416542e-01  5.768061e-01  5.651183e+00  9.628214e+00  6.153123e+01  1.645737e+02  8.991924e+02  1.306458e+01  4.696876e+02  4.8172774416331677e+01
      3640  9.1000000000003318e+00  4.6032724617663313e-02  8.2443278939592013e-01  5.730920e-01  5.637298e+00  9.556107e+00  6.113398e+01  1.628867e+02  8.898587e+02  1.294984e+01  4.618826e+02  4.7884125035262727e+01
      3650  9.1250000000003268e+00  4.5827096835768133e-02  8.2059605147568881e-01  5.693257e-01  5.623684e+00  9.483405e+00  6.073877e+01  1.611931e+02  8.805458e+02  1.283546e+01  4.541144e+02  4.7599837699728369e+01
      3660  9.1500000000003219e+00  4.5622423817254669e-02  8.1679465267864859e-01  5.655138e-01  5.610358e+00  9.410192e+00  6.034588e+01  1.594941e+02  8.712581e+02  1.272148e+01  4.463832e+02  4.7320113624188942e+01
      3670  9.1750000000003169e+00  4.5418696742088017e-02  8.1302846279362451e-01  5.616631e-01  5.597335e+00  9.336557e+00  5.995560e+01  1.577911e+02  8.620005e+02  1.260794e+01  4.386897e+02  4.7045142698539593e+01
      3680  9.2000000000003119e+00  4.5215906831868338e-02  8.0929727902628423e-01  5.577803e-01  5.584630e+00  9.262590e+00  5.956823e+01  1.560854e+02  8.527783e+02  1.249490e+01  4.310347e+02  4.6775102262115105e+01
      3690  9.2250000000003070e+00  4.5014045367906756e-02  8.0560082661714194e-01  5.538724e-01  5.572259e+00  9.188384e+00  5.918409e+01  1.543784e+02  8.435972e+02  1.238240e+01  4.234192e+02  4.6510155904194058e+01
      3700  9.2500000000003020e+00  4.4813103709106045e-02  8.0193875977124729e-01  5.499459e-01  5.560238e+00  9.114036e+00  5.880352e+01  1.526717e+02  8.344632e+02  1.227052e+01  4.158446e+02  4.6250452301202827e+01
      3710  9.2750000000002970e+00  4.4613073309571150e-02  7.9831066290432207e-01  5.460077e-01  5.548582e+00  9.039644e+00  5.842688e+01  1.509669e+02  8.253827e+02  1.215931e+01  4.083126e+02  4.5996124101323524e+01
      3720  9.3000000000002920e+00  4.4413945735866919e-02  7.9471605220771058e-01  5.420646e-01  5.537306e+00  8.965309e+00  5.805451e+01  1.492657e+02  8.163627e+02  1.204885e+01  4.008252e+02  4.5747286867599016e+01
      3730  9.3250000000002871e+00  4.4215712683846782e-02  7.9115437753205109e-01  5.381232e-01  5.526424e+00  8.891133e+00  5.768681e+01  1.475698e+02  8.074102e+02  1.193920e+01  3.933850e+02  4.5504038090896188e+01
      3740  9.3500000000002821e+00  4.4018365994968396e-02  7.8762502458684480e-01  5.341902e-01  5.515949e+00  8.817220e+00  5.732415e+01  1.458811e+02  7.985329e+02  1.183045e+01  3.859948e+02  4.5266456284204949e+01
      3750  9.3750000000002771e+00  4.3821897672022506e-02  7.8412731745030484e-01  5.302722e-01  5.505894e+00  8.743676e+00  5.696694e+01  1.442016e+02  7.897386e+02  1.172269e+01  3.786580e+02  4.5034600169700568e+01
      3760  9.4000000000002721e+00  4.3626299894195017e-02  7.8066052138095077e-01  5.263758e-01  5.496271e+00  8.670610e+00  5.661556e+01  1.425332e+02  7.810356e+02  1.161601e+01  3.713787e+02  4.4808507969761656e+01
      3770  9.4250000000002672e+00  4.3431565031391089e-02  7.7722384591951033e-01  5.225074e-01  5.487091e+00  8.598129e+00  5.627042e+01  1.408781e+02  7.724324e+02  1.151051e+01  3.641612e+02  4.4588196812698477e+01
      3780  9.4500000000002622e+00  4.3237685657747146e-02  7.7381644826665985e-01  5.186734e-01  5.478361e+00  8.526344e+00  5.593193e+01  1.392383e+02  7.639378e+02  1.140628e+01  3.570103e+02  4.4373662263297270e+01
      3790  9.4750000000002572e+00  4.3044654564267690e-02  7.7043743691927813e-01  5.148802e-01  5.470090e+00  8.455364e+00  5.560049e+01  1.376160e+02  7.555609e+02  1.130344e+01  3.499316e+02  4.4164877987419111e+01
      3800  9.5000000000002522e+00  4.2852464770520834e-02  7.6708587554502861e-01  5.111339e-01  5.462283e+00  8.385299e+00  5.527649e+01  1.360135e+02  7.473109e+02  1.120211e+01  3.429310e+02  4.3961795558806031e+01
      3810  9.5250000000002473e+00  4.2661109535339629e-02  7.6376078707239381e-01  5.074406e-01  5.454946e+00  8.316262e+00  5.496032e+01  1.344330e+02  7.391973e+02  1.110239e+01  3.360148e+02  4.3764344414950315e+01
      3820  9.5500000000002423e+00  4.2470582366474975e-02  7.6046115797077440e-01  5.038063e-01  5.448079e+00  8.248360e+00  5.465235e+01  1.328770e+02  7.312297e+02  1.100442e+01  3.291898e+02  4.3572431967389115e+01
      3830  9.5750000000002373e+00  4.2280877029158434e-02  7.5718594269300865e-01  5.002368e-01  5.441683e+00  8.181705e+00  5.435294e+01  1.313478e+02  7.234177e+02  1.090831e+01  3.224635e+02  4.3385943870115149e+01
      3840  9.6000000000002323e+00  4.2091987553537914e-02  7.5393406825063425e-01  4.967378e-01  5.435756e+00  8.116402e+00  5.406244e+01  1.298477e+02  7.157710e+02  1.081420e+01  3.158433e+02  4.3204744447976950e+01
      3850  9.6250000000002274e+00  4.1903908240954184e-02  7.5070443889062521e-01  4.933147e-01  5.430294e+00  8.052560e+00  5.378117e+01  1.283792e+02  7.082995e+02  1.072222e+01  3.093373e+02  4.3028677285004889e+01
      3860  9.6500000000002224e+00  4.1716633669040264e-02  7.4749594084096926e-01  4.899728e-01  5.425290e+00  7.990282e+00  5.350942e+01  1.269447e+02  7.010128e+02  1.063248e+01  3.029538e+02  4.2857565970586116e+01
      3870  9.6750000000002174e+00  4.1530158695629545e-02  7.4430744709157981e-01  4.867172e-01  5.420737e+00  7.929668e+00  5.324746e+01  1.255466e+02  6.939204e+02  1.054513e+01  2.967014e+02  4.2691214999362970e+01
      3880  9.7000000000002125e+00  4.1344478461467091e-02  7.4113782217656887e-01  4.835528e-01  5.416621e+00  7.870818e+00  5.299552e+01  1.241872e+02  6.870317e+02  1.046029e+01  2.905885e+02  4.2529410818681889e+01
      3890  9.7250000000002075e+00  4.1159588391728515e-02  7.3798592692382448e-01  4.804841e-01  5.412932e+00  7.813825e+00  5.275382e+01  1.228689e+02  6.803561e+02  1.037808e+01  2.846242e+02  4.2371923015423896e+01
      3900  9.7500000000002025e+00  4.0975484196360205e-02  7.3485062313828187e-01  4.775154e-01  5.409652e+00  7.758778e+00  5.252252e+01  1.215941e+02  6.739022e+02  1.029862e+01  2.788170e+02  4.2218505632143305e+01
      3910  9.7750000000001975e+00  4.0792161869258714e-02  7.3173077818606014e-01  4.746507e-01  5.406764e+00  7.705761e+00  5.230176e+01  1.203649e+02  6.676788e+02  1.022203e+01  2.731759e+02  4.2068898600664582e+01
      3920  9.8000000000001926e+00  4.0609617686321771e-02  7.2862526944792416e-01  4.718935e-01  5.404249e+00  7.654853e+00  5.209162e+01  1.191836e+02  6.616939e+02  1.014842e+01  2.677095e+02  4.1922829279682183e+01
      3930  9.8250000000001876e+00  4.0427848202403679e-02  7.2553298861219895e-01  4.692473e-01  5.402085e+00  7.606124e+00  5.189215e+01  1.180521e+02  6.559551e+02  1.007788e+01  2.624260e+02  4.1780014081500049e+01
      3940  9.8500000000001826e+00  4.0246850247221369e-02  7.2245284577925906e-01  4.667148e-01  5.400247e+00  7.559639e+00  5.170337e+01  1.169724e+02  6.504695e+02  1.001052e+01  2.573336e+02  4.1640160171870889e+01
      3950  9.8750000000001776e+00  4.0066620920259900e-02  7.1938377335209192e-01  4.642985e-01  5.398713e+00  7.515453e+00  5.152524e+01  1.159463e+02  6.452436e+02  9.946401e+00  2.524401e+02  4.1502967225964348e+01
      3960  9.9000000000001727e+00  3.9887157584736099e-02  7.1632472969012040e-01  4.620004e-01  5.397453e+00  7.473613e+00  5.135768e+01  1.149754e+02  6.402829e+02  9.885608e+00  2.477524e+02  4.1368129222835385e+01
      3970  9.9250000000001677e+00  3.9708457860677310e-02  7.1327470250627756e-01  4.598221e-01  5.396441e+00  7.434156e+00  5.120057e+01  1.140613e+02  6.355924e+02  9.828197e+00  2.432774e+02  4.1235336260378951e+01
      3980  9.9500000000001627e+00  3.9530519617188106e-02  7.1023271199047944e-01  4.577647e-01  5.395648e+00  7.397108e+00  5.105374e+01  1.132050e+02  6.311761e+02  9.774214e+00  2.390208e+02  4.1104276372656066e+01
      3990  9.9750000000001577e+00  3.9353340963969814e-02  7.0719781364581114e-01  4.558289e-01  5.395044e+00  7.362486e+00  5.091698e+01  1.124077e+02  6.270371e+02  9.723691e+00  2.349879e+02  4.0974637331659309e+01
      4000  1.0000000000000153e+01  3.9176920242167700e-02  7.0416910082700135e-01  4.540146e-01  5.394597e+00  7.330293e+00  5.079003e+01  1.116701e+02  6.231774e+02  9.676644e+00  2.311830e+02  4.0846108416042405e+01
