         0  0.0000000000000000e+00  1.2500000000000000e-01  3.7500000000000000e-01 -0.000000e+00  3.375000e+00 -0.000000e+00  1.562500e+01 -0.000000e+00  8.374023e+01  3.375000e+00  1.562500e+01  1.1250000000000000e+00
        10  2.4999999999999998e-02  1.2495313275519214e-01  3.7488379222815266e-01  1.325525e-02  3.375301e+00  1.325621e-01  1.563092e+01  1.087609e+00  8.381020e+01  3.373816e+00  1.561447e+01  1.1248465514827335e+00
        20  5.0000000000000010e-02  1.2490627702068742e-01  3.7481633538110831e-01  2.650555e-02  3.376203e+00  2.651325e-01  1.564868e+01  2.176405e+00  8.402014e+01  3.370280e+00  1.558304e+01  1.1252294098131606e+00
        30  7.5000000000000025e-02  1.2485942670920043e-01  3.7479752461678939e-01  3.975252e-02  3.377706e+00  3.977855e-01  1.567828e+01  3.268113e+00  8.437032e+01  3.364430e+00  1.553115e+01  1.1261483965805084e+00
        40  1.0000000000000005e-01  1.2481257574470633e-01  3.7482728250115321e-01  5.299777e-02  3.379810e+00  5.305947e-01  1.571972e+01  4.364454e+00  8.486135e+01  3.356328e+00  1.545947e+01  1.1276041851785370e+00
        50  1.2500000000000006e-01  1.2476571805904019e-01  3.7490555866897640e-01  6.624281e-02  3.382515e+00  6.636333e-01  1.577303e+01  5.467149e+00  8.549418e+01  3.346059e+00  1.536895e+01  1.1295982974434775e+00
        60  1.5000000000000008e-01  1.2471884758854078e-01  3.7503232946218096e-01  7.948906e-02  3.385822e+00  7.969735e-01  1.583824e+01  6.577915e+00  8.627006e+01  3.333728e+00  1.526076e+01  1.1321331018323624e+00
        70  1.7500000000000010e-01  1.2467195827074240e-01  3.7520759754619415e-01  9.273786e-02  3.389731e+00  9.306867e-01  1.591539e+01  7.698468e+00  8.719057e+01  3.319461e+00  1.513628e+01  1.1352118131412874e+00
        80  2.0000000000000012e-01  1.2462504404111735e-01  3.7543139150496696e-01  1.059904e-01  3.394244e+00  1.064843e+00  1.600454e+01  8.830524e+00  8.825759e+01  3.303401e+00  1.499707e+01  1.1388384937727933e+00
        90  2.2500000000000014e-01  1.2457809882987034e-01  3.7570376541545270e-01  1.192477e-01  3.399363e+00  1.199513e+00  1.610574e+01  9.975796e+00  8.947332e+01  3.285708e+00  1.484489e+01  1.1430180565713020e+00
       100  2.5000000000000017e-01  1.2453111655878807e-01  3.7602479840245523e-01  1.325106e-01  3.405087e+00  1.334762e+00  1.621906e+01  1.113600e+01  9.084026e+01  3.266558e+00  1.468163e+01  1.1477562692546459e+00
       110  2.7500000000000019e-01  1.2448409113814782e-01  3.7639459417490539e-01  1.457799e-01  3.411420e+00  1.470658e+00  1.634458e+01  1.231285e+01  9.236119e+01  3.246137e+00  1.450929e+01  1.1530597604787294e+00
       120  3.0000000000000021e-01  1.2443701646368330e-01  3.7681328054471358e-01  1.590560e-01  3.418362e+00  1.607266e+00  1.648238e+01  1.350804e+01  9.403918e+01  3.224645e+00  1.432999e+01  1.1589360275809628e+00
       130  3.2500000000000023e-01  1.2438988641361283e-01  3.7728100892944766e-01  1.723392e-01  3.425914e+00  1.744646e+00  1.663255e+01  1.472330e+01  9.587758e+01  3.202288e+00  1.414588e+01  1.1653934460565361e+00
       140  3.5000000000000026e-01  1.2434269484573117e-01  3.7779795384014958e-01  1.856296e-01  3.434078e+00  1.882861e+00  1.679517e+01  1.596032e+01  9.788001e+01  3.179279e+00  1.395920e+01  1.1724412808296683e+00
       150  3.7500000000000028e-01  1.2429543559456539e-01  3.7836431235569146e-01  1.989270e-01  3.442854e+00  2.021968e+00  1.697036e+01  1.722078e+01  1.000503e+02  3.155834e+00  1.377217e+01  1.1800896993898105e+00
       160  4.0000000000000030e-01  1.2424810246859763e-01  3.7898030358507062e-01  2.122308e-01  3.452243e+00  2.162021e+00  1.715819e+01  1.850638e+01  1.023926e+02  3.132174e+00  1.358704e+01  1.1883497868704485e+00
       170  4.2500000000000032e-01  1.2420068924755541e-01  3.7964616811910917e-01  2.255403e-01  3.462245e+00  2.303074e+00  1.735877e+01  1.981877e+01  1.049111e+02  3.108518e+00  1.340601e+01  1.1972335631554352e+00
       180  4.5000000000000034e-01  1.2415318967977008e-01  3.8036216747300511e-01  2.388545e-01  3.472860e+00  2.445174e+00  1.757219e+01  2.115961e+01  1.076104e+02  3.085083e+00  1.323126e+01  1.2067540021050138e+00
       190  4.7500000000000037e-01  1.2410559747960548e-01  3.8112858352117657e-01  2.521721e-01  3.484086e+00  2.588367e+00  1.779854e+01  2.253052e+01  1.104951e+02  3.062083e+00  1.306491e+01  1.2169250530005105e+00
       200  5.0000000000000033e-01  1.2405790632495689e-01  3.8194571792582727e-01  2.654914e-01  3.495923e+00  2.732695e+00  1.803791e+01  2.393309e+01  1.135701e+02  3.039727e+00  1.290899e+01  1.2277616643134968e+00
       210  5.2499999999999980e-01  1.2401010985482143e-01  3.8281389156058909e-01  2.788103e-01  3.508366e+00  2.878193e+00  1.829038e+01  2.536888e+01  1.168403e+02  3.018214e+00  1.276546e+01  1.2392798099115545e+00
       220  5.4999999999999927e-01  1.2396220166693910e-01  3.8373344393056469e-01  2.921267e-01  3.521413e+00  3.024895e+00  1.855602e+01  2.683941e+01  1.203108e+02  2.997739e+00  1.263621e+01  1.2514965178192516e+00
       230  5.7499999999999873e-01  1.2391417531550687e-01  3.8470473258999610e-01  3.054378e-01  3.535060e+00  3.172826e+00  1.883489e+01  2.834614e+01  1.239864e+02  2.978485e+00  1.252300e+01  1.2644299016587426e+00
       240  5.9999999999999820e-01  1.2386602430896482e-01  3.8572813255870980e-01  3.187406e-01  3.549300e+00  3.322009e+00  1.912704e+01  2.989048e+01  1.278725e+02  2.960624e+00  1.242750e+01  1.2780991949004759e+00
       250  6.2499999999999767e-01  1.2381774210785323e-01  3.8680403573836353e-01  3.320318e-01  3.564128e+00  3.472458e+00  1.943248e+01  3.147376e+01  1.319739e+02  2.944317e+00  1.235129e+01  1.2925247880598967e+00
       260  6.4999999999999714e-01  1.2376932212274304e-01  3.8793285032942149e-01  3.453077e-01  3.579534e+00  3.624183e+00  1.975125e+01  3.309723e+01  1.362957e+02  2.929713e+00  1.229580e+01  1.3077282689814422e+00
       270  6.7499999999999660e-01  1.2372075771223884e-01  3.8911500024963586e-01  3.585641e-01  3.595511e+00  3.777185e+00  2.008331e+01  3.476207e+01  1.408425e+02  2.916946e+00  1.226239e+01  1.3237324663560950e+00
       280  6.9999999999999607e-01  1.2367204218105207e-01  3.9035092455468778e-01  3.717966e-01  3.612047e+00  3.931460e+00  2.042865e+01  3.646932e+01  1.456191e+02  2.906138e+00  1.225230e+01  1.3405614966234569e+00
       290  7.2499999999999554e-01  1.2362316877814720e-01  3.9164107686146848e-01  3.850003e-01  3.629131e+00  4.086993e+00  2.078719e+01  3.821994e+01  1.506298e+02  2.897398e+00  1.226666e+01  1.3582408144135341e+00
       300  7.4999999999999500e-01  1.2357413069495986e-01  3.9298592477434385e-01  3.981702e-01  3.646747e+00  4.243763e+00  2.115886e+01  4.001472e+01  1.558785e+02  2.890818e+00  1.230650e+01  1.3767972666872363e+00
       310  7.7499999999999447e-01  1.2352492106368269e-01  3.9438594931456078e-01  4.113006e-01  3.664882e+00  4.401741e+00  2.154352e+01  4.185434e+01  1.613688e+02  2.886479e+00  1.237272e+01  1.3962591507377524e+00
       320  7.9999999999999394e-01  1.2347553295562645e-01  3.9584164435279184e-01  4.243856e-01  3.683517e+00  4.560886e+00  2.194101e+01  4.373930e+01  1.671038e+02  2.884444e+00  1.246616e+01  1.4166562762174655e+00
       330  8.2499999999999341e-01  1.2342595937964790e-01  3.9735351604464092e-01  4.374190e-01  3.702633e+00  4.721150e+00  2.235113e+01  4.566992e+01  1.730860e+02  2.884765e+00  1.258752e+01  1.4380200313567602e+00
       340  8.4999999999999287e-01  1.2337619328064924e-01  3.9892208226873493e-01  4.503941e-01  3.722211e+00  4.882473e+00  2.277365e+01  4.764634e+01  1.793173e+02  2.887477e+00  1.273742e+01  1.4603834535416038e+00
       350  8.7499999999999234e-01  1.2332622753814709e-01  4.0054787206687137e-01  4.633040e-01  3.742227e+00  5.044786e+00  2.320828e+01  4.966846e+01  1.857988e+02  2.892604e+00  1.291634e+01  1.4837813044162256e+00
       360  8.9999999999999181e-01  1.2327605496491038e-01  4.0223142508550574e-01  4.761412e-01  3.762657e+00  5.208008e+00  2.365469e+01  5.173599e+01  1.925306e+02  2.900155e+00  1.312471e+01  1.5082501496751488e+00
       370  9.2499999999999127e-01  1.2322566830567078e-01  4.0397329101766954e-01  4.888983e-01  3.783474e+00  5.372047e+00  2.411248e+01  5.384836e+01  1.995121e+02  2.910124e+00  1.336280e+01  1.5338284437047500e+00
       380  9.4999999999999074e-01  1.2317506023589672e-01  4.0577402904424559e-01  5.015672e-01  3.804649e+00  5.536800e+00  2.458122e+01  5.600476e+01  2.067415e+02  2.922494e+00  1.363080e+01  1.5605566192285534e+00
       390  9.7499999999999021e-01  1.2312422336064487e-01  4.0763420727339938e-01  5.141397e-01  3.826153e+00  5.702151e+00  2.506042e+01  5.820409e+01  2.142159e+02  2.937234e+00  1.392877e+01  1.5884771821017682e+00
       400  9.9999999999998967e-01  1.2307315021347526e-01  4.0955440217670736e-01  5.266073e-01  3.847953e+00  5.867974e+00  2.554952e+01  6.044495e+01  2.219310e+02  2.954302e+00  1.425664e+01  1.6176348113886767e+00
       410  1.0249999999999893e+00  1.2302183325544151e-01  4.1153519802048444e-01  5.389610e-01  3.870015e+00  6.034129e+00  2.604791e+01  6.272562e+01  2.298814e+02  2.973642e+00  1.461423e+01  1.6480764648409032e+00
       420  1.0499999999999887e+00  1.2297026487415015e-01  4.1357718629058465e-01  5.511918e-01  3.892302e+00  6.200464e+00  2.655491e+01  6.504409e+01  2.380600e+02  2.995190e+00  1.500120e+01  1.6798514898744914e+00
       430  1.0749999999999882e+00  1.2291843738289202e-01  4.1568096510885877e-01  5.632904e-01  3.914776e+00  6.366816e+00  2.706978e+01  6.739797e+01  2.464583e+02  3.018867e+00  1.541709e+01  1.7130117401181244e+00
       440  1.0999999999999877e+00  1.2286634301985061e-01  4.1784713863933071e-01  5.752472e-01  3.937399e+00  6.533008e+00  2.759172e+01  6.978454e+01  2.550662e+02  3.044585e+00  1.586125e+01  1.7476116975724265e+00
       450  1.1249999999999871e+00  1.2281397394738146e-01  4.2007631648202065e-01  5.870525e-01  3.960127e+00  6.698852e+00  2.811985e+01  7.220073e+01  2.638718e+02  3.072248e+00  1.633292e+01  1.7837086003802913e+00
       460  1.1499999999999866e+00  1.2276132225137015e-01  4.2236911305231190e-01  5.986963e-01  3.982919e+00  6.864149e+00  2.865323e+01  7.464307e+01  2.728615e+02  3.101747e+00  1.683111e+01  1.8213625761580472e+00
       470  1.1749999999999861e+00  1.2270837994066935e-01  4.2472614694361138e-01  6.101685e-01  4.005729e+00  7.028687e+00  2.919088e+01  7.710775e+01  2.820197e+02  3.132967e+00  1.735469e+01  1.8606367807755211e+00
       480  1.1999999999999855e+00  1.2265513894661516e-01  4.2714804027106701e-01  6.214589e-01  4.028511e+00  7.192244e+00  2.973171e+01  7.959060e+01  2.913293e+02  3.165784e+00  1.790234e+01  1.9015975423975697e+00
       490  1.2249999999999850e+00  1.2260159112262919e-01  4.2963541799403548e-01  6.325572e-01  4.051218e+00  7.354587e+00  3.027461e+01  8.208705e+01  3.007709e+02  3.200064e+00  1.847254e+01  1.9443145105068564e+00
       500  1.2499999999999845e+00  1.2254772824390398e-01  4.3218890721496195e-01  6.434529e-01  4.073802e+00  7.515474e+00  3.081838e+01  8.459219e+01  3.103236e+02  3.235670e+00  1.906359e+01  1.9888608095155387e+00
       510  1.2749999999999839e+00  1.2249354200718075e-01  4.3480913645238833e-01  6.541356e-01  4.096213e+00  7.674654e+00  3.136179e+01  8.710077e+01  3.199643e+02  3.272457e+00  1.967359e+01  2.0353131964384588e+00
       520  1.2999999999999834e+00  1.2243902403061628e-01  4.3749673488577862e-01  6.645946e-01  4.118401e+00  7.831866e+00  3.190354e+01  8.960718e+01  3.296684e+02  3.310273e+00  2.030044e+01  2.0837522219392621e+00
       530  1.3249999999999829e+00  1.2238416585375124e-01  4.4025233156993848e-01  6.748196e-01  4.140317e+00  7.986845e+00  3.244229e+01  9.210553e+01  3.394094e+02  3.348966e+00  2.094189e+01  2.1342623938710639e+00
       540  1.3499999999999823e+00  1.2232895893757136e-01  4.4307655461686057e-01  6.848001e-01  4.161908e+00  8.139318e+00  3.297666e+01  9.458962e+01  3.491590e+02  3.388377e+00  2.159547e+01  2.1869323422123608e+00
       550  1.3749999999999818e+00  1.2227339466468157e-01  4.4597003034293875e-01  6.945255e-01  4.183124e+00  8.289010e+00  3.350523e+01  9.705299e+01  3.588877e+02  3.428345e+00  2.225858e+01  2.2418549840455166e+00
       560  1.3999999999999813e+00  1.2221746433958221e-01  4.4893338237964781e-01  7.039857e-01  4.203915e+00  8.435638e+00  3.402656e+01  9.948895e+01  3.685643e+02  3.468711e+00  2.292848e+01  2.2991276869397965e+00
       570  1.4249999999999807e+00  1.2216115918906115e-01  4.5196723074591932e-01  7.131703e-01  4.224230e+00  8.578922e+00  3.453917e+01  1.018906e+02  3.781567e+02  3.509313e+00  2.360229e+01  2.3588524287853883e+00
       580  1.4499999999999802e+00  1.2210447036270579e-01  4.5507219088072304e-01  7.220694e-01  4.244020e+00  8.718580e+00  3.504159e+01  1.042511e+02  3.876314e+02  3.549990e+00  2.427704e+01  2.4211359517837354e+00
       590  1.4749999999999797e+00  1.2204738893353616e-01  4.5824887263456793e-01  7.306730e-01  4.263236e+00  8.854330e+00  3.553234e+01  1.065631e+02  3.969545e+02  3.590585e+00  2.494967e+01  2.4860899079395513e+00
       600  1.4999999999999791e+00  1.2198990589876844e-01  4.6149787921905039e-01  7.389715e-01  4.281831e+00  8.985894e+00  3.600996e+01  1.088195e+02  4.060913e+02  3.630944e+00  2.561709e+01  2.5538309930317813e+00
       610  1.5249999999999786e+00  1.2193201218071067e-01  4.6481980611388574e-01  7.469554e-01  4.299759e+00  9.112998e+00  3.647297e+01  1.110132e+02  4.150071e+02  3.670918e+00  2.627620e+01  2.6244810656762287e+00
       620  1.5499999999999781e+00  1.2187369862779918e-01  4.6821523993143560e-01  7.546157e-01  4.316977e+00  9.235377e+00  3.691995e+01  1.131371e+02  4.236669e+02  3.710362e+00  2.692389e+01  2.6981672477488927e+00
       630  1.5749999999999775e+00  1.2181495601577955e-01  4.7168475723925796e-01  7.619435e-01  4.333443e+00  9.352770e+00  3.734952e+01  1.151842e+02  4.320363e+02  3.749139e+00  2.755711e+01  2.7750220021326886e+00
       640  1.5999999999999770e+00  1.2175577504903501e-01  4.7522892334189348e-01  7.689302e-01  4.349117e+00  9.464929e+00  3.776032e+01  1.171477e+02  4.400815e+02  3.787119e+00  2.817287e+01  2.8551831835021919e+00
       650  1.6249999999999765e+00  1.2169614636207308e-01  4.7884829102388904e-01  7.755677e-01  4.363964e+00  9.571615e+00  3.815109e+01  1.190210e+02  4.477697e+02  3.824182e+00  2.876829e+01  2.9387940576912466e+00
       660  1.6499999999999759e+00  1.2163606052116836e-01  4.8254339925695627e-01  7.818482e-01  4.377949e+00  9.672605e+00  3.852060e+01  1.207979e+02  4.550694e+02  3.860213e+00  2.934062e+01  3.0260032851174907e+00
       670  1.6749999999999754e+00  1.2157550802617061e-01  4.8631477187511946e-01  7.877642e-01  4.391044e+00  9.767688e+00  3.886773e+01  1.224725e+02  4.619506e+02  3.895111e+00  2.988725e+01  3.1169648637846801e+00
       680  1.6999999999999749e+00  1.2151447931248013e-01  4.9016291622285857e-01  7.933088e-01  4.403220e+00  9.856672e+00  3.919143e+01  1.240393e+02  4.683856e+02  3.928783e+00  3.040577e+01  3.2118380275650136e+00
       690  1.7249999999999743e+00  1.2145296475319133e-01  4.9408832178240814e-01  7.984755e-01  4.414456e+00  9.939378e+00  3.949078e+01  1.254933e+02  4.743487e+02  3.961144e+00  3.089393e+01  3.3107870957912926e+00
       700  1.7499999999999738e+00  1.2139095466141248e-01  4.9809145878766869e-01  8.032581e-01  4.424732e+00  1.001565e+01  3.976492e+01  1.268300e+02  4.798167e+02  3.992123e+00  3.134974e+01  3.4139812706714818e+00
       710  1.7749999999999733e+00  1.2132843929275616e-01  5.0217277683352324e-01  8.076510e-01  4.434033e+00  1.008535e+01  4.001316e+01  1.280454e+02  4.847694e+02  4.021657e+00  3.177143e+01  3.5215943796768587e+00
       720  1.7999999999999727e+00  1.2126540884800296e-01  5.0633270349067971e-01  8.116491e-01  4.442350e+00  1.014837e+01  4.023490e+01  1.291363e+02  4.891895e+02  4.049696e+00  3.215745e+01  3.6338045608469511e+00
       730  1.8249999999999722e+00  1.2120185347594077e-01  5.1057164293754642e-01  8.152476e-01  4.449676e+00  1.020460e+01  4.042967e+01  1.300998e+02  4.930630e+02  4.076197e+00  3.250654e+01  3.7507938898884814e+00
       740  1.8499999999999717e+00  1.2113776327636790e-01  5.1488997462198904e-01  8.184423e-01  4.456011e+00  1.025398e+01  4.059715e+01  1.309341e+02  4.963792e+02  4.101131e+00  3.281772e+01  3.8727479490059293e+00
       750  1.8749999999999711e+00  1.2107312830326702e-01  5.1928805196700878e-01  8.212296e-01  4.461357e+00  1.029645e+01  4.073715e+01  1.316376e+02  4.991311e+02  4.124478e+00  3.309025e+01  3.9998553385656770e+00
       760  1.8999999999999706e+00  1.2100793856813247e-01  5.2376620113558015e-01  8.236062e-01  4.465723e+00  1.033198e+01  4.084962e+01  1.322098e+02  5.013150e+02  4.146229e+00  3.332371e+01  4.1323071339385926e+00
       770  1.9249999999999701e+00  1.2094218404344899e-01  5.2832471987082108e-01  8.255694e-01  4.469123e+00  1.036058e+01  4.093465e+01  1.326507e+02  5.029310e+02  4.166385e+00  3.351795e+01  4.2702962911555957e+00
       780  1.9499999999999695e+00  1.2087585466631168e-01  5.3296387642851439e-01  8.271169e-01  4.471574e+00  1.038225e+01  4.099246e+01  1.329609e+02  5.039827e+02  4.184958e+00  3.367316e+01  4.4140170063171000e+00
       790  1.9749999999999690e+00  1.2080894034216859e-01  5.3768390861953563e-01  8.282469e-01  4.473100e+00  1.039703e+01  4.102343e+01  1.331420e+02  5.044773e+02  4.201970e+00  3.378978e+01  4.5636640349848738e+00
       800  1.9999999999999685e+00  1.2074143094867994e-01  5.4248502298011436e-01  8.289581e-01  4.473728e+00  1.040499e+01  4.102806e+01  1.331958e+02  5.044253e+02  4.217456e+00  3.386859e+01  4.7194319790238186e+00
       810  2.0249999999999679e+00  1.2067331633966882e-01  5.4736739408788404e-01  8.292496e-01  4.473492e+00  1.040619e+01  4.100700e+01  1.331251e+02  5.038407e+02  4.231459e+00  3.391069e+01  4.8815145495185890e+00
       820  2.0499999999999674e+00  1.2060458634914843e-01  5.5233116404150717e-01  8.291210e-01  4.472427e+00  1.040075e+01  4.096100e+01  1.329331e+02  5.027403e+02  4.244034e+00  3.391747e+01  5.0501038154408340e+00
       830  2.0749999999999669e+00  1.2053523079540296e-01  5.5737644212114124e-01  8.285722e-01  4.470578e+00  1.038876e+01  4.089096e+01  1.326236e+02  5.011439e+02  4.255245e+00  3.389065e+01  5.2253894486620274e+00
       840  2.0999999999999663e+00  1.2046523948509934e-01  5.6250330464622855e-01  8.276036e-01  4.467989e+00  1.037037e+01  4.079787e+01  1.322009e+02  4.990741e+02  4.265168e+00  3.383227e+01  5.4075579766783717e+00
       850  2.1249999999999658e+00  1.2039460221740468e-01  5.6771179504605385e-01  8.262159e-01  4.464712e+00  1.034571e+01  4.068285e+01  1.316697e+02  4.965557e+02  4.273890e+00  3.374469e+01  5.5967920550232950e+00
       860  2.1499999999999653e+00  1.2032330878807757e-01  5.7300192415720730e-01  8.244103e-01  4.460801e+00  1.031494e+01  4.054710e+01  1.310352e+02  4.936156e+02  4.281506e+00  3.363056e+01  5.7932697717845443e+00
       870  2.1749999999999647e+00  1.2025134899351032e-01  5.7837367076053925e-01  8.221882e-01  4.456317e+00  1.027823e+01  4.039193e+01  1.303027e+02  4.902825e+02  4.288122e+00  3.349288e+01  5.9971639969134936e+00
       880  2.1999999999999642e+00  1.2017871263468775e-01  5.8382698236846142e-01  8.195515e-01  4.451321e+00  1.023576e+01  4.021871e+01  1.294780e+02  4.865867e+02  4.293855e+00  3.333492e+01  6.2086417891188148e+00
       890  2.2249999999999637e+00  1.2010538952103333e-01  5.8936177627153807e-01  8.165021e-01  4.445879e+00  1.018770e+01  4.002891e+01  1.285669e+02  4.825594e+02  4.298829e+00  3.316025e+01  6.4278638730823205e+00
       900  2.2499999999999631e+00  1.2003136947410249e-01  5.9497794085125477e-01  8.130424e-01  4.440062e+00  1.013424e+01  3.982403e+01  1.275756e+02  4.782331e+02  4.303175e+00  3.297271e+01  6.6549841995346508e+00
       910  2.2749999999999626e+00  1.1995664233110256e-01  6.0067533716373422e-01  8.091751e-01  4.433942e+00  1.007556e+01  3.960567e+01  1.265100e+02  4.736407e+02  4.307036e+00  3.277642e+01  6.8901496003952323e+00
       920  2.2999999999999621e+00  1.1988119794819165e-01  6.0645380079695821e-01  8.049030e-01  4.427595e+00  1.001186e+01  3.937543e+01  1.253763e+02  4.688154e+02  4.310558e+00  3.257573e+01  7.1334995507343582e+00
       930  2.3249999999999615e+00  1.1980502620353274e-01  6.1231314400183812e-01  8.002292e-01  4.421099e+00  9.943320e+00  3.913499e+01  1.241804e+02  4.637906e+02  4.313896e+00  3.237521e+01  7.3851660487700963e+00
       940  2.3499999999999610e+00  1.1972811700006041e-01  6.1825315809528669e-01  7.951571e-01  4.414535e+00  9.870116e+00  3.888604e+01  1.229284e+02  4.585996e+02  4.317207e+00  3.217962e+01  7.6452736244890147e+00
       950  2.3749999999999605e+00  1.1965046026793412e-01  6.2427361613128929e-01  7.896900e-01  4.407986e+00  9.792423e+00  3.863031e+01  1.216259e+02  4.532752e+02  4.320655e+00  3.199392e+01  7.9139394867922244e+00
       960  2.3999999999999599e+00  1.1957204596664067e-01  6.3037427583389960e-01  7.838317e-01  4.401536e+00  9.710405e+00  3.836954e+01  1.202783e+02  4.478500e+02  4.324407e+00  3.182316e+01  8.1912738183332667e+00
       970  2.4249999999999594e+00  1.1949286408671071e-01  6.3655488278411110e-01  7.775860e-01  4.395272e+00  9.624218e+00  3.810549e+01  1.188909e+02  4.423558e+02  4.328629e+00  3.167254e+01  8.4773802264418947e+00
       980  2.4499999999999589e+00  1.1941290465102725e-01  6.4281517385069720e-01  7.709569e-01  4.389281e+00  9.534004e+00  3.783993e+01  1.174685e+02  4.368237e+02  4.333493e+00  3.154733e+01  8.7723563577300485e+00
       990  2.4749999999999583e+00  1.1933215771568599e-01  6.4915488085339346e-01  7.639486e-01  4.383651e+00  9.439889e+00  3.757464e+01  1.160155e+02  4.312840e+02  4.339167e+00  3.145284e+01  9.0762946831531917e+00
      1000  2.4999999999999578e+00  1.1925061337038773e-01  6.5557373444519007e-01  7.565654e-01  4.378474e+00  9.341988e+00  3.731140e+01  1.145359e+02  4.257663e+02  4.345821e+00  3.139441e+01  9.3892834594615433e+00
      1010  2.5249999999999573e+00  1.1916826173832987e-01  6.6207146819905938e-01  7.488116e-01  4.373837e+00  9.240395e+00  3.705202e+01  1.130333e+02  4.202992e+02  4.353621e+00  3.137737e+01  9.7114078721119590e+00
      1020  2.5499999999999567e+00  1.1908509297557690e-01  6.6864782288306834e-01  7.406919e-01  4.369833e+00  9.135189e+00  3.679827e+01  1.115106e+02  4.149106e+02  4.362732e+00  3.140700e+01  1.0042751363826634e+01
      1030  2.5749999999999562e+00  1.1900109726988661e-01  6.7530255090663260e-01  7.322109e-01  4.366550e+00  9.026428e+00  3.655195e+01  1.099703e+02  4.096277e+02  4.373313e+00  3.148853e+01  1.0383397152068373e+01
      1040  2.5999999999999557e+00  1.1891626483896763e-01  6.8203542091953318e-01  7.233735e-01  4.364078e+00  8.914154e+00  3.631487e+01  1.084142e+02  4.044772e+02  4.385521e+00  3.162706e+01  1.0733429937749067e+01
      1050  2.6249999999999551e+00  1.1883058592815732e-01  6.8884622254419348e-01  7.141847e-01  4.362507e+00  8.798384e+00  3.608882e+01  1.068437e+02  3.994850e+02  4.399504e+00  3.182756e+01  1.1092937806487010e+01
      1060  2.6499999999999546e+00  1.1874405080750057e-01  6.9573477122076166e-01  7.046496e-01  4.361924e+00  8.679120e+00  3.587563e+01  1.052594e+02  3.946769e+02  4.415407e+00  3.209481e+01  1.1462014322663810e+01
      1070  2.6749999999999541e+00  1.1865664976821404e-01  7.0270091314357264e-01  6.947735e-01  4.362416e+00  8.556340e+00  3.567709e+01  1.036612e+02  3.900786e+02  4.433366e+00  3.243335e+01  1.1840760815383558e+01
      1080  2.6999999999999535e+00  1.1856837311853283e-01  7.0974453026655482e-01  6.845619e-01  4.364068e+00  8.430003e+00  3.549504e+01  1.020485e+02  3.857157e+02  4.453508e+00  3.284746e+01  1.2229288854168198e+01
      1090  2.7249999999999530e+00  1.1847921117892621e-01  7.1686554535433911e-01  6.740203e-01  4.366962e+00  8.300049e+00  3.533132e+01  1.004200e+02  3.816142e+02  4.475955e+00  3.334111e+01  1.2627722910789014e+01
      1100  2.7499999999999525e+00  1.1838915427668253e-01  7.2406392705491163e-01  6.631545e-01  4.371180e+00  8.166400e+00  3.518776e+01  9.877353e+01  3.778006e+02  4.500818e+00  3.391799e+01  1.3036203201963756e+01
      1110  2.7749999999999519e+00  1.1829819273985644e-01  7.3133969496898321e-01  6.519706e-01  4.376797e+00  8.028961e+00  3.506623e+01  9.710646e+01  3.743021e+02  4.528201e+00  3.458148e+01  1.3454888705657865e+01
      1120  2.7999999999999514e+00  1.1820631689058947e-01  7.3869292469059322e-01  6.404746e-01  4.383889e+00  7.887621e+00  3.496860e+01  9.541535e+01  3.711472e+02  4.558199e+00  3.533479e+01  1.3883960341309557e+01
      1130  2.8249999999999509e+00  1.1811351703779847e-01  7.4612375279319898e-01  6.286729e-01  4.392525e+00  7.742254e+00  3.489675e+01  9.369609e+01  3.683655e+02  4.590900e+00  3.618101e+01  1.4323624301344106e+01
      1140  2.8499999999999504e+00  1.1801978346925047e-01  7.5363238173546465e-01  6.165720e-01  4.402771e+00  7.592723e+00  3.485255e+01  9.194392e+01  3.659880e+02  4.626384e+00  3.712326e+01  1.4774115517751133e+01
      1150  2.8749999999999498e+00  1.1792510644302560e-01  7.6121908466136246e-01  6.041788e-01  4.414690e+00  7.438882e+00  3.483790e+01  9.015340e+01  3.640476e+02  4.664724e+00  3.816482e+01  1.5235701243197456e+01
      1160  2.8999999999999493e+00  1.1782947617839429e-01  7.6888421007027330e-01  5.915000e-01  4.428337e+00  7.280580e+00  3.485470e+01  8.831853e+01  3.625789e+02  4.705985e+00  3.930918e+01  1.5708684721135548e+01
      1170  2.9249999999999488e+00  1.1773288284611307e-01  7.7662818633422381e-01  5.785430e-01  4.443762e+00  7.117661e+00  3.490480e+01  8.643275e+01  3.616179e+02  4.750225e+00  4.056000e+01  1.6193408913715839e+01
      1180  2.9499999999999482e+00  1.1763531655817384e-01  7.8445152604177748e-01  5.653149e-01  4.461011e+00  6.949970e+00  3.499007e+01  8.448907e+01  3.612025e+02  4.797494e+00  4.192083e+01  1.6690260250214717e+01
      1190  2.9749999999999477e+00  1.1753676735701450e-01  7.9235483015085517e-01  5.518235e-01  4.480121e+00  6.777357e+00  3.511231e+01  8.248018e+01  3.613715e+02  4.847831e+00  4.339466e+01  1.7199672352454680e+01
      1200  2.9999999999999472e+00  1.1743722520423028e-01  8.0033879193611435e-01  5.380764e-01  4.501122e+00  6.599682e+00  3.527328e+01  8.039865e+01  3.621646e+02  4.901264e+00  4.498315e+01  1.7722129687737073e+01
      1210  3.0249999999999466e+00  1.1733667996879933e-01  8.0840420072009145e-01  5.240815e-01  4.524037e+00  6.416816e+00  3.547461e+01  7.823707e+01  3.636212e+02  4.957806e+00  4.668573e+01  1.8258171094624494e+01
      1220  3.0499999999999461e+00  1.1723512141486077e-01  8.1655194538043718e-01  5.098470e-01  4.548881e+00  6.228654e+00  3.571787e+01  7.598833e+01  3.657799e+02  5.017453e+00  4.849872e+01  1.8808393123009097e+01
      1230  3.0749999999999456e+00  1.1713253918906331e-01  8.2478301762824235e-01  4.953812e-01  4.575660e+00  6.035110e+00  3.600442e+01  7.364583e+01  3.686779e+02  5.080184e+00  5.041462e+01  1.9373453127736795e+01
      1240  3.0999999999999450e+00  1.1702892280752324e-01  8.3309851505315224e-01  4.806926e-01  4.604372e+00  5.836134e+00  3.633548e+01  7.120371e+01  3.723494e+02  5.145956e+00  5.242210e+01  1.9954072054928787e+01
      1250  3.1249999999999445e+00  1.1692426164241448e-01  8.4149964392980015e-01  4.657897e-01  4.635003e+00  5.631704e+00  3.671204e+01  6.865701e+01  3.768259e+02  5.214713e+00  5.450665e+01  2.0551036862125535e+01
      1260  3.1499999999999440e+00  1.1681854490822220e-01  8.4998772177554549e-01  4.506813e-01  4.667534e+00  5.421840e+00  3.713484e+01  6.600186e+01  3.821350e+02  5.286385e+00  5.665236e+01  2.1165202517266344e+01
      1270  3.1749999999999434e+00  1.1671176164769588e-01  8.5856417964146980e-01  4.353762e-01  4.701934e+00  5.206600e+00  3.760438e+01  6.323550e+01  3.883008e+02  5.360901e+00  5.884456e+01  2.1797493526790248e+01
      1280  3.1999999999999429e+00  1.1660390071752941e-01  8.6723056410662569e-01  4.198833e-01  4.738164e+00  4.986084e+00  3.812091e+01  6.035626e+01  3.953436e+02  5.438199e+00  6.107299e+01  2.2448904949026382e+01
      1290  3.2249999999999424e+00  1.1649495077381816e-01  8.7598853892965067e-01  4.042113e-01  4.776174e+00  4.760429e+00  3.868444e+01  5.736350e+01  4.032811e+02  5.518245e+00  6.333507e+01  2.3120502854569754e+01
      1300  3.2499999999999418e+00  1.1638490025732863e-01  8.8483988629314214e-01  3.883690e-01  4.815910e+00  4.529809e+00  3.929473e+01  5.425740e+01  4.121284e+02  5.601051e+00  6.563837e+01  2.3813424199549218e+01
      1310  3.2749999999999413e+00  1.1627373737864645e-01  8.9378650755559874e-01  3.723650e-01  4.857307e+00  4.294424e+00  3.995135e+01  5.103880e+01  4.218988e+02  5.686695e+00  6.800168e+01  2.4528876079767961e+01
      1320  3.2999999999999408e+00  1.1616145010326445e-01  9.0283042340570230e-01  3.562077e-01  4.900295e+00  4.054498e+00  4.065371e+01  4.770903e+01  4.326040e+02  5.775339e+00  7.045431e+01  2.5268134333186222e+01
      1330  3.3249999999999402e+00  1.1604802613669490e-01  9.1197377329649998e-01  3.399051e-01  4.944798e+00  3.810270e+00  4.140106e+01  4.426977e+01  4.442541e+02  5.867244e+00  7.303338e+01  2.6032541455207294e+01
      1340  3.3499999999999397e+00  1.1593345290970461e-01  9.2121881402580430e-01  3.234651e-01  4.990733e+00  3.561985e+00  4.219251e+01  4.072301e+01  4.568568e+02  5.962777e+00  7.577989e+01  2.6823503786431949e+01
      1350  3.3749999999999392e+00  1.1581771756378968e-01  9.3056791732662036e-01  3.068950e-01  5.038016e+00  3.309887e+00  4.302704e+01  3.707106e+01  4.704160e+02  6.062411e+00  7.873402e+01  2.7642487927358296e+01
      1360  3.3999999999999386e+00  1.1570080693701718e-01  9.4002356634016204e-01  2.902019e-01  5.086556e+00  3.054214e+00  4.390350e+01  3.331665e+01  4.849305e+02  6.166724e+00  8.193114e+01  2.8491016330854059e+01
      1370  3.4249999999999381e+00  1.1558270755038610e-01  9.4958835086597770e-01  2.733926e-01  5.136263e+00  2.795195e+00  4.482058e+01  2.946307e+01  5.003921e+02  6.276382e+00  8.539915e+01  2.9370662023442968e+01
      1380  3.4499999999999376e+00  1.1546340559486173e-01  9.5926496131919126e-01  2.564735e-01  5.187041e+00  2.533046e+00  4.577677e+01  2.551428e+01  5.167841e+02  6.392128e+00  8.915816e+01  3.0283042412891863e+01
      1390  3.4749999999999370e+00  1.1534288691924620e-01  9.6905618137338512e-01  2.394511e-01  5.238795e+00  2.267972e+00  4.677038e+01  2.147499e+01  5.340802e+02  6.514765e+00  9.322249e+01  3.1229812154350061e+01
      1400  3.4999999999999365e+00  1.1522113701905404e-01  9.7896487932663556e-01  2.223319e-01  5.291425e+00  2.000165e+00  4.779949e+01  1.735069e+01  5.522445e+02  6.645147e+00  9.760460e+01  3.2212655071809145e+01
      1410  3.5249999999999360e+00  1.1509814102653743e-01  9.8899399829392742e-01  2.051225e-01  5.344832e+00  1.729811e+00  4.886193e+01  1.314748e+01  5.712313e+02  6.784177e+00  1.023203e+02  3.3233275166360094e+01
      1420  3.5499999999999354e+00  1.1497388370200250e-01  9.9914654539685765e-01  1.878303e-01  5.398914e+00  1.457084e+00  4.995535e+01  8.871970e+00  5.909869e+02  6.932806e+00  1.073944e+02  3.4293386786877804e+01
      1430  3.5749999999999349e+00  1.1484834942653367e-01  1.0094255801849963e+00  1.704631e-01  5.453569e+00  1.182155e+00  5.107715e+01  4.530965e+00  6.114503e+02  7.092048e+00  1.128654e+02  3.5394704090307428e+01
      1440  3.5999999999999344e+00  1.1472152219619129e-01  1.0198342025774185e+00  1.530298e-01  5.508692e+00  9.051875e-01  5.222458e+01  1.312682e-01  6.325554e+02  7.263002e+00  1.187895e+02  3.6538929974401768e+01
      1450  3.6249999999999338e+00  1.1459338561773404e-01  1.0303755406514683e+00  1.355405e-01  5.564180e+00  6.263438e-01  5.339474e+01 -4.320577e+00  6.542322e+02  7.446877e+00  1.252434e+02  3.7727744721306408e+01
      1460  3.6499999999999333e+00  1.1446392290585897e-01  1.0410527386251529e+00  1.180067e-01  5.619929e+00  3.457814e-01  5.458462e+01 -8.818460e+00  6.764080e+02  7.645019e+00  1.323266e+02  3.8962794640927029e+01
      1470  3.6749999999999328e+00  1.1433311688191235e-01  1.0518689453763759e+00  1.004414e-01  5.675837e+00  6.365476e-02  5.579116e+01 -1.335684e+01  6.990086e+02  7.858944e+00  1.401627e+02  4.0245681043474889e+01
      1480  3.6999999999999322e+00  1.1420094997398460e-01  1.0628273038150973e+00  8.285903e-02  5.731804e+00 -2.198853e-01  5.701125e+01 -1.793083e+01  7.219594e+02  8.090361e+00  1.489014e+02  4.1577949896167844e+01
      1490  3.7249999999999317e+00  1.1406740421826810e-01  1.0739309413742479e+00  6.527603e-02  5.787733e+00 -5.046922e-01  5.824181e+01 -2.253632e+01  7.451863e+02  8.341192e+00  1.587216e+02  4.2961082525684844e+01
      1500  3.7499999999999312e+00  1.1393246126152076e-01  1.0851829618128677e+00  4.771046e-02  5.843535e+00 -7.906247e-01  5.947985e+01 -2.717008e+01  7.686175e+02  8.613580e+00  1.698334e+02  4.4396487712542914e+01
      1510  3.7749999999999306e+00  1.1379610236446507e-01  1.0965864384337300e+00  3.018209e-02  5.899124e+00 -1.077548e+00  6.072248e+01 -3.182991e+01  7.921852e+02  8.909889e+00  1.824822e+02  4.5885495484235769e+01
      1520  3.7999999999999301e+00  1.1365830840594940e-01  1.1081444087099055e+00  1.271243e-02  5.954426e+00 -1.365333e+00  6.196704e+01 -3.651486e+01  8.158287e+02  9.232686e+00  1.969515e+02  4.7429352850120601e+01
      1530  3.8249999999999296e+00  1.1351905988769194e-01  1.1198598701938800e+00 -4.675325e-03  6.009375e+00 -1.653859e+00  6.321113e+01 -4.122543e+01  8.394960e+02  9.584708e+00  2.135647e+02  4.9029221633237889e+01
      1540  3.8499999999999290e+00  1.1337833693947226e-01  1.1317357774507339e+00 -2.195633e-02  6.063918e+00 -1.943012e+00  6.445267e+01 -4.596369e+01  8.631471e+02  9.968815e+00  2.326862e+02  5.0686178444069569e+01
      1550  3.8749999999999285e+00  1.1323611932465925e-01  1.1437750396158495e+00 -3.910409e-02  6.118012e+00 -2.232677e+00  6.569000e+01 -5.073341e+01  8.867554e+02  1.038793e+01  2.547202e+02  5.2401216711156664e+01
      1560  3.8999999999999280e+00  1.1309238644603149e-01  1.1559805180292013e+00 -5.609043e-02  6.171632e+00 -2.522738e+00  6.692189e+01 -5.553993e+01  9.103091e+02  1.084494e+01  2.801068e+02  5.4175250536755385e+01
      1570  3.9249999999999274e+00  1.1294711735192177e-01  1.1683550232444719e+00 -7.288543e-02  6.224767e+00 -2.813069e+00  6.814760e+01 -6.039001e+01  9.338115e+02  1.134263e+01  3.093164e+02  5.6009119986498575e+01
      1580  3.9499999999999269e+00  1.1280029074281749e-01  1.1809013105556265e+00 -8.945732e-02  6.277419e+00 -3.103519e+00  6.936687e+01 -6.529146e+01  9.572807e+02  1.188356e+01  3.428411e+02  5.7903597255675180e+01
      1590  3.9749999999999264e+00  1.1265188497866206e-01  1.1936220730316194e+00 -1.057723e-01  6.329610e+00 -3.393907e+00  7.057996e+01 -7.025272e+01  9.807495e+02  1.246993e+01  3.811836e+02  5.9859392988269484e+01
      1600  3.9999999999999258e+00  1.1250187808723763e-01  1.2065199309108112e+00 -1.217945e-01  6.381376e+00 -3.684002e+00  7.178764e+01 -7.528237e+01  1.004264e+03  1.310349e+01  4.248438e+02  6.1877161867547500e+01
      1610  4.0249999999999293e+00  1.1235024777416891e-01  1.2195974160931700e+00 -1.374854e-01  6.432768e+00 -3.973513e+00  7.299121e+01 -8.038870e+01  1.027885e+03  1.378539e+01  4.743033e+02  6.3957506460748903e+01
      1620  4.0499999999999332e+00  1.1219697143523003e-01  1.2328569503975386e+00 -1.528038e-01  6.483855e+00 -4.262074e+00  7.419249e+01 -8.557934e+01  1.051688e+03  1.451608e+01  5.300075e+02  6.6100978200463103e+01
      1630  4.0749999999999371e+00  1.1204202617183154e-01  1.2463008162435050e+00 -1.677057e-01  6.534717e+00 -4.549232e+00  7.539388e+01 -9.086098e+01  1.075763e+03  1.529516e+01  5.923468e+02  6.8308074339543666e+01
      1640  4.0999999999999410e+00  1.1188538881071111e-01  1.2599311184951307e+00 -1.821433e-01  6.585451e+00 -4.834436e+00  7.659838e+01 -9.623921e+01  1.100221e+03  1.612131e+01  6.616366e+02  7.0579229745114304e+01
      1650  4.1249999999999449e+00  1.1172703592899413e-01  1.2737497363885293e+00 -1.960655e-01  6.636159e+00 -5.117024e+00  7.780963e+01 -1.017185e+02  1.125195e+03  1.699222e+01  7.380968e+02  7.2914802520938551e+01
      1660  4.1499999999999488e+00  1.1156694388592781e-01  1.2877582647753365e+00 -2.094167e-01  6.686957e+00 -5.396212e+00  7.903196e+01 -1.073023e+02  1.150845e+03  1.790447e+01  8.218314e+02  7.5315052684729707e+01
      1670  4.1749999999999527e+00  1.1140508886264283e-01  1.3019579443597180e+00 -2.221371e-01  6.737962e+00 -5.671078e+00  8.027039e+01 -1.129928e+02  1.177360e+03  1.885355e+01  9.128092e+02  7.7780113491124794e+01
      1680  4.1999999999999567e+00  1.1124144691131176e-01  1.3163495811868364e+00 -2.341618e-01  6.789293e+00 -5.940545e+00  8.153062e+01 -1.187910e+02  1.204964e+03  1.983382e+01  1.010845e+03  8.0309955486218598e+01
      1690  4.2249999999999606e+00  1.1107599401499604e-01  1.3309334563404709e+00 -2.454214e-01  6.841062e+00 -6.203356e+00  8.281896e+01 -1.246962e+02  1.233915e+03  2.083852e+01  1.115583e+03  8.2904343997064700e+01
      1700  4.2499999999999645e+00  1.1090870615930383e-01  1.3457092275929770e+00 -2.558410e-01  6.893371e+00 -6.458039e+00  8.414212e+01 -1.307053e+02  1.264505e+03  2.185989e+01  1.226482e+03  8.5562791474465968e+01
      1710  4.2749999999999684e+00  1.1073955941671705e-01  1.3606758255721270e+00 -2.653408e-01  6.946303e+00 -6.702869e+00  8.550693e+01 -1.368109e+02  1.297056e+03  2.288919e+01  1.342806e+03  8.8284506876318332e+01
      1720  4.2999999999999723e+00  1.1056853004407027e-01  1.3758313477977182e+00 -2.738363e-01  6.999915e+00 -6.935812e+00  8.691995e+01 -1.429992e+02  1.331902e+03  2.391685e+01  1.463616e+03  9.1068345039272614e+01
      1730  4.3249999999999762e+00  1.1039559459320133e-01  1.3911729546153209e+00 -2.812388e-01  7.054230e+00 -7.154476e+00  8.838697e+01 -1.492464e+02  1.369379e+03  2.493269e+01  1.587770e+03  9.3912759658776025e+01
      1740  4.3499999999999801e+00  1.1022073003426483e-01  1.4066967715263183e+00 -2.874563e-01  7.109232e+00 -7.356048e+00  8.991235e+01 -1.555152e+02  1.409791e+03  2.592605e+01  1.713935e+03  9.6815763988751982e+01
      1750  4.3749999999999840e+00  1.1004391389061437e-01  1.4223978025950701e+00 -2.923947e-01  7.164861e+00 -7.537252e+00  9.149843e+01 -1.617490e+02  1.453386e+03  2.688610e+01  1.840599e+03  9.9774903583547058e+01
      1760  4.3999999999999879e+00  1.0986512438358668e-01  1.4382698594298233e+00 -2.959593e-01  7.221008e+00 -7.694318e+00  9.314496e+01 -1.678682e+02  1.500315e+03  2.780211e+01  1.966111e+03  1.0278724524152048e+02
      1770  4.4249999999999918e+00  1.0968434058499085e-01  1.4543055096317601e+00 -2.980571e-01  7.277523e+00 -7.822997e+00  9.484868e+01 -1.737651e+02  1.550604e+03  2.866379e+01  2.088717e+03  1.0584938569340144e+02
      1780  4.4499999999999957e+00  1.0950154257467978e-01  1.4704960475701165e+00 -2.985986e-01  7.334216e+00 -7.918612e+00  9.660313e+01 -1.793016e+02  1.604122e+03  2.946165e+01  2.206625e+03  1.0895748246126779e+02
      1790  4.4749999999999996e+00  1.0931671160030670e-01  1.4868314889001653e+00 -2.975006e-01  7.390869e+00 -7.976178e+00  9.839890e+01 -1.843093e+02  1.660570e+03  3.018737e+01  2.318071e+03  1.1210730769268173e+02
      1800  4.5000000000000036e+00  1.0912983023630579e-01  1.5033005884797759e+00 -2.946889e-01  7.447252e+00 -7.990581e+00  1.002242e+02 -1.885918e+02  1.719485e+03  3.083420e+01  2.421400e+03  1.1529432370467293e+02
      1810  4.5250000000000075e+00  1.0894088253929229e-01  1.5198908794003942e+00 -2.901014e-01  7.503143e+00 -7.956812e+00  1.020659e+02 -1.919324e+02  1.780262e+03  3.139730e+01  2.515143e+03  1.1851377657834240e+02
      1820  4.5500000000000114e+00  1.0874985419748755e-01  1.5365887289249964e+00 -2.836903e-01  7.558348e+00 -7.870242e+00  1.039107e+02 -1.941027e+02  1.842197e+03  3.187405e+01  2.598094e+03  1.2176080162512751e+02
      1830  4.5750000000000153e+00  1.0855673267240626e-01  1.5533794054550594e+00 -2.754253e-01  7.612717e+00 -7.726902e+00  1.057467e+02 -1.948756e+02  1.904549e+03  3.226425e+01  2.669365e+03  1.2503053216862037e+02
      1840  4.6000000000000192e+00  1.0836150733185995e-01  1.5702471494873973e+00 -2.652956e-01  7.666171e+00 -7.523737e+00  1.075648e+02 -1.940378e+02  1.966607e+03  3.257024e+01  2.728436e+03  1.2831820117512353e+02
      1850  4.6250000000000231e+00  1.0816416957423571e-01  1.5871752411154432e+00 -2.533117e-01  7.718705e+00 -7.258787e+00  1.093598e+02 -1.914013e+02  2.027751e+03  3.279676e+01  2.775158e+03  1.3161922417277739e+02
      1860  4.6500000000000270e+00  1.0796471294492829e-01  1.6041460571743436e+00 -2.395069e-01  7.770392e+00 -6.931280e+00  1.111307e+02 -1.868129e+02  2.087512e+03  3.295072e+01  2.809748e+03  1.3492925195860181e+02
      1870  4.6750000000000309e+00  1.0776313324656366e-01  1.6211411127299193e+00 -2.239379e-01  7.821376e+00 -6.541601e+00  1.128812e+02 -1.801584e+02  2.145606e+03  3.304074e+01  2.832740e+03  1.3824418306939265e+02
      1880  4.7000000000000348e+00  1.0755942864516507e-01  1.6381410842406121e+00 -2.066848e-01  7.871850e+00 -6.091170e+00  1.146184e+02 -1.713632e+02  2.201950e+03  3.307653e+01  2.844929e+03  1.4156012901557006e+02
      1890  4.7250000000000387e+00  1.0735359977454689e-01  1.6551258151896671e+00 -1.878510e-01  7.922027e+00 -5.582242e+00  1.163517e+02 -1.603890e+02  2.256655e+03  3.306812e+01  2.847291e+03  1.4487332977904157e+02
      1900  4.7500000000000426e+00  1.0714564984085356e-01  1.6720743089309371e+00 -1.675617e-01  7.972102e+00 -5.017681e+00  1.180910e+02 -1.472282e+02  2.309995e+03  3.302508e+01  2.840897e+03  1.4818002274510010e+02
      1910  4.7750000000000465e+00  1.0693558472835411e-01  1.6889647174024793e+00 -1.459627e-01  8.022211e+00 -4.400768e+00  1.198448e+02 -1.318985e+02  2.362368e+03  3.295570e+01  2.826843e+03  1.5147627450318771e+02
      1920  4.8000000000000504e+00  1.0672341310627372e-01  1.7057743376274013e+00 -1.232186e-01  8.072396e+00 -3.735079e+00  1.216188e+02 -1.144400e+02  2.414246e+03  3.286636e+01  2.806170e+03  1.5475779101491662e+02
      1930  4.8250000000000544e+00  1.0650914653484400e-01  1.7224796299246559e+00 -9.951078e-02  8.122574e+00 -3.024463e+00  1.234142e+02 -9.491469e+01  2.466125e+03  3.276099e+01  2.779811e+03  1.5801972657788670e+02
      1940  4.8500000000000583e+00  1.0629279956695697e-01  1.7390562719854135e+00 -7.503473e-02  8.172521e+00 -2.273115e+00  1.252275e+02 -7.341047e+01  2.518475e+03  3.264089e+01  2.748546e+03  1.6125651489047161e+02
      1950  4.8750000000000622e+00  1.0607438984014905e-01  1.7554792611544165e+00 -4.999769e-02  8.221874e+00 -1.485722e+00  1.270500e+02 -5.004741e+01  2.571699e+03  3.250483e+01  2.712973e+03  1.6446174562071448e+02
      1960  4.9000000000000661e+00  1.0585393815230275e-01  1.7717230734341001e+00 -2.461543e-02  8.270140e+00 -6.676300e-01  1.288689e+02 -2.498507e+01  2.626094e+03  3.234938e+01  2.673497e+03  1.6762810685378034e+02
      1970  4.9250000000000700e+00  1.0563146851373016e-01  1.7877618823101094e+00  8.912694e-04  8.316731e+00  1.750162e-01  1.306672e+02  1.571203e+00  2.681814e+03  3.216960e+01  2.630342e+03  1.7074740779817336e+02
      1980  4.9500000000000739e+00  1.0540700816829070e-01  1.8035698342116182e+00  2.630067e-02  8.360997e+00  1.035200e+00  1.324254e+02  2.936660e+01  2.738845e+03  3.195988e+01  2.583584e+03  1.7381068787592542e+02
      1990  4.9750000000000778e+00  1.0518058757699233e-01  1.8191213712006844e+00  5.139474e-02  8.402276e+00  1.905061e+00  1.341222e+02  5.809707e+01  2.796967e+03  3.171482e+01  2.533198e+03  1.7680840896228815e+02
      2000  5.0000000000000817e+00  1.0495224035904326e-01  1.8343915862789055e+00  7.596419e-02  8.439932e+00  2.776022e+00  1.357356e+02  8.741366e+01  2.855743e+03  3.143013e+01  2.479136e+03  1.7973071846938791e+02
      2010  5.0250000000000856e+00  1.0472200318737487e-01  1.8493565932604350e+00  9.981392e-02  8.473400e+00  3.639021e+00  1.372432e+02  1.169307e+02  2.914496e+03  3.110330e+01  2.421399e+03  1.8256776352597223e+02
      2020  5.0500000000000895e+00  1.0448991563802118e-01  1.8639938918826096e+00  1.227682e-01  8.502209e+00  4.484802e+00  1.386233e+02  1.462373e+02  2.972323e+03  3.073408e+01  2.360105e+03  1.8531003168969264e+02
      2030  5.0750000000000934e+00  1.0425601999512268e-01  1.8782827096667747e+00  1.446758e-01  8.526004e+00  5.304262e+00  1.398555e+02  1.749115e+02  3.028108e+03  3.032459e+01  2.295534e+03  1.8794869189371366e+02
      2040  5.1000000000000973e+00  1.0402036101548731e-01  1.8922043045676380e+00  1.654135e-01  8.544549e+00  6.088804e+00  1.409206e+02  2.025363e+02  3.080577e+03  2.987917e+01  2.228141e+03  1.9047591053610927e+02
      2050  5.1250000000001013e+00  1.0378298565842844e-01  1.9057422159848818e+00  1.848892e-01  8.557724e+00  6.830682e+00  1.418018e+02  2.287172e+02  3.128367e+03  2.940390e+01  2.158541e+03  1.9288512114932007e+02
      2060  5.1500000000001052e+00  1.0354394278790904e-01  1.9188824555525288e+00  2.030430e-01  8.565508e+00  7.523306e+00  1.424846e+02  2.530992e+02  3.170112e+03  2.890602e+01  2.087461e+03  1.9517123107471141e+02
      2070  5.1750000000001091e+00  1.0330328285487532e-01  1.9316136327387956e+00  2.198468e-01  8.567965e+00  8.161489e+00  1.429572e+02  2.753837e+02  3.204550e+03  2.839327e+01  2.015681e+03  1.9733075417605747e+02
      2080  5.2000000000001130e+00  1.0306105756807044e-01  1.9439270134438569e+00  2.353019e-01  8.565219e+00  8.741611e+00  1.432113e+02  2.953422e+02  3.230616e+03  2.787320e+01  1.943970e+03  1.9936186424989489e+02
      2090  5.2250000000001169e+00  1.0281731956168468e-01  1.9558165125333664e+00  2.494358e-01  8.557440e+00  9.261696e+00  1.432426e+02  3.128262e+02  3.247529e+03  2.735269e+01  1.873029e+03  2.0126436913375667e+02
      2100  5.2500000000001208e+00  1.0257212206791382e-01  1.9672786238355495e+00  2.622973e-01  8.544827e+00  9.721381e+00  1.430506e+02  3.277716e+02  3.254851e+03  2.683752e+01  1.803452e+03  2.0303961052253726e+02
      2110  5.2750000000001247e+00  1.0232551860188634e-01  1.9783122938098960e+00  2.739519e-01  8.527600e+00  1.012179e+01  1.426391e+02  3.401965e+02  3.252515e+03  2.633222e+01  1.735703e+03  2.0469029920464473e+02
      2120  5.3000000000001286e+00  1.0207756266547360e-01  1.9889187479472370e+00  2.844758e-01  8.505995e+00  1.046532e+01  1.420161e+02  3.501937e+02  3.240812e+03  2.583998e+01  1.670112e+03  2.0622029974391734e+02
      2130  5.3250000000001325e+00  1.0182830747517556e-01  1.9991012817842200e+00  2.939510e-01  8.480267e+00  1.075537e+01  1.411937e+02  3.579175e+02  3.220352e+03  2.536278e+01  1.606882e+03  2.0763438225744531e+02
      2140  5.3500000000001364e+00  1.0157780571764004e-01  2.0088650307389933e+00  3.024615e-01  8.450691e+00  1.099602e+01  1.401878e+02  3.635675e+02  3.192009e+03  2.490157e+01  1.546112e+03  2.0893796135000807e+02
      2150  5.3750000000001403e+00  1.0132610933449789e-01  2.0182167341791510e+00  3.100889e-01  8.417566e+00  1.119172e+01  1.390170e+02  3.673717e+02  3.156840e+03  2.445649e+01  1.487817e+03  2.1013684285476256e+02
      2160  5.4000000000001442e+00  1.0107326933628359e-01  2.0271645086658965e+00  3.169108e-01  8.381226e+00  1.134706e+01  1.377027e+02  3.695702e+02  3.116012e+03  2.402714e+01  1.431959e+03  2.1123699733117772e+02
      2170  5.4250000000001481e+00  1.0081933564346622e-01  2.0357176429227142e+00  3.229988e-01  8.342036e+00  1.146650e+01  1.362682e+02  3.704016e+02  3.070737e+03  2.361281e+01  1.378468e+03  2.1224437519783945e+02
      2180  5.4500000000001521e+00  1.0056435695129276e-01  2.0438864229516338e+00  3.284182e-01  8.300397e+00  1.155430e+01  1.347378e+02  3.700933e+02  3.022212e+03  2.321264e+01  1.327262e+03  2.1316477237237257e+02
      2190  5.4750000000001560e+00  1.0030838061441286e-01  2.0516819905404868e+00  3.332285e-01  8.256743e+00  1.161438e+01  1.331363e+02  3.688550e+02  2.971581e+03  2.282577e+01  1.278260e+03  2.1400374831526827e+02
      2200  5.5000000000001599e+00  1.0005145254717024e-01  2.0591162331769186e+00  3.374836e-01  8.211533e+00  1.165038e+01  1.314883e+02  3.668765e+02  2.919902e+03  2.245137e+01  1.231395e+03  2.1476659171290285e+02
      2210  5.5250000000001638e+00  9.9793617135994245e-02  2.0662016991674954e+00  3.412337e-01  8.165243e+00  1.166562e+01  1.298174e+02  3.643274e+02  2.868137e+03  2.208868e+01  1.186609e+03  2.1545832395789085e+02
      2220  5.5500000000001677e+00  9.9534917161253192e-02  2.0729515293475367e+00  3.445257e-01  8.118353e+00  1.166322e+01  1.281461e+02  3.613586e+02  2.817144e+03  2.173696e+01  1.143861e+03  2.1608372798302662e+02
      2230  5.5750000000001716e+00  9.9275393727063288e-02  2.0793793964501526e+00  3.474058e-01  8.071335e+00  1.164608e+01  1.264949e+02  3.581055e+02  2.767675e+03  2.139546e+01  1.103117e+03  2.1664739012837856e+02
      2240  5.6000000000001755e+00  9.9015086198587454e-02  2.0854994446974873e+00  3.499196e-01  8.024639e+00  1.161702e+01  1.248822e+02  3.546901e+02  2.720386e+03  2.106335e+01  1.064350e+03  2.1715374512251483e+02
      2250  5.6250000000001794e+00  9.8754032147117143e-02  2.0913262247547619e+00  3.521144e-01  7.978678e+00  1.157877e+01  1.233244e+02  3.512240e+02  2.675842e+03  2.073975e+01  1.027527e+03  2.1760711796686678e+02
      2260  5.6500000000001833e+00  9.8492267303691580e-02  2.0968746219428991e+00  3.540401e-01  7.933824e+00  1.153403e+01  1.218354e+02  3.478102e+02  2.634525e+03  2.042368e+01  9.926107e+02  2.1801176036262564e+02
      2270  5.6750000000001872e+00  9.8229825522097747e-02  2.1021597777619627e+00  3.557498e-01  7.890396e+00  1.148548e+01  1.204273e+02  3.445442e+02  2.596840e+03  2.011412e+01  9.595496e+02  2.1837188231550601e+02
      2280  5.7000000000001911e+00  9.7966738752029978e-02  2.1071970059061336e+00  3.573010e-01  7.848663e+00  1.143576e+01  1.191099e+02  3.415145e+02  2.563121e+03  1.981008e+01  9.282779e+02  2.1869168112155222e+02
      2290  5.7250000000001950e+00  9.7703037023013986e-02  2.1120017040351935e+00  3.587554e-01  7.808839e+00  1.138753e+01  1.178913e+02  3.388025e+02  2.533629e+03  1.951067e+01  8.987153e+02  2.1897537000235863e+02
      2300  5.7500000000001990e+00  9.7438748439580128e-02  2.1165892619167881e+00  3.601794e-01  7.771091e+00  1.134336e+01  1.167775e+02  3.364817e+02  2.508555e+03  1.921518e+01  8.707702e+02  2.1922720754856189e+02
      2310  5.7750000000002029e+00  9.7173899188151419e-02  2.1209749656238306e+00  3.616429e-01  7.735543e+00  1.130576e+01  1.157733e+02  3.346171e+02  2.488017e+03  1.892317e+01  8.443462e+02  2.1945152738288402e+02
      2320  5.8000000000002068e+00  9.6908513556207623e-02  2.1251738966876768e+00  3.632187e-01  7.702285e+00  1.127709e+01  1.148813e+02  3.332641e+02  2.472060e+03  1.863451e+01  8.193498e+02  2.1965276561895507e+02
      2330  5.8250000000002107e+00  9.6642613964442903e-02  2.1292008247507157e+00  3.649809e-01  7.671382e+00  1.125956e+01  1.141031e+02  3.324682e+02  2.460662e+03  1.834943e+01  7.956986e+02  2.1983548220740926e+02
      2340  5.8500000000002146e+00  9.6376221012821672e-02  2.1330700924456134e+00  3.670024e-01  7.642881e+00  1.125514e+01  1.134390e+02  3.322645e+02  2.453736e+03  1.806853e+01  7.733294e+02  2.2000437140974302e+02
      2350  5.8750000000002185e+00  9.6109353541544248e-02  2.1367954919367471e+00  3.693535e-01  7.616820e+00  1.126556e+01  1.128883e+02  3.326781e+02  2.451145e+03  1.779278e+01  7.522046e+02  2.2016425656818120e+02
      2360  5.9000000000002224e+00  9.5842028707951291e-02  2.1403901337088942e+00  3.720989e-01  7.593235e+00  1.129229e+01  1.124498e+02  3.337237e+02  2.452710e+03  1.752352e+01  7.323157e+02  2.2032006508308237e+02
      2370  5.9250000000002263e+00  9.5574262080214190e-02  2.1438663096641517e+00  3.752952e-01  7.572162e+00  1.133646e+01  1.121221e+02  3.354069e+02  2.458227e+03  1.726244e+01  7.136843e+02  2.2047678101177542e+02
      2380  5.9500000000002302e+00  9.5306067748324605e-02  2.1472353542536342e+00  3.789891e-01  7.553641e+00  1.139894e+01  1.119032e+02  3.377242e+02  2.467477e+03  1.701154e+01  6.963605e+02  2.2063937481161054e+02
      2390  5.9750000000002341e+00  9.5037458452292056e-02  2.1505075090515713e+00  3.832152e-01  7.537713e+00  1.148022e+01  1.117916e+02  3.406635e+02  2.480242e+03  1.677309e+01  6.804185e+02  2.2081271221528431e+02
      2400  6.0000000000002380e+00  9.4768445726715972e-02  2.1536917976564034e+00  3.879948e-01  7.524420e+00  1.158048e+01  1.117855e+02  3.442052e+02  2.496311e+03  1.654949e+01  6.659506e+02  2.2100144672070581e+02
      2410  6.0250000000002419e+00  9.4499040059946166e-02  2.1567959188250496e+00  3.933348e-01  7.513796e+00  1.169951e+01  1.118831e+02  3.483230e+02  2.515491e+03  1.634319e+01  6.530598e+02  2.2120990234568609e+02
      2420  6.0500000000002458e+00  9.4229251065043290e-02  2.1598261660720324e+00  3.992285e-01  7.505863e+00  1.183680e+01  1.120825e+02  3.529851e+02  2.537614e+03  1.615654e+01  6.418517e+02  2.2144195482449911e+02
      2430  6.0750000000002498e+00  9.3959087658729734e-02  2.1627873814193839e+00  4.056551e-01  7.500620e+00  1.199146e+01  1.123816e+02  3.581554e+02  2.562538e+03  1.599163e+01  6.324262e+02  2.2170092009599435e+02
      2440  6.1000000000002537e+00  9.3688558243663914e-02  2.1656829495098786e+00  4.125817e-01  7.498038e+00  1.216234e+01  1.127779e+02  3.637958e+02  2.590157e+03  1.585015e+01  6.248704e+02  2.2198945867670466e+02
      2450  6.1250000000002576e+00  9.3417670888704826e-02  2.1685148359793800e+00  4.199648e-01  7.498057e+00  1.234801e+01  1.132685e+02  3.698668e+02  2.620392e+03  1.573331e+01  6.192518e+02  2.2230950339066516e+02
      2460  6.1500000000002615e+00  9.3146433501554382e-02  2.1712836710483669e+00  4.277521e-01  7.500576e+00  1.254685e+01  1.138501e+02  3.763294e+02  2.653193e+03  1.564171e+01  6.156129e+02  2.2266221611257794e+02
      2470  6.1750000000002654e+00  9.2874853988218598e-02  2.1739888760610095e+00  4.358852e-01  7.505459e+00  1.275709e+01  1.145188e+02  3.831456e+02  2.688525e+03  1.557537e+01  6.139664e+02  2.2304797690990392e+02
      2480  6.2000000000002693e+00  9.2602940394233224e-02  2.1766288275459322e+00  4.443016e-01  7.512530e+00  1.297689e+01  1.152700e+02  3.902788e+02  2.726363e+03  1.553366e+01  6.142922e+02  2.2346640650360931e+02
      2490  6.2250000000002732e+00  9.2330701023447856e-02  2.1792010506551271e+00  4.529371e-01  7.521575e+00  1.320435e+01  1.160982e+02  3.976932e+02  2.766674e+03  1.551537e+01  6.165336e+02  2.2391642056081517e+02
      2500  6.2500000000002771e+00  9.2058144531306119e-02  2.1817024318536267e+00  4.617278e-01  7.532353e+00  1.343760e+01  1.169972e+02  4.053529e+02  2.809401e+03  1.551880e+01  6.205961e+02  2.2439631221190260e+02
      2510  6.2750000000002810e+00  9.1785279990915208e-02  2.1841294396714570e+00  4.706117e-01  7.544593e+00  1.367482e+01  1.179596e+02  4.132207e+02  2.854451e+03  1.554184e+01  6.263465e+02  2.2490385753186013e+02
      2520  6.3000000000002849e+00  9.1512116931603313e-02  2.1864783422567062e+00  4.795296e-01  7.558004e+00  1.391423e+01  1.189771e+02  4.212569e+02  2.901676e+03  1.558212e+01  6.336134e+02  2.2543643766140826e+02
      2530  6.3250000000002888e+00  9.1238665351025719e-02  2.1887454113181479e+00  4.884263e-01  7.572283e+00  1.415413e+01  1.200401e+02  4.294177e+02  2.950869e+03  1.563710e+01  6.421901e+02  2.2599117080952968e+02
      2540  6.3500000000002927e+00  9.0964935703097285e-02  2.1909271036422542e+00  4.972507e-01  7.587115e+00  1.439285e+01  1.211379e+02  4.376543e+02  3.001752e+03  1.570420e+01  6.518384e+02  2.2656504752952247e+02
      2550  6.3750000000002967e+00  9.0690938864992521e-02  2.1930202134633605e+00  5.059561e-01  7.602182e+00  1.462874e+01  1.222588e+02  4.459127e+02  3.053981e+03  1.578083e+01  6.622938e+02  2.2715506326985184e+02
      2560  6.4000000000003006e+00  9.0416686087162565e-02  2.1950219912832805e+00  5.144998e-01  7.617166e+00  1.486019e+01  1.233901e+02  4.541338e+02  3.107149e+03  1.586441e+01  6.732719e+02  2.2775834309331452e+02
      2570  6.4250000000003045e+00  9.0142188930713435e-02  2.1969302270298825e+00  5.228432e-01  7.631746e+00  1.508558e+01  1.245186e+02  4.622542e+02  3.160792e+03  1.595230e+01  6.844748e+02  2.2837225445459822e+02
      2580  6.4500000000003084e+00  8.9867459196630431e-02  2.1987432975323653e+00  5.309512e-01  7.645607e+00  1.530332e+01  1.256304e+02  4.702073e+02  3.214402e+03  1.604182e+01  6.955985e+02  2.2899450489296115e+02
      2590  6.4750000000003123e+00  8.9592508851215127e-02  2.2004601800759129e+00  5.387928e-01  7.658439e+00  1.551185e+01  1.267116e+02  4.779244e+02  3.267435e+03  1.613019e+01  7.063405e+02  2.2962322237440003e+02
      2600  6.5000000000003162e+00  8.9317349951788097e-02  2.2020804352556369e+00  5.463401e-01  7.669939e+00  1.570970e+01  1.277481e+02  4.853363e+02  3.319317e+03  1.621464e+01  7.164085e+02  2.3025701682085236e+02
      2610  6.5250000000003201e+00  8.9041994576234948e-02  2.2036041634966406e+00  5.535689e-01  7.679818e+00  1.589552e+01  1.287262e+02  4.923740e+02  3.369453e+03  1.629240e+01  7.255291e+02  2.3089502214728159e+02
      2620  6.5500000000003240e+00  8.8766454759369423e-02  2.2050319404610761e+00  5.604587e-01  7.687804e+00  1.606809e+01  1.296326e+02  4.989697e+02  3.417227e+03  1.636093e+01  7.334580e+02  2.3153691893269169e+02
      2630  6.5750000000003279e+00  8.8490742438394721e-02  2.2063647371109520e+00  5.669923e-01  7.693650e+00  1.622635e+01  1.304546e+02  5.050581e+02  3.462011e+03  1.641803e+01  7.399892e+02  2.3218293866027955e+02
      2640  6.6000000000003318e+00  8.8214869409009328e-02  2.2076038303865091e+00  5.731565e-01  7.697134e+00  1.636943e+01  1.311804e+02  5.105770e+02  3.503172e+03  1.646193e+01  7.449632e+02  2.3283385117938715e+02
      2650  6.6250000000003357e+00  8.7938847292966305e-02  2.2087507102263153e+00  5.789413e-01  7.698065e+00  1.649662e+01  1.317987e+02  5.154687e+02  3.540083e+03  1.649142e+01  7.482740e+02  2.3349093751812842e+02
      2660  6.6500000000003396e+00  8.7662687517218688e-02  2.2098069879576530e+00  5.843404e-01  7.696284e+00  1.660738e+01  1.322997e+02  5.196811e+02  3.572143e+03  1.650586e+01  7.498718e+02  2.3415595026663831e+02
      2670  6.6750000000003435e+00  8.7386401304220124e-02  2.2107743099584685e+00  5.893501e-01  7.691665e+00  1.670133e+01  1.326746e+02  5.231683e+02  3.598791e+03  1.650518e+01  7.497627e+02  2.3483106339090304e+02
      2680  6.7000000000003475e+00  8.7109999672550953e-02  2.2116542790730174e+00  5.939696e-01  7.684109e+00  1.677820e+01  1.329157e+02  5.258918e+02  3.619525e+03  1.648978e+01  7.480050e+02  2.3551881259192464e+02
      2690  6.7250000000003514e+00  8.6833493446823631e-02  2.2124483847853469e+00  5.982001e-01  7.673550e+00  1.683786e+01  1.330169e+02  5.278198e+02  3.633915e+03  1.646050e+01  7.447016e+02  2.3622202640173512e+02
      2700  6.7500000000003553e+00  8.6556893275772886e-02  2.2131579419012386e+00  6.020442e-01  7.659943e+00  1.688020e+01  1.329730e+02  5.289272e+02  3.641612e+03  1.641847e+01  7.399896e+02  2.3694374740958261e+02
      2710  6.7750000000003592e+00  8.6280209657530971e-02  2.2137840367209449e+00  6.055055e-01  7.643269e+00  1.690518e+01  1.327802e+02  5.291945e+02  3.642349e+03  1.636504e+01  7.340286e+02  2.3768714265004056e+02
      2720  6.8000000000003631e+00  8.6003452971222347e-02  2.2143274795609420e+00  6.085878e-01  7.623526e+00  1.691275e+01  1.324359e+02  5.286062e+02  3.635939e+03  1.630168e+01  7.269888e+02  2.3845540247879734e+02
      2730  6.8250000000003670e+00  8.5726633514133566e-02  2.2147887630083614e+00  6.112952e-01  7.600729e+00  1.690283e+01  1.319382e+02  5.271501e+02  3.622268e+03  1.622983e+01  7.190398e+02  2.3925162825983307e+02
      2740  6.8500000000003709e+00  8.5449761543725314e-02  2.2151680263032421e+00  6.136311e-01  7.574904e+00  1.687533e+01  1.312862e+02  5.248159e+02  3.601283e+03  1.615086e+01  7.103411e+02  2.4007871074079924e+02
      2750  6.8750000000003748e+00  8.5172847323638126e-02  2.2154650274479826e+00  6.155988e-01  7.546089e+00  1.683010e+01  1.304800e+02  5.215948e+02  3.572991e+03  1.606598e+01  7.010356e+02  2.4093920279071796e+02
      2760  6.9000000000003787e+00  8.4895901172565277e-02  2.2156791256918162e+00  6.172011e-01  7.514328e+00  1.676696e+01  1.295203e+02  5.174798e+02  3.537446e+03  1.597618e+01  6.912456e+02  2.4183519182739619e+02
      2770  6.9250000000003826e+00  8.4618933514497285e-02  2.2158092776186415e+00  6.184404e-01  7.479675e+00  1.668570e+01  1.284088e+02  5.124661e+02  3.494752e+03  1.588224e+01  6.810715e+02  2.4276817841122724e+02
      2780  6.9500000000003865e+00  8.4341954928437129e-02  2.2158540499830726e+00  6.193187e-01  7.442190e+00  1.658613e+01  1.271480e+02  5.065530e+02  3.445063e+03  1.578473e+01  6.705924e+02  2.4373896788664234e+02
      2790  6.9750000000003904e+00  8.4064976195333110e-02  2.2158116516575337e+00  6.198376e-01  7.401941e+00  1.646809e+01  1.257413e+02  4.997447e+02  3.388583e+03  1.568406e+01  6.598682e+02  2.4474758154039858e+02
      2800  7.0000000000003944e+00  8.3788008339759301e-02  2.2156799857007838e+00  6.199981e-01  7.359008e+00  1.633146e+01  1.241934e+02  4.920524e+02  3.325576e+03  1.558047e+01  6.489433e+02  2.4579319260973477e+02
      2810  7.0250000000003983e+00  8.3511062663858687e-02  2.2154567208830698e+00  6.198005e-01  7.313482e+00  1.617621e+01  1.225098e+02  4.834954e+02  3.256366e+03  1.547412e+01  6.378492e+02  2.4687409082245165e+02
      2820  7.0500000000004022e+00  8.3234150771243243e-02  2.2151393803101991e+00  6.192441e-01  7.265467e+00  1.600243e+01  1.206974e+02  4.741022e+02  3.181338e+03  1.536506e+01  6.266086e+02  2.4798767724108674e+02
      2830  7.0750000000004061e+00  8.2957284578939625e-02  2.2147254433640216e+00  6.183272e-01  7.215079e+00  1.581033e+01  1.187639e+02  4.639111e+02  3.100947e+03  1.525327e+01  6.152379e+02  2.4913048925340388e+02
      2840  7.1000000000004100e+00  8.2680476316010734e-02  2.2142124562369312e+00  6.170472e-01  7.162451e+00  1.560027e+01  1.167185e+02  4.529705e+02  3.015705e+03  1.513862e+01  6.037499e+02  2.5029825378563106e+02
      2850  7.1250000000004139e+00  8.2403738508089963e-02  2.2135981459941161e+00  6.154007e-01  7.107731e+00  1.537280e+01  1.145713e+02  4.413388e+02  2.926185e+03  1.502093e+01  5.921560e+02  2.5148596533790811e+02
      2860  7.1500000000004178e+00  8.2127083947695745e-02  2.2128805333573491e+00  6.133848e-01  7.051087e+00  1.512866e+01  1.123334e+02  4.290837e+02  2.833012e+03  1.489996e+01  5.804681e+02  2.5268798433778014e+02
      2870  7.1750000000004217e+00  8.1850525650747880e-02  2.2120580401847940e+00  6.109975e-01  6.992708e+00  1.486880e+01  1.100171e+02  4.162813e+02  2.736853e+03  1.477546e+01  5.687004e+02  2.5389815064588410e+02
      2880  7.2000000000004256e+00  8.1574076800137507e-02  2.2111295887781570e+00  6.082394e-01  6.932803e+00  1.459438e+01  1.076354e+02  4.030147e+02  2.638403e+03  1.464722e+01  5.568708e+02  2.5510990689159155e+02
      2890  7.2250000000004295e+00  8.1297750677483058e-02  2.2100946915000792e+00  6.051148e-01  6.871610e+00  1.430674e+01  1.052024e+02  3.893721e+02  2.538380e+03  1.451508e+01  5.450008e+02  2.5631642670938953e+02
      2900  7.2500000000004334e+00  8.1021560584299754e-02  2.2089535305336874e+00  6.016330e-01  6.809384e+00  1.400741e+01  1.027322e+02  3.754454e+02  2.437507e+03  1.437900e+01  5.331152e+02  2.5751074387894539e+02
      2910  7.2750000000004373e+00  8.0745519753766384e-02  2.2077070287681182e+00  5.978094e-01  6.746405e+00  1.369804e+01  1.002396e+02  3.613278e+02  2.336503e+03  1.423900e+01  5.212399e+02  2.5868587973837350e+02
      2920  7.3000000000004412e+00  8.0469641254090715e-02  2.2063569135707071e+00  5.936654e-01  6.682967e+00  1.338037e+01  9.773940e+01  3.471129e+02  2.236071e+03  1.409517e+01  5.094000e+02  2.5983496781904591e+02
      2930  7.3250000000004452e+00  8.0193937884236108e-02  2.2049057754684620e+00  5.892293e-01  6.619378e+00  1.305625e+01  9.524619e+01  3.328928e+02  2.136884e+03  1.394762e+01  4.976174e+02  2.6095137611480237e+02
      2940  7.3500000000004491e+00  7.9918422062531996e-02  2.2033571234278480e+00  5.845349e-01  6.555947e+00  1.272757e+01  9.277435e+01  3.187572e+02  2.039581e+03  1.379645e+01  4.859089e+02  2.6202882837258278e+02
      2950  7.3750000000004530e+00  7.9643105708536499e-02  2.2017154374954955e+00  5.796208e-01  6.492988e+00  1.239629e+01  9.033775e+01  3.047919e+02  1.944752e+03  1.364175e+01  4.742855e+02  2.6306152593786402e+02
      2960  7.4000000000004569e+00  7.9368000118505672e-02  2.1999862181425183e+00  5.745288e-01  6.430807e+00  1.206438e+01  8.794955e+01  2.910779e+02  1.852934e+03  1.348356e+01  4.627522e+02  2.6404427080534543e+02
      2970  7.4250000000004608e+00  7.9093115835011357e-02  2.1981760299410449e+00  5.693019e-01  6.369702e+00  1.173382e+01  8.562202e+01  2.776903e+02  1.764601e+03  1.332193e+01  4.513087e+02  2.6497258862645299e+02
      2980  7.4500000000004647e+00  7.8818462511660858e-02  2.1962925354714060e+00  5.639822e-01  6.309955e+00  1.140652e+01  8.336638e+01  2.646970e+02  1.680161e+03  1.315687e+01  4.399502e+02  2.6584284777446754e+02
      2990  7.4750000000004686e+00  7.8544048774468925e-02  2.1943445139362998e+00  5.586085e-01  6.251833e+00  1.108428e+01  8.119259e+01  2.521577e+02  1.599949e+03  1.298841e+01  4.286689e+02  2.6665236765961237e+02
      3000  7.5000000000004725e+00  7.8269882082189851e-02  2.1923418581633660e+00  5.532138e-01  6.195576e+00  1.076877e+01  7.910920e+01  2.401227e+02  1.524226e+03  1.281657e+01  4.174549e+02  2.6739950697118672e+02
      3010  7.5250000000004764e+00  7.7995968588706555e-02  2.1902955437716045e+00  5.478236e-01  6.141397e+00  1.046140e+01  7.712320e+01  2.286322e+02  1.453170e+03  1.264137e+01  4.062983e+02  2.6808372109628738e+02
      3020  7.5500000000004803e+00  7.7722313011290983e-02  2.1882175654134666e+00  5.424534e-01  6.089481e+00  1.016334e+01  7.523987e+01  2.177148e+02  1.386883e+03  1.246287e+01  3.951900e+02  2.6870557823179468e+02
      3030  7.5750000000004842e+00  7.7448918509064157e-02  2.1861208371895060e+00  5.371070e-01  6.039976e+00  9.875473e+00  7.346274e+01  2.073873e+02  1.325380e+03  1.228122e+01  3.841235e+02  2.6926672605955423e+02
      3040  7.6000000000004881e+00  7.7175786576157770e-02  2.1840190573994875e+00  5.317756e-01  5.992999e+00  9.598334e+00  7.179361e+01  1.976546e+02  1.268596e+03  1.209666e+01  3.730959e+02  2.6976980536194435e+02
      3050  7.6250000000004921e+00  7.6902916953840689e-02  2.1819265413997626e+00  5.264370e-01  5.948633e+00  9.332139e+00  7.023268e+01  1.885103e+02  1.216394e+03  1.190956e+01  3.621087e+02  2.7021831328774795e+02
      3060  7.6500000000004960e+00  7.6630307565169170e-02  2.1798580299840613e+00  5.210555e-01  5.906926e+00  9.076767e+00  6.877865e+01  1.799381e+02  1.168575e+03  1.172041e+01  3.511675e+02  2.7061642638679399e+02
      3070  7.6750000000004999e+00  7.6357954474592801e-02  2.1778284837914619e+00  5.155828e-01  5.867891e+00  8.831767e+00  6.742897e+01  1.719131e+02  1.124886e+03  1.152977e+01  3.402807e+02  2.7096880088518111e+02
      3080  7.7000000000005038e+00  7.6085851873494273e-02  2.1758528761543299e+00  5.099596e-01  5.831512e+00  8.596361e+00  6.617988e+01  1.644030e+02  1.085041e+03  1.133822e+01  3.294582e+02  2.7128037357832136e+02
      3090  7.7250000000005077e+00  7.5813992091066679e-02  2.1739459970102111e+00  5.041177e-01  5.797741e+00  8.369455e+00  6.502658e+01  1.573681e+02  1.048730e+03  1.114629e+01  3.187089e+02  2.7155618973077418e+02
      3100  7.7500000000005116e+00  7.5542365628431363e-02  2.1721222787240340e+00  4.979835e-01  5.766507e+00  8.149657e+00  6.396341e+01  1.507614e+02  1.015630e+03  1.095439e+01  3.080402e+02  2.7180128327886280e+02
      3110  7.7750000000005155e+00  7.5270961212770493e-02  2.1703956509519622e+00  4.914812e-01  5.737725e+00  7.935310e+00  6.298422e+01  1.445286e+02  9.854249e+02  1.076289e+01  2.974576e+02  2.7202062878667607e+02
      3120  7.8000000000005194e+00  7.4999765867653917e-02  2.1687794264873794e+00  4.845370e-01  5.711310e+00  7.724542e+00  6.208304e+01  1.386083e+02  9.578214e+02  1.057206e+01  2.869647e+02  2.7221917422208315e+02
      3130  7.8250000000005233e+00  7.4728764995875954e-02  2.1672862142173583e+00  4.770830e-01  5.687186e+00  7.515327e+00  6.125495e+01  1.329338e+02  9.325732e+02  1.038220e+01  2.765645e+02  2.7240194994632702e+02
      3140  7.8500000000005272e+00  7.4457942471931049e-02  2.1659278500105659e+00  4.690613e-01  5.665306e+00  7.305550e+00  6.049697e+01  1.274340e+02  9.095095e+02  1.019360e+01  2.662599e+02  2.7257423459070043e+02
      3150  7.8750000000005311e+00  7.4187280742656084e-02  2.1647153327376314e+00  4.604276e-01  5.645663e+00  7.093065e+00  5.980883e+01  1.220352e+02  8.885644e+02  1.000665e+01  2.560553e+02  2.7274174564203264e+02
      3160  7.9000000000005350e+00  7.3916760936263495e-02  2.1636587516485832e+00  4.511531e-01  5.628305e+00  6.875737e+00  5.919336e+01  1.166616e+02  8.698015e+02  9.821797e+00  2.459603e+02  2.7291081457981772e+02
      3170  7.9250000000005389e+00  7.3646362981604957e-02  2.1627671934559070e+00  4.412265e-01  5.613343e+00  6.651483e+00  5.865646e+01  1.112336e+02  8.534225e+02  9.639622e+00  2.359940e+02  2.7308850564782199e+02
      3180  7.9500000000005429e+00  7.3376065740674554e-02  2.1620486224593733e+00  4.306545e-01  5.600961e+00  6.418304e+00  5.820668e+01  1.056657e+02  8.397570e+02  9.460868e+00  2.261904e+02  2.7328264476526829e+02
      3190  7.9750000000005468e+00  7.3105847157788506e-02  2.1615097339352660e+00  4.194605e-01  5.591411e+00  6.174332e+00  5.785458e+01  9.986371e+01  8.292359e+02  9.286497e+00  2.165995e+02  2.7350173979749678e+02
      3200  8.0000000000005507e+00  7.2835684428378483e-02  2.1611557882712029e+00  4.076837e-01  5.585004e+00  5.917917e+00  5.761212e+01  9.372537e+01  8.223621e+02  9.117699e+00  2.072836e+02  2.7375479265655110e+02
      3210  8.0250000000005457e+00  7.2565554189031947e-02  2.1609904392178048e+00  3.953769e-01  5.582094e+00  5.647750e+00  5.749210e+01  8.714683e+01  8.196903e+02  8.955837e+00  1.983071e+02  2.7405102339654769e+02
      3220  8.0500000000005407e+00  7.2295432728499115e-02  2.1610155726561207e+00  3.826041e-01  5.583049e+00  5.363037e+00  5.750780e+01  8.003411e+01  8.218154e+02  8.802352e+00  1.897245e+02  2.7439954217474860e+02
      3230  8.0750000000005357e+00  7.2025296217359994e-02  2.1612311716318535e+00  3.694386e-01  5.588226e+00  5.063682e+00  5.767242e+01  7.231631e+01  8.293520e+02  8.658638e+00  1.815741e+02  2.7480901308897063e+02
      3240  8.1000000000005308e+00  7.1755120952290585e-02  2.1616352192252153e+00  3.559610e-01  5.597939e+00  4.750434e+00  5.799810e+01  6.395555e+01  8.428898e+02  8.525940e+00  1.738814e+02  2.7528735277398556e+02
      3250  8.1250000000005258e+00  7.1484883609825314e-02  2.1622236442015272e+00  3.422572e-01  5.612435e+00  4.424946e+00  5.849453e+01  5.495110e+01  8.629190e+02  8.405307e+00  1.666702e+02  2.7584149691526102e+02
      3260  8.1500000000005208e+00  7.1214561504348878e-02  2.1629903070736862e+00  3.284176e-01  5.631879e+00  4.089738e+00  5.916752e+01  4.533916e+01  8.897465e+02  8.297589e+00  1.599745e+02  2.7647725233942379e+02
      3270  8.1750000000005159e+00  7.0944132845747424e-02  2.1639270181037706e+00  3.145348e-01  5.656338e+00  3.748076e+00  6.001816e+01  3.519256e+01  9.234331e+02  8.203497e+00  1.538428e+02  2.7719923515638283e+02
      3280  8.2000000000005109e+00  7.0673576993452419e-02  2.1650235753699056e+00  3.007032e-01  5.685784e+00  3.403848e+00  6.104280e+01  2.462340e+01  9.637699e+02  8.123727e+00  1.483363e+02  2.7801088067477735e+02
      3290  8.2250000000005059e+00  7.0402874705122714e-02  2.1662678109902744e+00  2.870167e-01  5.720094e+00  3.061476e+00  6.223401e+01  1.378762e+01  1.010295e+03  8.059153e+00  1.435242e+02  2.7891450146879430e+02
      3300  8.2500000000005009e+00  7.0132008379544461e-02  2.1676456366212893e+00  2.735676e-01  5.759066e+00  2.725869e+00  6.358163e+01  2.887516e+00  1.062331e+03  8.011063e+00  1.394873e+02  2.7991136718110573e+02
      3310  8.2750000000004960e+00  6.9860962294137116e-02  2.1691410843230505e+00  2.604449e-01  5.802426e+00  2.402379e+00  6.507364e+01 -7.832070e+00  1.119035e+03  7.981389e+00  1.363303e+02  2.8100178266650477e+02
      3320  8.3000000000004910e+00  6.9589722837593820e-02  2.1707363443116305e+00  2.477330e-01  5.849849e+00  2.096674e+00  6.669644e+01 -1.809460e+01  1.179441e+03  7.972813e+00  1.341976e+02  2.8218514785405699e+02
      3330  8.3250000000004860e+00  6.9318278737715969e-02  2.1724118055916399e+00  2.355100e-01  5.900962e+00  1.814510e+00  6.843497e+01 -2.760778e+01  1.242518e+03  7.988691e+00  1.332834e+02  2.8345999072427026e+02
      3340  8.3500000000004810e+00  6.9046621283551560e-02  2.1741461080830353e+00  2.238474e-01  5.955355e+00  1.561397e+00  7.027272e+01 -3.608126e+01  1.307221e+03  8.032754e+00  1.338265e+02  2.8482397194765275e+02
      3350  8.3750000000004761e+00  6.8774744539832733e-02  2.1759162154167906e+00  2.128088e-01  6.012580e+00  1.342219e+00  7.219200e+01 -4.324407e+01  1.372545e+03  8.108646e+00  1.360903e+02  2.8627386481971939e+02
      3360  8.4000000000004711e+00  6.8502645550599067e-02  2.1776975165072634e+00  2.024496e-01  6.072156e+00  1.160896e+00  7.417422e+01 -4.886153e+01  1.437569e+03  8.219377e+00  1.403292e+02  2.8780551698408829e+02
      3370  8.4250000000004661e+00  6.8230324528009215e-02  2.1794639621287675e+00  1.928179e-01  6.133575e+00  1.020124e+00  7.620007e+01 -5.275144e+01  1.501477e+03  8.366807e+00  1.467491e+02  2.8941380164215684e+02
      3380  8.4500000000004611e+00  6.7957785021665038e-02  2.1811882408700276e+00  1.839538e-01  6.196312e+00  9.212449e-01  7.824973e+01 -5.479842e+01  1.563569e+03  8.551219e+00  1.554667e+02  2.9109256638029348e+02
      3390  8.4750000000004562e+00  6.7685034063323449e-02  2.1828419975515296e+00  1.758911e-01  6.259843e+00  8.642470e-01  8.030314e+01 -5.496360e+01  1.623268e+03  8.771050e+00  1.664725e+02  2.9283458812155942e+02
      3400  8.5000000000004512e+00  6.7412082281522137e-02  2.1843960965100746e+00  1.686576e-01  6.323654e+00  8.479092e-01  8.234069e+01 -5.328653e+01  1.680118e+03  9.022805e+00  1.796061e+02  2.9463154330220630e+02
      3410  8.5250000000004462e+00  6.7138943980372082e-02  2.1858209316301114e+00  1.622760e-01  6.387267e+00  8.700839e-01  8.434431e+01 -4.987718e+01  1.733803e+03  9.301195e+00  1.945497e+02  2.9647400295455242e+02
      3420  8.5500000000004412e+00  6.6865637176596951e-02  2.1870867838766719e+00  1.567638e-01  6.450252e+00  9.280856e-01  8.629887e+01 -4.489850e+01  1.784178e+03  9.599498e+00  2.108476e+02  2.9835146236776893e+02
      3430  8.5750000000004363e+00  6.6592183588935622e-02  2.1881642246220583e+00  1.521334e-01  6.512248e+00  1.019121e+00  8.819365e+01 -3.854203e+01  1.831311e+03  9.910119e+00  2.279529e+02  3.0025241374554020e+02
      3440  8.6000000000004313e+00  6.6318608574492344e-02  2.1890245588775663e+00  1.483906e-01  6.572981e+00  1.140670e+00  9.002372e+01 -3.100073e+01  1.875553e+03  1.022528e+01  2.452973e+02  3.0216446736045225e+02
      3450  8.6250000000004263e+00  6.6044941007695049e-02  2.1896402968581734e+00  1.455326e-01  6.632280e+00  1.290728e+00  9.179118e+01 -2.244342e+01  1.917610e+03  1.053769e+01  2.623709e+02  3.0407452213916929e+02
      3460  8.6500000000004214e+00  6.5771213099374837e-02  2.1899856359837888e+00  1.435455e-01  6.690092e+00  1.467869e+00  9.350626e+01 -1.299509e+01  1.958603e+03  1.084123e+01  2.787968e+02  3.0596898093551874e+02
      3470  8.6750000000004164e+00  6.5497460156092910e-02  2.1900369297905566e+00  1.424016e-01  6.746495e+00  1.671136e+00  9.518790e+01 -2.726545e+00  2.000074e+03  1.113132e+01  2.943850e+02  3.0783399992355970e+02
      3480  8.7000000000004114e+00  6.5223720283029224e-02  2.1897731167580399e+00  1.420568e-01  6.801693e+00  1.899799e+00  9.686353e+01  8.343795e+00  2.043909e+03  1.140528e+01  3.091528e+02  3.0965575674418443e+02
      3490  8.7250000000004064e+00  6.4950034037179333e-02  2.1891760819436330e+00  1.424501e-01  6.856017e+00  2.153070e+00  9.856713e+01  2.023474e+01  2.092148e+03  1.166233e+01  3.233064e+02  3.1142071937106141e+02
      3500  8.7500000000004015e+00  6.4676444040795533e-02  2.1882309281133110e+00  1.435035e-01  6.909890e+00  2.429792e+00  1.003356e+02  3.297455e+01  2.146681e+03  1.190334e+01  3.371825e+02  3.1311589787999628e+02
      3510  8.7750000000003965e+00  6.4402994567493821e-02  2.1869261405003591e+00  1.451254e-01  6.963783e+00  2.728165e+00  1.022028e+02  4.656444e+01  2.208873e+03  1.213041e+01  3.511584e+02  3.1472906460118861e+02
      3520  8.8000000000003915e+00  6.4129731114821606e-02  2.1852536393281761e+00  1.472151e-01  7.018144e+00  3.045515e+00  1.041934e+02  6.094070e+01  2.279195e+03  1.234608e+01  3.655454e+02  3.1624893402599503e+02
      3530  8.8250000000003865e+00  6.3856699977126327e-02  2.1832087251152013e+00  1.496695e-01  7.073324e+00  3.378154e+00  1.063159e+02  7.594549e+01  2.356942e+03  1.255262e+01  3.804852e+02  3.1766530120509549e+02
      3540  8.8500000000003816e+00  6.3583947831297949e-02  2.1807899316044361e+00  1.523911e-01  7.129489e+00  3.721383e+00  1.085582e+02  9.131768e+01  2.440163e+03  1.275125e+01  3.958757e+02  3.1896914462239801e+02
      3550  8.8750000000003766e+00  6.3311521345626093e-02  2.1779988081501451e+00  1.552958e-01  7.186566e+00  4.069744e+00  1.108879e+02  1.067135e+02  2.525853e+03  1.294168e+01  4.113517e+02  3.2015270491119907e+02
      3560  8.9000000000003716e+00  6.3039466819037451e-02  2.1748396563063497e+00  1.583195e-01  7.244219e+00  4.417585e+00  1.132558e+02  1.217621e+02  2.610445e+03  1.312212e+01  4.263378e+02  3.2120955279292298e+02
      3570  8.9250000000003666e+00  6.2767829854948165e-02  2.1713192437506361e+00  1.614231e-01  7.301870e+00  4.759982e+00  1.156056e+02  1.361523e+02  2.690546e+03  1.328975e+01  4.401776e+02  3.2213465741316674e+02
      3580  8.9500000000003617e+00  6.2496655071374453e-02  2.1674465130074485e+00  1.645938e-01  7.358782e+00  5.093941e+00  1.178870e+02  1.497380e+02  2.763820e+03  1.344173e+01  4.523202e+02  3.2292445993255012e+02
      3590  8.9750000000003567e+00  6.2225985847276254e-02  2.1632322940111397e+00  1.678430e-01  7.414171e+00  5.419654e+00  1.200696e+02  1.626374e+02  2.829825e+03  1.357640e+01  4.625243e+02  3.2357694797068939e+02
      3600  9.0000000000003517e+00  6.1955864104551991e-02  2.1586890202811309e+00  1.712014e-01  7.467337e+00  5.741450e+00  1.221547e+02  1.752960e+02  2.890598e+03  1.369442e+01  4.710198e+02  3.2409171637140668e+02
      3610  9.0250000000003467e+00  6.1686330125661368e-02  2.1538304405232971e+00  1.747107e-01  7.517773e+00  6.067977e+00  1.241802e+02  1.884824e+02  2.950773e+03  1.379941e+01  4.785643e+02  3.2446999131534687e+02
      3620  9.0500000000003418e+00  6.1417422408211630e-02  2.1486713127976085e+00  1.784143e-01  7.565217e+00  6.411219e+00  1.262156e+02  2.031940e+02  3.017046e+03  1.389768e+01  4.863506e+02  3.2471459052258911e+02
      3630  9.0750000000003368e+00  6.1149177559509833e-02  2.1432270683823762e+00  1.823476e-01  7.609627e+00  6.784192e+00  1.283464e+02  2.204711e+02  3.096934e+03  1.399702e+01  4.957527e+02  3.2482979394163056e+02
      3640  9.1000000000003318e+00  6.0881630235431639e-02  2.1375134375868607e+00  1.865306e-01  7.651071e+00  7.197582e+00  1.306487e+02  2.411433e+02  3.196961e+03  1.410454e+01  5.079561e+02  3.2482110752654728e+02
      3650  9.1250000000003268e+00  6.0614813128369763e-02  2.1315460394007837e+00  1.909634e-01  7.689559e+00  7.656035e+00  1.331599e+02  2.655601e+02  3.320597e+03  1.422413e+01  5.235557e+02  3.2469491668408870e+02
      3660  9.1500000000003219e+00  6.0348757008026721e-02  2.1253399493629059e+00  1.956253e-01  7.724871e+00  8.155185e+00  1.358527e+02  2.933814e+02  3.466499e+03  1.435426e+01  5.422395e+02  3.2445804363621818e+02
      3670  9.1750000000003169e+00  6.0083490816206460e-02  2.1189092729294696e+00  2.004796e-01  7.756427e+00  8.680562e+00  1.386232e+02  3.235030e+02  3.627682e+03  1.448686e+01  5.626652e+02  3.2411724125297872e+02
      3680  9.2000000000003119e+00  5.9819041812655759e-02  2.1122667621199134e+00  2.054812e-01  7.783284e+00  9.209169e+00  1.412989e+02  3.541745e+02  3.792134e+03  1.460791e+01  5.825948e+02  3.2367867145509433e+02
      3690  9.2250000000003070e+00  5.9555435763872358e-02  2.1054235187025161e+00  2.105873e-01  7.804264e+00  9.713793e+00  1.436695e+02  3.833194e+02  3.945086e+03  1.469986e+01  5.992857e+02  3.2314742594583555e+02
      3700  9.2500000000003020e+00  5.9292697161392419e-02  2.0983888258002072e+00  2.157687e-01  7.818220e+00  1.016925e+01  1.455361e+02  4.090064e+02  4.072609e+03  1.474560e+01  6.100588e+02  3.2252714859174483e+02
      3710  9.2750000000002970e+00  5.9030849451324342e-02  2.0911701408819132e+00  2.210205e-01  7.824369e+00  1.055895e+01  1.467674e+02  4.299605e+02  4.165697e+03  1.473283e+01  6.129094e+02  3.2181981135813862e+02
      3720  9.3000000000002920e+00  5.8769915253672089e-02  2.0837732673897507e+00  2.263690e-01  7.822611e+00  1.087984e+01  1.473449e+02  4.459684e+02  4.223592e+03  1.465791e+01  6.070030e+02  3.2102567996154283e+02
      3730  9.3250000000002871e+00  5.8509916549099171e-02  2.0762027017873494e+00  2.318739e-01  7.813705e+00  1.114412e+01  1.473839e+02  4.580381e+02  4.255153e+03  1.452766e+01  5.929212e+02  3.2014348337323094e+02
      3740  9.3500000000002821e+00  5.8250874812557814e-02  2.0684621306131787e+00  2.376257e-01  7.799254e+00  1.137689e+01  1.471182e+02  4.682327e+02  4.277527e+03  1.435861e+01  5.725810e+02  3.1917077607652266e+02
      3750  9.3750000000002771e+00  5.7992811077710697e-02  2.0605550316204404e+00  2.437378e-01  7.781437e+00  1.161016e+01  1.468504e+02  4.791896e+02  4.312222e+03  1.417351e+01  5.488338e+02  3.1810445713432068e+02
      3760  9.4000000000002721e+00  5.7735745922848476e-02  2.0524853175370739e+00  2.503338e-01  7.762559e+00  1.187476e+01  1.468777e+02  4.934384e+02  4.379548e+03  1.399582e+01  5.248340e+02  3.1694138919278862e+02
      3770  9.4250000000002672e+00  5.7479699377289931e-02  2.0442579529262010e+00  2.575324e-01  7.744518e+00  1.219226e+01  1.474148e+02  5.127051e+02  4.492975e+03  1.384384e+01  5.033305e+02  3.1567904650324510e+02
      3780  9.4500000000002622e+00  5.7224690755972432e-02  2.0358794755204443e+00  2.654314e-01  7.728358e+00  1.256936e+01  1.485340e+02  5.374040e+02  4.655057e+03  1.372591e+01  4.860638e+02  3.1431611592897093e+02
      3790  9.4750000000002572e+00  5.6970738437999616e-02  2.0273583634200558e+00  2.740933e-01  7.714033e+00  1.299617e+01  1.501433e+02  5.664742e+02  4.856137e+03  1.363854e+01  4.734330e+02  3.1285297960378978e+02
      3800  9.5000000000002522e+00  5.6717859611171331e-02  2.0187052075837375e+00  2.835328e-01  7.700491e+00  1.344906e+01  1.520092e+02  5.976170e+02  5.076265e+03  1.356790e+01  4.645309e+02  3.1129202205827664e+02
      3810  9.5250000000002473e+00  5.6466070008158967e-02  2.0099326728631977e+00  2.937107e-01  7.686055e+00  1.389723e+01  1.538194e+02  6.278736e+02  5.289864e+03  1.349467e+01  4.575519e+02  3.0963772661405102e+02
      3820  9.5500000000002423e+00  5.6215383660423827e-02  2.0010552573181744e+00  3.045318e-01  7.669009e+00  1.431116e+01  1.552682e+02  6.543785e+02  5.471910e+03  1.340084e+01  4.504637e+02  3.0789655292443877e+02
      3830  9.5750000000002373e+00  5.5965812693136587e-02  1.9920888850653657e+00  3.158502e-01  7.648203e+00  1.467036e+01  1.561383e+02  6.750715e+02  5.603876e+03  1.327655e+01  4.417494e+02  3.0607661609582829e+02
      3840  9.6000000000002323e+00  5.5717367178572487e-02  1.9830503887850042e+00  3.274793e-01  7.623478e+00  1.496822e+01  1.563562e+02  6.891599e+02  5.677746e+03  1.312456e+01  4.309873e+02  3.0418721379653476e+02
      3850  9.6250000000002274e+00  5.5470055057524566e-02  1.9739569510533959e+00  3.392078e-01  7.595764e+00  1.521234e+01  1.560019e+02  6.971966e+02  5.696909e+03  1.296105e+01  4.190686e+02  3.0223826722759009e+02
      3860  9.6500000000002224e+00  5.5223882129331700e-02  1.9648255767567986e+00  3.508179e-01  7.566797e+00  1.542031e+01  1.552726e+02  7.007585e+02  5.673767e+03  1.281173e+01  4.079597e+02  3.0023975168665402e+02
      3870  9.6750000000002174e+00  5.4978852102439829e-02  1.9556726613300310e+00  3.621055e-01  7.538540e+00  1.561227e+01  1.544093e+02  7.018342e+02  5.624914e+03  1.270450e+01  4.000636e+02  2.9820119103643736e+02
      3880  9.7000000000002125e+00  5.4734966690311165e-02  1.9465137025221999e+00  3.728987e-01  7.512480e+00  1.580258e+01  1.536131e+02  7.021244e+02  5.565555e+03  1.266040e+01  3.973764e+02  2.9613127787731025e+02
      3890  9.7250000000002075e+00  5.4492225732964618e-02  1.9373631795064530e+00  3.830737e-01  7.489050e+00  1.599351e+01  1.529750e+02  7.024819e+02  5.504970e+03  1.268588e+01  4.007256e+02  2.9403765971661852e+02
      3900  9.7500000000002025e+00  5.4250627323144965e-02  1.9282345962935317e+00  3.925646e-01  7.467374e+00  1.617299e+01  1.524446e+02  7.026711e+02  5.444390e+03  1.276883e+01  4.093569e+02  2.9192690459461522e+02
      3910  9.7750000000001975e+00  5.4010167918116983e-02  1.9191406609541894e+00  4.013676e-01  7.445447e+00  1.631741e+01  1.518462e+02  7.015152e+02  5.377803e+03  1.288016e+01  4.210295e+02  2.8980463203133070e+02
      3920  9.8000000000001926e+00  5.3770842422983862e-02  1.9100935521725817e+00  4.095382e-01  7.420707e+00  1.639862e+01  1.509382e+02  6.973704e+02  5.295240e+03  1.298070e+01  4.326027e+02  2.8767577138037598e+02
      3930  9.8250000000001876e+00  5.3532644238306552e-02  1.9011052131653827e+00  4.171817e-01  7.390836e+00  1.639310e+01  1.494964e+02  6.887634e+02  5.187356e+03  1.303188e+01  4.409262e+02  2.8554489344327402e+02
      3940  9.8500000000001826e+00  5.3295565272496667e-02  1.8921876114650613e+00  4.244397e-01  7.354546e+00  1.629043e+01  1.473954e+02  6.749792e+02  5.049746e+03  1.300679e+01  4.437475e+02  2.8341655471516106e+02
      3950  9.8750000000001776e+00  5.3059595926735731e-02  1.8833529111720921e+00  4.314725e-01  7.312093e+00  1.609822e+01  1.446619e+02  6.564177e+02  4.885607e+03  1.289858e+01  4.403496e+02  2.8129559723783393e+02
      3960  9.9000000000001727e+00  5.2824725065918565e-02  1.8746135201123386e+00  4.384420e-01  7.265366e+00  1.584201e+01  1.414836e+02  6.346097e+02  4.705921e+03  1.272315e+01  4.317309e+02  2.7918735925017205e+02
      3970  9.9250000000001677e+00  5.2590939992561397e-02  1.8659819948192473e+00  4.454952e-01  7.217513e+00  1.555997e+01  1.381700e+02  6.118952e+02  4.527180e+03  1.251542e+01  4.202908e+02  2.7709776975992105e+02
      3980  9.9500000000001627e+00  5.2358226441389842e-02  1.8574708078089803e+00  4.527514e-01  7.172227e+00  1.529386e+01  1.350765e+02  5.908597e+02  4.367404e+03  1.231978e+01  4.091293e+02  2.7503332017981188e+02
      3990  9.9750000000001577e+00  5.2126568610522235e-02  1.8490920008201965e+00  4.602941e-01  7.132893e+00  1.507893e+01  1.325146e+02  5.736895e+02  4.241621e+03  1.217780e+01  4.011730e+02  2.7300092466438213e+02
      4000  1.0000000000000153e+01  5.1895949241242807e-02  1.8408567619087766e+00  4.681674e-01  7.101847e+00  1.493567e+01  1.306739e+02  5.616243e+02  4.158069e+03  1.211668e+01  3.983699e+02  2.7100769487227552e+02
