         0  0.0000000000000000e+00  1.2500000000000000e-01  3.7500000000000000e-01 -0.000000e+00  3.375000e+00 -0.000000e+00  1.562500e+01 -0.000000e+00  8.374023e+01  3.375000e+00  1.562500e+01  1.1250000000000000e+00
        10  2.4999999999999998e-02  1.2497656418869381e-01  3.7495409720391515e-01  1.325691e-02  3.375301e+00  1.325787e-01  1.563092e+01  1.087746e+00  8.381022e+01  3.373816e+00  1.561447e+01  1.1250575518297750e+00
        20  5.0000000000000010e-02  1.2495312975405871e-01  3.7495697895429425e-01  2.651218e-02  3.376203e+00  2.651989e-01  1.564869e+01  2.176951e+00  8.402028e+01  3.370278e+00  1.558302e+01  1.1256520240837860e+00
        30  7.5000000000000025e-02  1.2492969364796634e-01  3.7500861352966336e-01  3.976745e-02  3.377708e+00  3.979350e-01  1.567832e+01  3.269345e+00  8.437080e+01  3.364422e+00  1.553107e+01  1.1267839723935411e+00
        40  1.0000000000000005e-01  1.2490625282328215e-01  3.7510899668658343e-01  5.302432e-02  3.379814e+00  5.308612e-01  1.571982e+01  4.366659e+00  8.486250e+01  3.356309e+00  1.545930e+01  1.1284548094654367e+00
        50  1.2500000000000006e-01  1.2488280423215772e-01  3.7525815145895625e-01  6.628433e-02  3.382524e+00  6.640509e-01  1.577322e+01  5.470621e+00  8.549644e+01  3.346023e+00  1.536863e+01  1.1306668053522937e+00
        60  1.5000000000000008e-01  1.2485934482433765e-01  3.7545612793393002e-01  7.954894e-02  3.385838e+00  7.975770e-01  1.583857e+01  6.582962e+00  8.627398e+01  3.333667e+00  1.526021e+01  1.1334230892943133e+00
        70  1.7500000000000010e-01  1.2483587154548288e-01  3.7570300300495774e-01  9.281947e-02  3.389757e+00  9.315118e-01  1.591591e+01  7.705414e+00  8.719683e+01  3.319366e+00  1.513542e+01  1.1367276531479857e+00
        80  2.0000000000000012e-01  1.2481238133551069e-01  3.7599888010274302e-01  1.060972e-01  3.394283e+00  1.065926e+00  1.600532e+01  8.839711e+00  8.826700e+01  3.303263e+00  1.499584e+01  1.1405853564317670e+00
        90  2.2500000000000014e-01  1.2478887112695228e-01  3.7634388890493103e-01  1.193831e-01  3.399418e+00  1.200891e+00  1.610685e+01  9.987592e+00  8.948682e+01  3.285518e+00  1.484320e+01  1.1450019330275385e+00
       100  2.5000000000000017e-01  1.2476533784333173e-01  3.7673818502558654e-01  1.326781e-01  3.405164e+00  1.336475e+00  1.622060e+01  1.115079e+01  9.085893e+01  3.266305e+00  1.467940e+01  1.1499839995870360e+00
       110  2.7500000000000019e-01  1.2474177839756412e-01  3.7718194968561491e-01  1.459831e-01  3.411522e+00  1.472745e+00  1.634663e+01  1.233106e+01  9.238627e+01  3.245813e+00  1.450645e+01  1.1555390657023681e+00
       120  3.0000000000000021e-01  1.2471818969037539e-01  3.7767538936539258e-01  1.592984e-01  3.418494e+00  1.609768e+00  1.648506e+01  1.353013e+01  9.407207e+01  3.224240e+00  1.432648e+01  1.1616755459097112e+00
       130  3.2500000000000023e-01  1.2469456860874562e-01  3.7821873544100310e-01  1.726245e-01  3.426083e+00  1.747607e+00  1.663597e+01  1.474974e+01  9.591986e+01  3.201794e+00  1.414166e+01  1.1684027736051865e+00
       140  3.5000000000000026e-01  1.2467091202437477e-01  3.7881224380554690e-01  1.859614e-01  3.434290e+00  1.886325e+00  1.679948e+01  1.599164e+01  9.793343e+01  3.178690e+00  1.395423e+01  1.1757310169617090e+00
       150  3.7500000000000028e-01  1.2464721679217243e-01  3.7945619447707934e-01  1.993089e-01  3.443116e+00  2.025981e+00  1.697568e+01  1.725756e+01  1.001168e+02  3.155147e+00  1.376645e+01  1.1836714969455413e+00
       160  4.0000000000000030e-01  1.2462347974877341e-01  3.8015089119478468e-01  2.126667e-01  3.452562e+00  2.166632e+00  1.716469e+01  1.854923e+01  1.024744e+02  3.131386e+00  1.358059e+01  1.1922364075410643e+00
       170  4.2500000000000032e-01  1.2459969771107800e-01  3.8089666100503844e-01  2.260340e-01  3.462629e+00  2.308332e+00  1.736662e+01  1.986836e+01  1.050106e+02  3.107629e+00  1.339887e+01  1.2014389383022896e+00
       180  4.5000000000000034e-01  1.2457586747481718e-01  3.8169385383903781e-01  2.394098e-01  3.473318e+00  2.451133e+00  1.758157e+01  2.121665e+01  1.077302e+02  3.084095e+00  1.322351e+01  1.2112932993595562e+00
       190  4.7500000000000037e-01  1.2455198581314453e-01  3.8254284208368344e-01  2.527928e-01  3.484627e+00  2.595081e+00  1.780965e+01  2.259579e+01  1.106382e+02  3.061002e+00  1.305664e+01  1.2218147490200733e+00
       200  5.0000000000000033e-01  1.2452804947525664e-01  3.8344402014739493e-01  2.661814e-01  3.496555e+00  2.740221e+00  1.805096e+01  2.400742e+01  1.137396e+02  3.038561e+00  1.290035e+01  1.2330196241111331e+00
       210  5.2499999999999980e-01  1.2450405518503571e-01  3.8439780402250417e-01  2.795736e-01  3.509101e+00  2.886591e+00  1.830560e+01  2.545318e+01  1.170397e+02  3.016977e+00  1.275663e+01  1.2449253732253414e+00
       220  5.4999999999999927e-01  1.2447999963972339e-01  3.8540463084584381e-01  2.929672e-01  3.522262e+00  3.034225e+00  1.857366e+01  2.693465e+01  1.205438e+02  2.996445e+00  1.262739e+01  1.2575505930379591e+00
       230  5.7499999999999873e-01  1.2445587950861810e-01  3.8646495845907630e-01  3.063595e-01  3.536033e+00  3.183153e+00  1.885520e+01  2.845335e+01  1.242573e+02  2.977153e+00  1.251444e+01  1.2709150678772902e+00
       240  5.9999999999999820e-01  1.2443169143180176e-01  3.8757926497024375e-01  3.197475e-01  3.550411e+00  3.333399e+00  1.915028e+01  3.001078e+01  1.281857e+02  2.959277e+00  1.241949e+01  1.2850398127404321e+00
       250  6.2499999999999767e-01  1.2440743201889023e-01  3.8874804831792609e-01  3.331279e-01  3.565388e+00  3.484980e+00  1.945896e+01  3.160834e+01  1.323342e+02  2.942980e+00  1.234415e+01  1.2999471199583925e+00
       260  6.4999999999999714e-01  1.2438309784781255e-01  3.8997182583928641e-01  3.464968e-01  3.580957e+00  3.637908e+00  1.978127e+01  3.324737e+01  1.367084e+02  2.928415e+00  1.228991e+01  1.3156606097265215e+00
       270  6.7499999999999660e-01  1.2435868546361570e-01  3.9125113384319371e-01  3.598503e-01  3.597109e+00  3.792187e+00  2.011720e+01  3.492911e+01  1.413133e+02  2.915720e+00  1.225816e+01  1.3322052847288197e+00
       280  6.9999999999999607e-01  1.2433419137729357e-01  3.9258652718943626e-01  3.731837e-01  3.613834e+00  3.947814e+00  2.046674e+01  3.665471e+01  1.461539e+02  2.905021e+00  1.225018e+01  1.3496075890976678e+00
       290  7.2499999999999554e-01  1.2430961206464425e-01  3.9397857887495091e-01  3.864923e-01  3.631121e+00  4.104778e+00  2.082984e+01  3.842519e+01  1.512351e+02  2.896428e+00  1.226714e+01  1.3678954719639853e+00
       300  7.4999999999999500e-01  1.2428494396514933e-01  3.9542787962782627e-01  3.997708e-01  3.648956e+00  4.263059e+00  2.120643e+01  4.024144e+01  1.565612e+02  2.890039e+00  1.231012e+01  1.3870984558670874e+00
       310  7.7499999999999447e-01  1.2426018348088068e-01  3.9693503750965581e-01  4.130136e-01  3.667323e+00  4.422629e+00  2.159639e+01  4.210422e+01  1.621363e+02  2.885935e+00  1.238008e+01  1.4072477103078618e+00
       320  7.9999999999999394e-01  1.2423532697542834e-01  3.9850067752670776e-01  4.262147e-01  3.686206e+00  4.583449e+00  2.199959e+01  4.401412e+01  1.679639e+02  2.884183e+00  1.247787e+01  1.4283761307444303e+00
       330  8.2499999999999341e-01  1.2421037077285468e-01  4.0012544125015970e-01  4.393676e-01  3.705586e+00  4.745472e+00  2.241584e+01  4.597153e+01  1.740470e+02  2.884838e+00  1.260427e+01  1.4505184233450985e+00
       340  8.4999999999999287e-01  1.2418531115667000e-01  4.0180998644550059e-01  4.524657e-01  3.725442e+00  4.908640e+00  2.284490e+01  4.797667e+01  1.803879e+02  2.887937e+00  1.275991e+01  1.4737111958297584e+00
       350  8.7499999999999234e-01  1.2416014436883124e-01  4.0355498671101181e-01  4.655018e-01  3.745751e+00  5.072884e+00  2.328650e+01  5.002953e+01  1.869881e+02  2.893505e+00  1.294535e+01  1.4979930547477764e+00
       360  8.9999999999999181e-01  1.2413486660876233e-01  4.0536113112508249e-01  4.784684e-01  3.766490e+00  5.238122e+00  2.374032e+01  5.212987e+01  1.938482e+02  2.901553e+00  1.316105e+01  1.5234047095576668e+00
       370  9.2499999999999127e-01  1.2410947403239687e-01  4.0722912390190769e-01  4.913578e-01  3.787631e+00  5.404264e+00  2.420598e+01  5.427719e+01  2.009680e+02  2.912077e+00  1.340732e+01  1.5499890838913415e+00
       380  9.4999999999999074e-01  1.2408396275124149e-01  4.0915968405496883e-01  5.041617e-01  3.809145e+00  5.571204e+00  2.468304e+01  5.647073e+01  2.083459e+02  2.925060e+00  1.368440e+01  1.5777914344034112e+00
       390  9.7499999999999021e-01  1.2405832883145919e-01  4.1115354506749124e-01  5.168717e-01  3.831002e+00  5.738826e+00  2.517101e+01  5.870942e+01  2.159795e+02  2.940474e+00  1.399239e+01  1.6068594776234228e+00
       400  9.9999999999998967e-01  1.2403256829297510e-01  4.1321145456895991e-01  5.294791e-01  3.853169e+00  5.907002e+00  2.566934e+01  6.099191e+01  2.238649e+02  2.958275e+00  1.433126e+01  1.6372435252459179e+00
       410  1.0249999999999893e+00  1.2400667710859967e-01  4.1533417401651257e-01  5.419746e-01  3.875611e+00  6.075589e+00  2.617741e+01  6.331649e+01  2.319966e+02  2.978409e+00  1.470085e+01  1.6689966283089839e+00
       420  1.0499999999999887e+00  1.2398065120317323e-01  4.1752247837999190e-01  5.543489e-01  3.898291e+00  6.244432e+00  2.669452e+01  6.568114e+01  2.403679e+02  3.000809e+00  1.510088e+01  1.7021747307262387e+00
       430  1.0749999999999882e+00  1.2395448645272972e-01  4.1977715582917274e-01  5.665924e-01  3.921170e+00  6.413363e+00  2.721994e+01  6.808346e+01  2.489704e+02  3.025397e+00  1.553088e+01  1.7368368326483414e+00
       440  1.0999999999999877e+00  1.2392817868368031e-01  4.2209900742161055e-01  5.786951e-01  3.944207e+00  6.582201e+00  2.775284e+01  7.052070e+01  2.577938e+02  3.052085e+00  1.599026e+01  1.7730451641374492e+00
       450  1.1249999999999871e+00  1.2390172367201638e-01  4.2448884678938287e-01  5.906470e-01  3.967360e+00  6.750753e+00  2.829233e+01  7.298970e+01  2.668262e+02  3.080773e+00  1.647822e+01  1.8108653696391872e+00
       460  1.1499999999999866e+00  1.2387511714253194e-01  4.2694749982287011e-01  6.024378e-01  3.990584e+00  6.918813e+00  2.883744e+01  7.548695e+01  2.760537e+02  3.111352e+00  1.699381e+01  1.8503667037294445e+00
       470  1.1749999999999861e+00  1.2384835476806583e-01  4.2947580434961058e-01  6.140569e-01  4.013834e+00  7.086161e+00  2.938716e+01  7.800852e+01  2.854606e+02  3.143703e+00  1.753587e+01  1.8916222385944041e+00
       480  1.1999999999999855e+00  1.2382143216876644e-01  4.3207460980613549e-01  6.254936e-01  4.037061e+00  7.252567e+00  2.994037e+01  8.055010e+01  2.950291e+02  3.177699e+00  1.810307e+01  1.9347090836677769e+00
       490  1.2249999999999850e+00  1.2379434491137353e-01  4.3474477690056190e-01  6.367372e-01  4.060217e+00  7.417788e+00  3.049591e+01  8.310696e+01  3.047393e+02  3.213206e+00  1.869386e+01  1.9797086177936052e+00
       500  1.2499999999999845e+00  1.2376708850852468e-01  4.3748717726364678e-01  6.477767e-01  4.083251e+00  7.581574e+00  3.105256e+01  8.567401e+01  3.145695e+02  3.250081e+00  1.930649e+01  2.0267067342015626e+00
       510  1.2749999999999839e+00  1.2373965841808192e-01  4.4030269308585657e-01  6.586012e-01  4.106112e+00  7.743660e+00  3.160901e+01  8.824577e+01  3.244958e+02  3.288175e+00  1.993899e+01  2.0757940984660026e+00
       520  1.2999999999999834e+00  1.2371205004248512e-01  4.4319221673791298e-01  6.691997e-01  4.128748e+00  7.903777e+00  3.216392e+01  9.081640e+01  3.344924e+02  3.327336e+00  2.058923e+01  2.1270664194631972e+00
       530  1.3249999999999829e+00  1.2368425872812400e-01  4.4615665037213492e-01  6.795610e-01  4.151107e+00  8.061644e+00  3.271590e+01  9.337971e+01  3.445317e+02  3.367403e+00  2.125485e+01  2.1806247331361512e+00
       540  1.3499999999999823e+00  1.2365627976474103e-01  4.4919690550181751e-01  6.896741e-01  4.173135e+00  8.216976e+00  3.326348e+01  9.592921e+01  3.545840e+02  3.408218e+00  2.193333e+01  2.2365756986124175e+00
       550  1.3749999999999818e+00  1.2362810838485806e-01  4.5231390255567794e-01  6.995281e-01  4.194779e+00  8.369481e+00  3.380519e+01  9.845811e+01  3.646182e+02  3.449614e+00  2.262197e+01  2.2950319058937119e+00
       560  1.3999999999999813e+00  1.2359973976323446e-01  4.5550857040434106e-01  7.091119e-01  4.215986e+00  8.518866e+00  3.433951e+01  1.009593e+02  3.746015e+02  3.491430e+00  2.331794e+01  2.3561121939374701e+00
       570  1.4249999999999807e+00  1.2357116901635276e-01  4.5878184585562848e-01  7.184147e-01  4.236704e+00  8.664831e+00  3.486488e+01  1.034257e+02  3.844997e+02  3.533501e+00  2.401828e+01  2.4199419774793802e+00
       580  1.4499999999999802e+00  1.2354239120193820e-01  4.6213467311534073e-01  7.274260e-01  4.256880e+00  8.807079e+00  3.537976e+01  1.058497e+02  3.942777e+02  3.575665e+00  2.471993e+01  2.4866535804000072e+00
       590  1.4749999999999797e+00  1.2351340131851493e-01  4.6556800321000036e-01  7.361350e-01  4.276463e+00  8.945311e+00  3.588257e+01  1.082238e+02  4.038991e+02  3.617764e+00  2.541979e+01  2.5563865728233099e+00
       600  1.4999999999999791e+00  1.2348419430499644e-01  4.6908279336805936e-01  7.445315e-01  4.295404e+00  9.079234e+00  3.637175e+01  1.105404e+02  4.133274e+02  3.659643e+00  2.611470e+01  2.6292881084588067e+00
       610  1.5249999999999786e+00  1.2345476504031769e-01  4.7268000635589574e-01  7.526054e-01  4.313654e+00  9.208556e+00  3.684578e+01  1.127919e+02  4.225251e+02  3.701156e+00  2.680153e+01  2.7055132579774086e+00
       620  1.5499999999999781e+00  1.2342510834310982e-01  4.7636060976501909e-01  7.603468e-01  4.331168e+00  9.332993e+00  3.730311e+01  1.149707e+02  4.314553e+02  3.742159e+00  2.747716e+01  2.7852253334630310e+00
       630  1.5749999999999775e+00  1.2339521897142174e-01  4.8012557524697086e-01  7.677462e-01  4.347901e+00  9.452270e+00  3.774229e+01  1.170694e+02  4.400811e+02  3.782519e+00  2.813854e+01  2.8685961982356716e+00
       640  1.5999999999999770e+00  1.2336509162248922e-01  4.8397587769266170e-01  7.747944e-01  4.363812e+00  9.566120e+00  3.816188e+01  1.190808e+02  4.483662e+02  3.822111e+00  2.878273e+01  2.9558065556264888e+00
       650  1.6249999999999765e+00  1.2333472093255879e-01  4.8791249435319139e-01  7.814824e-01  4.378863e+00  9.674289e+00  3.856051e+01  1.209977e+02  4.562754e+02  3.860820e+00  2.940689e+01  3.0470462096365702e+00
       660  1.6499999999999759e+00  1.2330410147676910e-01  4.9193640389982041e-01  7.878018e-01  4.393019e+00  9.776537e+00  3.893690e+01  1.228135e+02  4.637750e+02  3.898540e+00  3.000836e+01  3.1425142898672056e+00
       670  1.6749999999999754e+00  1.2327322776908890e-01  4.9604858542140146e-01  7.937443e-01  4.406247e+00  9.872639e+00  3.928984e+01  1.245219e+02  4.708329e+02  3.935176e+00  3.058464e+01  3.2424194327067322e+00
       680  1.6999999999999749e+00  1.2324209426232495e-01  5.0025001735856744e-01  7.993023e-01  4.418520e+00  9.962387e+00  3.961822e+01  1.261170e+02  4.774190e+02  3.970642e+00  3.113341e+01  3.3469799105355458e+00
       690  1.7249999999999743e+00  1.2321069534819476e-01  5.0454167637511704e-01  8.044686e-01  4.429814e+00  1.004559e+01  3.992104e+01  1.275934e+02  4.835060e+02  4.004865e+00  3.165259e+01  3.4564237006985410e+00
       700  1.7499999999999738e+00  1.2317902535747199e-01  5.0892453616840427e-01  8.092361e-01  4.440109e+00  1.012208e+01  4.019741e+01  1.289463e+02  4.890689e+02  4.037780e+00  3.214030e+01  3.5709884862212515e+00
       710  1.7749999999999733e+00  1.2314707856021002e-01  5.1339956622216099e-01  8.135986e-01  4.449390e+00  1.019171e+01  4.044657e+01  1.301715e+02  4.940860e+02  4.069335e+00  3.259491e+01  3.6909215807308922e+00
       720  1.7999999999999727e+00  1.2311484916604290e-01  5.1796773050695899e-01  8.175502e-01  4.457646e+00  1.025435e+01  4.066790e+01  1.312653e+02  4.985389e+02  4.099487e+00  3.301503e+01  3.8164797707991864e+00
       730  1.8249999999999722e+00  1.2308233132456965e-01  5.2262998613550271e-01  8.210853e-01  4.464874e+00  1.030990e+01  4.086090e+01  1.322250e+02  5.024126e+02  4.128204e+00  3.339949e+01  3.9479290699488838e+00
       740  1.8499999999999717e+00  1.2304951912582489e-01  5.2738728198207785e-01  8.241991e-01  4.471071e+00  1.035828e+01  4.102525e+01  1.330483e+02  5.056960e+02  4.155463e+00  3.374743e+01  4.0855443798534301e+00
       750  1.8749999999999711e+00  1.2301640660083407e-01  5.3224055727764519e-01  8.268870e-01  4.476243e+00  1.039943e+01  4.116074e+01  1.337339e+02  5.083817e+02  4.181252e+00  3.405820e+01  4.2296090557878498e+00
       760  1.8999999999999706e+00  1.2298298772225774e-01  5.3719074019437985e-01  8.291451e-01  4.480400e+00  1.043332e+01  4.126733e+01  1.342811e+02  5.104662e+02  4.205569e+00  3.433146e+01  4.3804143751320135e+00
       770  1.9249999999999701e+00  1.2294925640512826e-01  5.4223874643566383e-01  8.309698e-01  4.483558e+00  1.045994e+01  4.134515e+01  1.346899e+02  5.119501e+02  4.228424e+00  3.456710e+01  4.5382589096458972e+00
       780  1.9499999999999695e+00  1.2291520650766480e-01  5.4738547784974623e-01  8.323581e-01  4.485737e+00  1.047931e+01  4.139446e+01  1.349612e+02  5.128378e+02  4.249833e+00  3.476535e+01  4.7034478042904739e+00
       790  1.9749999999999690e+00  1.2288083183218437e-01  5.5263182108728481e-01  8.333074e-01  4.486965e+00  1.049147e+01  4.141569e+01  1.350965e+02  5.131377e+02  4.269828e+00  3.492669e+01  4.8762919675079441e+00
       800  1.9999999999999685e+00  1.2284612612608709e-01  5.5797864632493621e-01  8.338155e-01  4.487272e+00  1.049647e+01  4.140940e+01  1.350982e+02  5.128619e+02  4.288448e+00  3.505195e+01  5.0571071800531646e+00
       810  2.0249999999999679e+00  1.2281108308292091e-01  5.6342680607871198e-01  8.338807e-01  4.486698e+00  1.049439e+01  4.137631e+01  1.349692e+02  5.120260e+02  4.305745e+00  3.514228e+01  5.2462131316365817e+00
       820  2.0499999999999674e+00  1.2277569634351758e-01  5.6897713413222650e-01  8.335018e-01  4.485283e+00  1.048534e+01  4.131728e+01  1.347131e+02  5.106493e+02  4.321784e+00  3.519918e+01  5.4439323967502133e+00
       830  2.0749999999999669e+00  1.2273995949719312e-01  5.7463044460601942e-01  8.326778e-01  4.483078e+00  1.046943e+01  4.123331e+01  1.343340e+02  5.087538e+02  4.336639e+00  3.522454e+01  5.6505893630617718e+00
       840  2.0999999999999663e+00  1.2270386608299512e-01  5.8038753119480602e-01  8.314083e-01  4.480133e+00  1.044680e+01  4.112551e+01  1.338366e+02  5.063648e+02  4.350398e+00  3.522065e+01  5.8665091276411330e+00
       850  2.1249999999999658e+00  1.2266740959100081e-01  5.8624916659995407e-01  8.296929e-01  4.476509e+00  1.041759e+01  4.099512e+01  1.332262e+02  5.035100e+02  4.363163e+00  3.519020e+01  6.0920163780014027e+00
       860  2.1499999999999653e+00  1.2263058346363520e-01  5.9221610218440135e-01  8.275321e-01  4.472267e+00  1.038197e+01  4.084349e+01  1.325083e+02  5.002192e+02  4.375047e+00  3.513633e+01  6.3274342764696199e+00
       870  2.1749999999999647e+00  1.2259338109700840e-01  5.9828906787699887e-01  8.249261e-01  4.467476e+00  1.034010e+01  4.067208e+01  1.316887e+02  4.965245e+02  4.386174e+00  3.506263e+01  6.5730833677424334e+00
       880  2.1999999999999642e+00  1.2255579584224932e-01  6.0446877235253815e-01  8.218759e-01  4.462208e+00  1.029216e+01  4.048243e+01  1.307737e+02  4.924593e+02  4.396685e+00  3.497315e+01  6.8292805306198190e+00
       890  2.2249999999999637e+00  1.2251782100681945e-01  6.1075590351278841e-01  8.183825e-01  4.456540e+00  1.023833e+01  4.027616e+01  1.297695e+02  4.880584e+02  4.406728e+00  3.487243e+01  7.0963379958523776e+00
       900  2.2499999999999631e+00  1.2247944985578364e-01  6.1715112929262583e-01  8.144472e-01  4.450553e+00  1.017880e+01  4.005499e+01  1.286826e+02  4.833574e+02  4.416466e+00  3.476547e+01  7.3745624527925004e+00
       910  2.2749999999999626e+00  1.2244067561302473e-01  6.2365509881388248e-01  8.100715e-01  4.444330e+00  1.011374e+01  3.982069e+01  1.275195e+02  4.783927e+02  4.426072e+00  3.465771e+01  7.6642542681215096e+00
       920  2.2999999999999621e+00  1.2240149146237077e-01  6.3026844390787262e-01  8.052573e-01  4.437962e+00  1.004334e+01  3.957508e+01  1.262866e+02  4.732010e+02  4.435729e+00  3.455508e+01  7.9657068403526647e+00
       930  2.3249999999999615e+00  1.2236189054861708e-01  6.3699178102572007e-01  8.000064e-01  4.431539e+00  9.967770e+00  3.932004e+01  1.249901e+02  4.678191e+02  4.445627e+00  3.446392e+01  8.2792061141030704e+00
       940  2.3499999999999610e+00  1.2232186597841611e-01  6.4382571355375018e-01  7.943211e-01  4.425157e+00  9.887190e+00  3.905751e+01  1.236360e+02  4.622837e+02  4.455966e+00  3.439095e+01  8.6050302783059252e+00
       950  2.3749999999999605e+00  1.2228141082100863e-01  6.5077083454915186e-01  7.882036e-01  4.418913e+00  9.801757e+00  3.878945e+01  1.222303e+02  4.566311e+02  4.466953e+00  3.434329e+01  8.9434496726155661e+00
       960  2.3999999999999599e+00  1.2224051810877469e-01  6.5782772990912219e-01  7.816564e-01  4.412908e+00  9.711608e+00  3.851787e+01  1.207783e+02  4.508973e+02  4.478796e+00  3.432836e+01  9.2947269262524763e+00
       970  2.4249999999999594e+00  1.2219918083756594e-01  6.6499698198467327e-01  7.746822e-01  4.407246e+00  9.616867e+00  3.824479e+01  1.192850e+02  4.451176e+02  4.491710e+00  3.435386e+01  9.6591173534522188e+00
       980  2.4499999999999589e+00  1.2215739196680481e-01  6.7227917364821743e-01  7.672837e-01  4.402032e+00  9.517638e+00  3.797229e+01  1.177550e+02  4.393269e+02  4.505911e+00  3.442773e+01  1.0036869629517977e+01
       990  2.4749999999999583e+00  1.2211514441931100e-01  6.7967489282201976e-01  7.594638e-01  4.397372e+00  9.414004e+00  3.770245e+01  1.161922e+02  4.335592e+02  4.521614e+00  3.455808e+01  1.0428226771223629e+01
      1000  2.4999999999999578e+00  1.2207243108083385e-01  6.8718473747260167e-01  7.512256e-01  4.393376e+00  9.306026e+00  3.743742e+01  1.145999e+02  4.278482e+02  4.539033e+00  3.475315e+01  1.0833427444961766e+01
      1010  2.5249999999999573e+00  1.2202924479925482e-01  6.9480932107404936e-01  7.425723e-01  4.390153e+00  9.193740e+00  3.717933e+01  1.129810e+02  4.222271e+02  4.558378e+00  3.502122e+01  1.1252707625560491e+01
      1020  2.5499999999999567e+00  1.2198557838343682e-01  7.0254927854100235e-01  7.335072e-01  4.387813e+00  9.077157e+00  3.693039e+01  1.113372e+02  4.167285e+02  4.579851e+00  3.537055e+01  1.1686302628091806e+01
      1030  2.5749999999999562e+00  1.2194142460168571e-01  7.1040527262986930e-01  7.240339e-01  4.386468e+00  8.956261e+00  3.669282e+01  1.096698e+02  4.113854e+02  4.603651e+00  3.580927e+01  1.2134449534253076e+01
      1040  2.5999999999999557e+00  1.2189677617980145e-01  7.1837800080416703e-01  7.141561e-01  4.386229e+00  8.831007e+00  3.646890e+01  1.079791e+02  4.062305e+02  4.629961e+00  3.634523e+01  1.2597390034010784e+01
      1050  2.6249999999999551e+00  1.2185162579868103e-01  7.2646820255720757e-01  7.038777e-01  4.387206e+00  8.701322e+00  3.626094e+01  1.062645e+02  4.012972e+02  4.658955e+00  3.698585e+01  1.3075373702145916e+01
      1060  2.6499999999999546e+00  1.2180596609145300e-01  7.3467666718212388e-01  6.932027e-01  4.389510e+00  8.567107e+00  3.607132e+01  1.045247e+02  3.966196e+02  4.690791e+00  3.773798e+01  1.3568661728101647e+01
      1070  2.6749999999999541e+00  1.2175978964011505e-01  7.4300424197580406e-01  6.821356e-01  4.393249e+00  8.428232e+00  3.590245e+01  1.027571e+02  3.922329e+02  4.725613e+00  3.860779e+01  1.4077531116041943e+01
      1080  2.6999999999999535e+00  1.2171308897163871e-01  7.5145184085932659e-01  6.706808e-01  4.398529e+00  8.284542e+00  3.575683e+01  1.009584e+02  3.881742e+02  4.763545e+00  3.960066e+01  1.4602279370144057e+01
      1090  2.7249999999999530e+00  1.2166585655353104e-01  7.6002045339334035e-01  6.588433e-01  4.405455e+00  8.135856e+00  3.563699e+01  9.912407e+01  3.844826e+02  4.804693e+00  4.072120e+01  1.5143229677635437e+01
      1100  2.7499999999999525e+00  1.2161808478881740e-01  7.6871115416222235e-01  6.466281e-01  4.414128e+00  7.981971e+00  3.554555e+01  9.724868e+01  3.811998e+02  4.849143e+00  4.197337e+01  1.5700736598582409e+01
      1110  2.7749999999999519e+00  1.2156976601042666e-01  7.7752511249628653e-01  6.340407e-01  4.424645e+00  7.822660e+00  3.548519e+01  9.532561e+01  3.783708e+02  4.896965e+00  4.336060e+01  1.6275192266460870e+01
      1120  2.7999999999999514e+00  1.2152089247496267e-01  7.8646360249682479e-01  6.210870e-01  4.437098e+00  7.657682e+00  3.545865e+01  9.334719e+01  3.760443e+02  4.948209e+00  4.488612e+01  1.6867033096511438e+01
      1130  2.8249999999999509e+00  1.2147145635583562e-01  7.9552801332477063e-01  6.077729e-01  4.451574e+00  7.486780e+00  3.546872e+01  9.130461e+01  3.742731e+02  5.002906e+00  4.655319e+01  1.7476746989214590e+01
      1140  2.8499999999999504e+00  1.2142144973575092e-01  8.0471985971077553e-01  5.941050e-01  4.468155e+00  7.309687e+00  3.551826e+01  8.918802e+01  3.731145e+02  5.061070e+00  4.836534e+01  1.8104881003448572e+01
      1150  2.8749999999999498e+00  1.2137086459852617e-01  8.1404079264310525e-01  5.800902e-01  4.486913e+00  7.126133e+00  3.561016e+01  8.698657e+01  3.726303e+02  5.122697e+00  5.032638e+01  1.8752049457834559e+01
      1160  2.8999999999999493e+00  1.2131969282024577e-01  8.2349261019063469e-01  5.657355e-01  4.507914e+00  6.935852e+00  3.574730e+01  8.468857e+01  3.728865e+02  5.187759e+00  5.244004e+01  1.9418942399738143e+01
      1170  2.9249999999999488e+00  1.2126792615972946e-01  8.3307726842201346e-01  5.510487e-01  4.531213e+00  6.738585e+00  3.593258e+01  8.228172e+01  3.739527e+02  5.256206e+00  5.470895e+01  2.0106334360326905e+01
      1180  2.9499999999999482e+00  1.2121555624831823e-01  8.4279689238952216e-01  5.360377e-01  4.556857e+00  6.534094e+00  3.616880e+01  7.975352e+01  3.759002e+02  5.327954e+00  5.713296e+01  2.0815093292665477e+01
      1190  2.9749999999999477e+00  1.2116257457897335e-01  8.5265378715724993e-01  5.207111e-01  4.584878e+00  6.322169e+00  3.645865e+01  7.709170e+01  3.788007e+02  5.402884e+00  5.970660e+01  2.1546189570433420e+01
      1200  2.9999999999999472e+00  1.2110897249468515e-01  8.6265044886785114e-01  5.050776e-01  4.615299e+00  6.102644e+00  3.680458e+01  7.428483e+01  3.827233e+02  5.480829e+00  6.241630e+01  2.2300704910328861e+01
      1210  3.0249999999999466e+00  1.2105474117618611e-01  8.7278957585900008e-01  4.891466e-01  4.648127e+00  5.875405e+00  3.720877e+01  7.132296e+01  3.877321e+02  5.561570e+00  6.523794e+01  2.3079841074499836e+01
      1220  3.0499999999999461e+00  1.2099987162897007e-01  8.8307407985757713e-01  4.729280e-01  4.683356e+00  5.640408e+00  3.767297e+01  6.819824e+01  3.938830e+02  5.644833e+00  6.813591e+01  2.3884928212885608e+01
      1230  3.0749999999999456e+00  1.2094435466960811e-01  8.9350709729313549e-01  4.564319e-01  4.720964e+00  5.397688e+00  3.819848e+01  6.490548e+01  4.012219e+02  5.730295e+00  7.106481e+01  2.4717432720501268e+01
      1240  3.0999999999999450e+00  1.2088818091134745e-01  9.0409200077805285e-01  4.396692e-01  4.760915e+00  5.147372e+00  3.878607e+01  6.144242e+01  4.097833e+02  5.817595e+00  7.397459e+01  2.5578964511115043e+01
      1250  3.1249999999999445e+00  1.2083134074899371e-01  9.1483241079474520e-01  4.226507e-01  4.803157e+00  4.889680e+00  3.943594e+01  5.780984e+01  4.195903e+02  5.906368e+00  7.681904e+01  2.6471283643998852e+01
      1260  3.1499999999999440e+00  1.2077382434304776e-01  9.2573220760570674e-01  4.053877e-01  4.847623e+00  4.624923e+00  4.014777e+01  5.401123e+01  4.306567e+02  5.996285e+00  7.956635e+01  2.7396306279857139e+01
      1270  3.1749999999999434e+00  1.2071562160309747e-01  9.3679554335579951e-01  3.878917e-01  4.894234e+00  4.353501e+00  4.092077e+01  5.005223e+01  4.429901e+02  6.087115e+00  8.220932e+01  2.8356109979203328e+01
      1280  3.1999999999999429e+00  1.2065672217044476e-01  9.4802685426705591e-01  3.701737e-01  4.942899e+00  4.075877e+00  4.175380e+01  4.593984e+01  4.565950e+02  6.178790e+00  8.477239e+01  2.9352938383915742e+01
      1290  3.2249999999999424e+00  1.2059711539997464e-01  9.5943087273525063e-01  3.522448e-01  4.993516e+00  3.792561e+00  4.264548e+01  4.168164e+01  4.714770e+02  6.271468e+00  8.731260e+01  3.0389205333238252e+01
      1300  3.2499999999999418e+00  1.2053679034127669e-01  9.7101263903136636e-01  3.341153e-01  5.045977e+00  3.504084e+00  4.359434e+01  3.728509e+01  4.876443e+02  6.365593e+00  8.991346e+01  3.1467498453518555e+01
      1310  3.2749999999999413e+00  1.2047573571906001e-01  9.8277751219931531e-01  3.157946e-01  5.100168e+00  3.210968e+00  4.459885e+01  3.275721e+01  5.051070e+02  6.461921e+00  9.267246e+01  3.2590582224008564e+01
      1320  3.2999999999999408e+00  1.2041393991292312e-01  9.9473117963858260e-01  2.972913e-01  5.155975e+00  2.913706e+00  4.565747e+01  2.810467e+01  5.238742e+02  6.561528e+00  9.568525e+01  3.3761400460738351e+01
      1330  3.3249999999999402e+00  1.2035139093658499e-01  1.0068796647828195e+00  2.786124e-01  5.213281e+00  2.612745e+00  4.676861e+01  2.333420e+01  5.439477e+02  6.665774e+00  9.903101e+01  3.4983078083111891e+01
      1340  3.3499999999999397e+00  1.2028807641670916e-01  1.0192293322501822e+00  2.597641e-01  5.271971e+00  2.308475e+00  4.793057e+01  1.845342e+01  5.653150e+02  6.776246e+00  1.027636e+02  3.6258921944083063e+01
      1350  3.3749999999999392e+00  1.2022398357150597e-01  1.0317868898620983e+00  2.407512e-01  5.331931e+00  2.001232e+00  4.914136e+01  1.347148e+01  5.879428e+02  6.894684e+00  1.069112e+02  3.7592420428324104e+01
      1360  3.3999999999999386e+00  1.2015909918931848e-01  1.0445593870134995e+00  2.215776e-01  5.393052e+00  1.691295e+00  5.039867e+01  8.399627e+00  6.117720e+02  7.022905e+00  1.114856e+02  3.8987241468750298e+01
      1370  3.4249999999999381e+00  1.2009340960743799e-01  1.0575542090305472e+00  2.022463e-01  5.455221e+00  1.378903e+00  5.169973e+01  3.251140e+00  6.367178e+02  7.162742e+00  1.164973e+02  4.0447228614065097e+01
      1380  3.4499999999999376e+00  1.2002690069140409e-01  1.0707790673634645e+00  1.827605e-01  5.518330e+00  1.064254e+00  5.304133e+01 -1.959179e+00  6.626731e+02  7.316009e+00  1.219739e+02  4.1976394809118325e+01
      1390  3.4749999999999370e+00  1.1995955781504480e-01  1.0842419857158210e+00  1.631237e-01  5.582270e+00  7.475160e-01  5.441989e+01 -7.216071e+00  6.895159e+02  7.484502e+00  1.279754e+02  4.3578913630780505e+01
      1400  3.4999999999999365e+00  1.1989136584150380e-01  1.0979512824828406e+00  1.433402e-01  5.646931e+00  4.288260e-01  5.583156e+01 -1.250510e+01  7.171182e+02  7.670033e+00  1.346037e+02  4.5259107852936175e+01
      1410  3.5249999999999360e+00  1.1982230910546832e-01  1.1119155501317521e+00  1.234164e-01  5.712203e+00  1.082912e-01  5.727236e+01 -1.781386e+01  7.453547e+02  7.874484e+00  1.420049e+02  4.7021435386280423e+01
      1420  3.5499999999999354e+00  1.1975237139675557e-01  1.1261436323778211e+00  1.033605e-01  5.777977e+00 -2.140150e-01  5.873832e+01 -2.313285e+01  7.741090e+02  8.099872e+00  1.503670e+02  4.8870472836935292e+01
      1430  3.5749999999999349e+00  1.1968153594537033e-01  1.1406446001657966e+00  8.318375e-02  5.844149e+00 -5.380559e-01  6.022560e+01 -2.845582e+01  8.032756e+02  8.348425e+00  1.599142e+02  5.0810897133137786e+01
      1440  3.5999999999999344e+00  1.1960978540807482e-01  1.1554277275406364e+00  6.290019e-02  5.910615e+00 -8.638348e-01  6.173055e+01 -3.377969e+01  8.327597e+02  8.622631e+00  1.709040e+02  5.2847465859976367e+01
      1450  3.6249999999999338e+00  1.1953710185643400e-01  1.1705024684762149e+00  4.252714e-02  5.977282e+00 -1.191399e+00  6.324981e+01 -3.910427e+01  8.624757e+02  8.925282e+00  1.836280e+02  5.4984997097303285e+01
      1460  3.6499999999999333e+00  1.1946346676626256e-01  1.1858784356281171e+00  2.208507e-02  6.044068e+00 -1.520845e+00  6.478033e+01 -4.443214e+01  8.923463e+02  9.259491e+00  1.984170e+02  5.7228349656907774e+01
      1470  3.6749999999999328e+00  1.1938886100830950e-01  1.2015653817969698e+00  1.597462e-03  6.110902e+00 -1.852325e+00  6.631953e+01 -4.976893e+01  9.223059e+02  9.628678e+00  2.156506e+02  5.9582404646974744e+01
      1480  3.6999999999999322e+00  1.1931326484000307e-01  1.2175731846451279e+00 -1.890936e-02  6.177736e+00 -2.186059e+00  6.786547e+01 -5.512425e+01  9.523075e+02  1.003653e+01  2.357665e+02  6.2052049244282799e+01
      1490  3.7249999999999317e+00  1.1923665789804071e-01  1.2339118349154716e+00 -3.940648e-02  6.244539e+00 -2.522348e+00  6.941702e+01 -6.051309e+01  9.823337e+02  1.048692e+01  2.592683e+02  6.4642163421018992e+01
      1500  3.7499999999999312e+00  1.1915901919160454e-01  1.2505914280634505e+00 -5.986249e-02  6.311311e+00 -2.861580e+00  7.097419e+01 -6.595735e+01  1.012409e+03  1.098382e+01  2.867281e+02  6.7357610150181785e+01
      1510  3.7749999999999306e+00  1.1908032709600160e-01  1.2676221588321896e+00 -8.024359e-02  6.378076e+00 -3.204233e+00  7.253828e+01 -7.148715e+01  1.042612e+03  1.153112e+01  3.187842e+02  7.0203229300343992e+01
      1520  3.7999999999999301e+00  1.1900055934657375e-01  1.2850143178669908e+00 -1.005134e-01  6.444892e+00 -3.550871e+00  7.411213e+01 -7.714143e+01  1.073081e+03  1.213251e+01  3.561330e+02  7.3183835028082328e+01
      1530  3.8249999999999296e+00  1.1891969303278191e-01  1.3027782889667838e+00 -1.206325e-01  6.511847e+00 -3.902118e+00  7.570018e+01 -8.296762e+01  1.104020e+03  1.279125e+01  3.995154e+02  7.6304215988497816e+01
      1540  3.8499999999999290e+00  1.1883770459249052e-01  1.3209245449955835e+00 -1.405581e-01  6.579065e+00 -4.258619e+00  7.730844e+01 -8.902043e+01  1.135696e+03  1.350999e+01  4.497009e+02  7.9569137119795101e+01
      1550  3.8749999999999285e+00  1.1875456980661230e-01  1.3394636398272823e+00 -1.602433e-01  6.646697e+00 -4.620999e+00  7.894445e+01 -9.535993e+01  1.168433e+03  1.429059e+01  5.074666e+02  8.2983341134428358e+01
      1560  3.8999999999999280e+00  1.1867026379445300e-01  1.3584061929941234e+00 -1.796360e-01  6.714926e+00 -4.989802e+00  8.061713e+01 -1.020494e+02  1.202608e+03  1.513388e+01  5.735744e+02  8.6551547197931200e+01
      1570  3.9249999999999274e+00  1.1858476101034525e-01  1.3777628630035086e+00 -1.986780e-01  6.783960e+00 -5.365437e+00  8.233665e+01 -1.091534e+02  1.238652e+03  1.603951e+01  6.487423e+02  9.0278443646813599e+01
      1580  3.9499999999999269e+00  1.1849803524241267e-01  1.3975443046641964e+00 -2.173042e-01  6.854027e+00 -5.748129e+00  8.411438e+01 -1.167359e+02  1.277044e+03  1.700576e+01  7.336102e+02  9.4168671060735278e+01
      1590  3.9749999999999264e+00  1.1841005961462377e-01  1.4177611053361057e+00 -2.354412e-01  6.925374e+00 -6.137858e+00  8.596276e+01 -1.248599e+02  1.318324e+03  1.802936e+01  8.286982e+02  9.8226791656636792e+01
      1600  3.9999999999999258e+00  1.1832080659361527e-01  1.4384236949257259e+00 -2.530064e-01  6.998256e+00 -6.534318e+00  8.789534e+01 -1.335865e+02  1.363095e+03  1.910536e+01  9.343564e+02  1.0245724092825805e+02
      1610  4.0249999999999293e+00  1.1823024800207800e-01  1.4595422248332501e+00 -2.699072e-01  7.072928e+00 -6.936853e+00  8.992673e+01 -1.429743e+02  1.412036e+03  2.022700e+01  1.050707e+03  1.0686425783795281e+02
      1620  4.0499999999999332e+00  1.1813835504077326e-01  1.4811264120423016e+00 -2.860395e-01  7.149639e+00 -7.344382e+00  9.207241e+01 -1.530792e+02  1.465912e+03  2.138559e+01  1.177580e+03  1.1145179079728881e+02
      1630  4.0749999999999371e+00  1.1804509832143247e-01  1.5031853462081104e+00 -3.012877e-01  7.228610e+00 -7.755299e+00  9.434842e+01 -1.639520e+02  1.525569e+03  2.257047e+01  1.314451e+03  1.1622337823928673e+02
      1640  4.0999999999999410e+00  1.1795044791286659e-01  1.5257272599551048e+00 -3.155236e-01  7.310023e+00 -8.167332e+00  9.677081e+01 -1.756341e+02  1.591935e+03  2.376908e+01  1.460379e+03  1.2118200482628488e+02
      1650  4.1249999999999449e+00  1.1785437340249881e-01  1.5487592655587770e+00 -3.286064e-01  7.394000e+00 -8.577372e+00  9.935463e+01 -1.881510e+02  1.665989e+03  2.496706e+01  1.613967e+03  1.2632993721330344e+02
      1660  4.1499999999999488e+00  1.1775684397523732e-01  1.5722870645738862e+00 -3.403833e-01  7.480575e+00 -8.981254e+00  1.021126e+02 -2.015010e+02  1.748717e+03  2.614851e+01  1.773337e+03  1.3166854665758819e+02
      1670  4.1749999999999527e+00  1.1765782851109004e-01  1.5963146404931898e+00 -3.506900e-01  7.569674e+00 -9.373545e+00  1.050536e+02 -2.156408e+02  1.841038e+03  2.729637e+01  1.936144e+03  1.3719812937655115e+02
      1680  4.1999999999999567e+00  1.1755729570217492e-01  1.6208439477950227e+00 -3.593531e-01  7.661094e+00 -9.747336e+00  1.081807e+02 -2.304677e+02  1.943707e+03  2.839296e+01  2.099624e+03  1.4291773903599454e+02
      1690  4.2249999999999606e+00  1.1745521418887786e-01  1.6458746133160300e+00 -3.661928e-01  7.754485e+00 -1.009411e+01  1.114892e+02 -2.457998e+02  2.057188e+03  2.942059e+01  2.260674e+03  1.4882504861642821e+02
      1700  4.2499999999999645e+00  1.1735155271385254e-01  1.6714036672897392e+00 -3.710264e-01  7.849349e+00 -1.040373e+01  1.149659e+02 -2.613587e+02  2.181537e+03  3.036231e+01  2.415978e+03  1.5491626059099514e+02
      1710  4.2749999999999684e+00  1.1724628029147627e-01  1.6974253211670776e+00 -3.736738e-01  7.945047e+00 -1.066463e+01  1.185878e+02 -2.767574e+02  2.316280e+03  3.120269e+01  2.562140e+03  1.6118608424587862e+02
      1720  4.2999999999999723e+00  1.1713936638936080e-01  1.7239308071109980e+00 -3.739631e-01  8.040830e+00 -1.086424e+01  1.223230e+02 -2.914988e+02  2.460347e+03  3.192861e+01  2.695849e+03  1.6762779649741100e+02
      1730  4.3249999999999762e+00  1.1703078111771942e-01  1.7509082896211550e+00 -3.717375e-01  8.135878e+00 -1.098956e+01  1.261317e+02 -3.049881e+02  2.612052e+03  3.252996e+01  2.814027e+03  1.7423339723462033e+02
      1740  4.3499999999999801e+00  1.1692049542193006e-01  1.7783428531207950e+00 -3.668624e-01  8.229368e+00 -1.102809e+01  1.299698e+02 -3.165604e+02  2.769145e+03  3.300018e+01  2.913983e+03  1.8099386179107682e+02
      1750  4.3749999999999840e+00  1.1680848127364638e-01  1.8062165608692275e+00 -3.592327e-01  8.320544e+00 -1.096866e+01  1.337915e+02 -3.255220e+02  2.928941e+03  3.333674e+01  2.993538e+03  1.8789948173342742e+02
      1760  4.3999999999999879e+00  1.1669471185639536e-01  1.8345085709752271e+00 -3.487792e-01  8.408791e+00 -1.080239e+01  1.375536e+02 -3.312011e+02  3.088486e+03  3.354126e+01  3.051133e+03  1.9494027135429985e+02
      1770  4.4249999999999918e+00  1.1657916174278608e-01  1.8631952857203076e+00 -3.354748e-01  8.493708e+00 -1.052326e+01  1.412193e+02 -3.329971e+02  3.244776e+03  3.361955e+01  3.085910e+03  2.0210640230780317e+02
      1780  4.4499999999999957e+00  1.1646180706219771e-01  1.8922505023810670e+00 -3.193379e-01  8.575155e+00 -1.012849e+01  1.447612e+02 -3.304223e+02  3.394988e+03  3.358129e+01  3.097772e+03  2.0938861465306150e+02
      1790  4.4749999999999996e+00  1.1634262565996348e-01  1.9216455290544405e+00 -3.004352e-01  8.653269e+00 -9.618338e+00  1.481633e+02 -3.231250e+02  3.536720e+03  3.343951e+01  3.087402e+03  2.1677854175208097e+02
      1800  4.5000000000000036e+00  1.1622159725136874e-01  1.9513492294528043e+00 -2.788808e-01  8.728445e+00 -8.995584e+00  1.514223e+02 -3.108904e+02  3.668228e+03  3.320977e+01  3.056253e+03  2.2426888201809808e+02
      1810  4.5250000000000075e+00  1.1609870357583767e-01  1.9813279677297566e+00 -2.548349e-01  8.801272e+00 -8.264719e+00  1.545469e+02 -2.936218e+02  3.788623e+03  3.290911e+01  3.006488e+03  2.3185335544835772e+02
      1820  4.5500000000000114e+00  1.1597392855808070e-01  2.0115454388159812e+00 -2.284988e-01  8.872432e+00 -7.431079e+00  1.575556e+02 -2.713088e+02  3.897999e+03  3.255478e+01  2.940869e+03  2.3952639954846666e+02
      1830  4.5750000000000153e+00  1.1584725848326488e-01  2.0419623909148306e+00 -2.001109e-01  8.942567e+00 -6.500179e+00  1.604736e+02 -2.439949e+02  3.997459e+03  3.216285e+01  2.862583e+03  2.4728258847763632e+02
      1840  4.6000000000000192e+00  1.1571868219205822e-01  2.0725362725164915e+00 -1.699404e-01  9.012147e+00 -5.477415e+00  1.633287e+02 -2.117565e+02  4.089015e+03  3.174690e+01  2.775018e+03  2.5511579940711252e+02
      1850  4.6250000000000231e+00  1.1558819129856432e-01  2.1032208625988029e+00 -1.382829e-01  9.081348e+00 -4.368216e+00  1.661460e+02 -1.747012e+02  4.175377e+03  3.131685e+01  2.681498e+03  2.6301819653339646e+02
      1860  4.6500000000000270e+00  1.1545578042979149e-01  2.1339659643124156e+00 -1.054561e-01  9.149965e+00 -3.178580e+00  1.689442e+02 -1.329856e+02  4.259655e+03  3.087821e+01  2.585016e+03  2.7097914823470859e+02
      1870  4.6750000000000309e+00  1.1532144747986485e-01  2.1647172537405464e+00 -7.179683e-02  9.217386e+00 -1.915843e+00  1.717317e+02 -8.684652e+01  4.345031e+03  3.043199e+01  2.487998e+03  2.7898422677083471e+02
      1880  4.7000000000000348e+00  1.1518519386650165e-01  2.1954163717055950e+00 -3.765826e-02  9.282618e+00 -5.894575e-01  1.745047e+02 -3.663485e+01  4.434429e+03  2.997514e+01  2.392147e+03  2.8701445300519515e+02
      1890  4.7250000000000387e+00  1.1504702477232243e-01  2.2260013262078049e+00 -3.406824e-03  9.344379e+00  7.884193e-01  1.772472e+02  1.715756e+01  4.530222e+03  2.950176e+01  2.298395e+03  2.9504593405661836e+02
      1900  4.7500000000000426e+00  1.1490694935036781e-01  2.2564072379883364e+00  3.058273e-02  9.401228e+00  2.202661e+00  1.799319e+02  7.388351e+01  4.633977e+03  2.900474e+01  2.206987e+03  3.0304999841046123e+02
      1910  4.7750000000000465e+00  1.1476498087249952e-01  2.2865674180516109e+00  6.393500e-02  9.451708e+00  3.635291e+00  1.825221e+02  1.327393e+02  4.746245e+03  2.847765e+01  2.117673e+03  3.1099386689095445e+02
      1920  4.8000000000000504e+00  1.1462113680141256e-01  2.3164147226786360e+00  9.628475e-02  9.494500e+00  5.065954e+00  1.849737e+02  1.927744e+02  4.866374e+03  2.791647e+01  2.029969e+03  3.1884182160224003e+02
      1930  4.8250000000000544e+00  1.1447543877151985e-01  2.3458830976493430e+00  1.272904e-01  9.528527e+00  6.472671e+00  1.872378e+02  2.529089e+02  4.992366e+03  2.732082e+01  1.943419e+03  3.2655676441906962e+02
      1940  4.8500000000000583e+00  1.1432791247012876e-01  2.3749092054410390e+00  1.566487e-01  9.553026e+00  7.832784e+00  1.892611e+02  3.119581e+02  5.120771e+03  2.669442e+01  1.857785e+03  3.3410200636864857e+02
      1950  4.8750000000000622e+00  1.1417858741706342e-01  2.4034340285595905e+00  1.841084e-01  9.567564e+00  9.123995e+00  1.909870e+02  3.686674e+02  5.246699e+03  2.604480e+01  1.773137e+03  3.4144310788460211e+02
      1960  4.9000000000000661e+00  1.1402749664723544e-01  2.4314043552157019e+00  2.094806e-01  9.572000e+00  1.032544e+01  1.923559e+02  4.217608e+02  5.363995e+03  2.538228e+01  1.689825e+03  3.4854959779492953e+02
      1970  4.9250000000000700e+00  1.1387467630592460e-01  2.4587740732742991e+00  2.326438e-01  9.566422e+00  1.141872e+01  1.933064e+02  4.700065e+02  5.465643e+03  2.471847e+01  1.608375e+03  3.5539642904837575e+02
      1980  4.9500000000000739e+00  1.1372016517056606e-01  2.4855052175028640e+00  2.535426e-01  9.551057e+00  1.238890e+01  1.937775e+02  5.123003e+02  5.544416e+03  2.406474e+01  1.529351e+03  3.6196507074767663e+02
      1990  4.9750000000000778e+00  1.1356400411582693e-01  2.5115687289539435e+00  2.721809e-01  9.526198e+00  1.322529e+01  1.937135e+02  5.477556e+02  5.593692e+03  2.343088e+01  1.453246e+03  3.6824417861098766e+02
      2000  5.0000000000000817e+00  1.1340623554106562e-01  2.5369448932849932e+00  2.886088e-01  9.492149e+00  1.392201e+01  1.930697e+02  5.757876e+02  5.608317e+03  2.282423e+01  1.380405e+03  3.7422982266883537e+02
      2010  5.0250000000000856e+00  1.1324690278118593e-01  2.5616234303180638e+00  3.029084e-01  9.449206e+00  1.447817e+01  1.918185e+02  5.961697e+02  5.585322e+03  2.224926e+01  1.311020e+03  3.7992527971329173e+02
      2020  5.0500000000000895e+00  1.1308604952337756e-01  2.5856032160089475e+00  3.151783e-01  9.397680e+00  1.489752e+01  1.899549e+02  6.090476e+02  5.524330e+03  2.170778e+01  1.245140e+03  3.8534042079777907e+02
      2030  5.0750000000000934e+00  1.1292371925292582e-01  2.6088916363610761e+00  3.255202e-01  9.337931e+00  1.518760e+01  1.874999e+02  6.149020e+02  5.427562e+03  2.119934e+01  1.182715e+03  3.9049074545441096e+02
      2040  5.1000000000000973e+00  1.1275995475035210e-01  2.6315036044574520e+00  3.340306e-01  9.270422e+00  1.535859e+01  1.844998e+02  6.144698e+02  5.299442e+03  2.072180e+01  1.123624e+03  3.9539613871791585e+02
      2050  5.1250000000001013e+00  1.1259479765888582e-01  2.6534603151618423e+00  3.407969e-01  9.195762e+00  1.542200e+01  1.810233e+02  6.086410e+02  5.145927e+03  2.027206e+01  1.067701e+03  4.0007945569726968e+02
      2060  5.1500000000001052e+00  1.1242828813512051e-01  2.6747878580478521e+00  3.459001e-01  9.114735e+00  1.538963e+01  1.771566e+02  5.983584e+02  4.973732e+03  1.984662e+01  1.014759e+03  4.0456506612867787e+02
      2070  5.1750000000001091e+00  1.1226046458699554e-01  2.6955158415373859e+00  3.494213e-01  9.028322e+00  1.527293e+01  1.729975e+02  5.845380e+02  4.789632e+03  1.944230e+01  9.646158e+02  4.0887750587966337e+02
      2080  5.2000000000001130e+00  1.1209136349344009e-01  2.7156761818996635e+00  3.514508e-01  8.937702e+00  1.508282e+01  1.686496e+02  5.680236e+02  4.599956e+03  1.905668e+01  9.171245e+02  4.1304036877139458e+02
      2090  5.2250000000001169e+00  1.1192101929146703e-01  2.7353021688936585e+00  3.520956e-01  8.844248e+00  1.482992e+01  1.642175e+02  5.495699e+02  4.410281e+03  1.868845e+01  8.721886e+02  4.1707552159928173e+02
      2100  5.2500000000001208e+00  1.1174946431185215e-01  2.7544278412582286e+00  3.514845e-01  8.749494e+00  1.452487e+01  1.598016e+02  5.298459e+02  4.225313e+03  1.833719e+01  8.297639e+02  4.2100264481774838e+02
      2110  5.2750000000001247e+00  1.1157672874532629e-01  2.7730876150336234e+00  3.497674e-01  8.655080e+00  1.417846e+01  1.554944e+02  5.094458e+02  4.048853e+03  1.800293e+01  7.898389e+02  4.2483901651263750e+02
      2120  5.3000000000001286e+00  1.1140284062709728e-01  2.7913160418587908e+00  3.471102e-01  8.562682e+00  1.380163e+01  1.513766e+02  4.888976e+02  3.883848e+03  1.768550e+01  7.524078e+02  4.2859940344454924e+02
      2130  5.3250000000001325e+00  1.1122782583590902e-01  2.8091475628802325e+00  3.436875e-01  8.473911e+00  1.340511e+01  1.475151e+02  4.686693e+02  3.732479e+03  1.738400e+01  7.174495e+02  4.3229592777133405e+02
      2140  5.3500000000001364e+00  1.1105170811098691e-01  2.8266161737499012e+00  3.396753e-01  8.390222e+00  1.299917e+01  1.439626e+02  4.491709e+02  3.596320e+03  1.709663e+01  6.849244e+02  4.3593784447139348e+02
      2150  5.3750000000001403e+00  1.1087450909280146e-01  2.8437550054007117e+00  3.352479e-01  8.312827e+00  1.259340e+01  1.407592e+02  4.307583e+02  3.476539e+03  1.682091e+01  6.547887e+02  4.3953126583091557e+02
      2160  5.4000000000001442e+00  1.1069624839041747e-01  2.8605959125880971e+00  3.305784e-01  8.242629e+00  1.219662e+01  1.379349e+02  4.137374e+02  3.374119e+03  1.655417e+01  6.270125e+02  4.4307896128913376e+02
      2170  5.4250000000001481e+00  1.1051694367069914e-01  2.8771692076538784e+00  3.258443e-01  8.180193e+00  1.181702e+01  1.355120e+02  3.983703e+02  3.290019e+03  1.629405e+01  6.015858e+02  4.4658040368789466e+02
      2180  5.4500000000001521e+00  1.1033661075623327e-01  2.8935036616479293e+00  3.212352e-01  8.125721e+00  1.146223e+01  1.335057e+02  3.848802e+02  3.225212e+03  1.603875e+01  5.785015e+02  4.5003221034421978e+02
      2190  5.4750000000001560e+00  1.1015526371307786e-01  2.9096268281035642e+00  3.169592e-01  8.079057e+00  1.113950e+01  1.319223e+02  3.734570e+02  3.180557e+03  1.578689e+01  5.577179e+02  4.5342905122900311e+02
      2200  5.5000000000001599e+00  1.0997291490878321e-01  2.9255656557139953e+00  3.132468e-01  8.039702e+00  1.085581e+01  1.307560e+02  3.642597e+02  3.156522e+03  1.553712e+01  5.391134e+02  4.5676499588391044e+02
      2210  5.5250000000001638e+00  1.0978957502582422e-01  2.9413472772658782e+00  3.103484e-01  8.006854e+00  1.061792e+01  1.299850e+02  3.574182e+02  3.152864e+03  1.528781e+01  5.224545e+02  4.6003517459497760e+02
      2220  5.5500000000001677e+00  1.0960525302431778e-01  2.9569998141867857e+00  3.085260e-01  7.979504e+00  1.043232e+01  1.295697e+02  3.530342e+02  3.168382e+03  1.503702e+01  5.073976e+02  4.6323755564683529e+02
      2230  5.5750000000001716e+00  1.0941995605848202e-01  2.9725530234041058e+00  3.080387e-01  7.956589e+00  1.030509e+01  1.294558e+02  3.511814e+02  3.200896e+03  1.478306e+01  4.935323e+02  4.6637459599034827e+02
      2240  5.6000000000001755e+00  1.0923368936174929e-01  2.9880386293244570e+00  3.091239e-01  7.937167e+00  1.024163e+01  1.295816e+02  3.519080e+02  3.247503e+03  1.452528e+01  4.804550e+02  4.6945451034656378e+02
      2250  5.6250000000001794e+00  1.0904645612421877e-01  3.0034902199487452e+00  3.119757e-01  7.920601e+00  1.024639e+01  1.298894e+02  3.552392e+02  3.305098e+03  1.426488e+01  4.678435e+02  4.7249192843912203e+02
      2260  5.6500000000001833e+00  1.0885825739218707e-01  3.0189426373389359e+00  3.167250e-01  7.906687e+00  1.032247e+01  1.303373e+02  3.611805e+02  3.371014e+03  1.400511e+01  4.555008e+02  4.7550777658916496e+02
      2270  5.6750000000001872e+00  1.0866909202192709e-01  3.0344308570887164e+00  3.234241e-01  7.895690e+00  1.047136e+01  1.309085e+02  3.697226e+02  3.443617e+03  1.375086e+01  4.433589e+02  4.7852832609321058e+02
      2280  5.7000000000001911e+00  1.0847895671793291e-01  3.0499884267430599e+00  3.320384e-01  7.888305e+00  1.069279e+01  1.316159e+02  3.808469e+02  3.522680e+03  1.350775e+01  4.314553e+02  4.8158348159001719e+02
      2290  5.7250000000001950e+00  1.0828784617898318e-01  3.0656456127222338e+00  3.424465e-01  7.885541e+00  1.098476e+01  1.325002e+02  3.945343e+02  3.609448e+03  1.328100e+01  4.199021e+02  4.8470451179494546e+02
      2300  5.7500000000001990e+00  1.0809575336368168e-01  3.0814274780218431e+00  3.544488e-01  7.888566e+00  1.134377e+01  1.336231e+02  4.107732e+02  3.706420e+03  1.307465e+01  4.088630e+02  4.8792152406349362e+02
      2310  5.7750000000002029e+00  1.0790266987143553e-01  3.0973521651004168e+00  3.677830e-01  7.898548e+00  1.176509e+01  1.350562e+02  4.295653e+02  3.816946e+03  1.289140e+01  3.985397e+02  4.9126103306146683e+02
      2320  5.8000000000002068e+00  1.0770858641686099e-01  3.1134296767311898e+00  3.821435e-01  7.916513e+00  1.224294e+01  1.368695e+02  4.509226e+02  3.944769e+03  1.273293e+01  3.891629e+02  4.9474396618520569e+02
      2330  5.8250000000002107e+00  1.0751349335783901e-01  3.1296614216648106e+00  3.972043e-01  7.943211e+00  1.277056e+01  1.391205e+02  4.748526e+02  4.093604e+03  1.260059e+01  3.809802e+02  4.9838439026209528e+02
      2340  5.8500000000002146e+00  1.0731738122283893e-01  3.1460407155227079e+00  4.126416e-01  7.979013e+00  1.334027e+01  1.418464e+02  5.013327e+02  4.266747e+03  1.249585e+01  3.742401e+02  5.0218914688469602e+02
      2350  5.8750000000002185e+00  1.0712024117494220e-01  3.1625543008371055e+00  4.281573e-01  8.023839e+00  1.394358e+01  1.450585e+02  5.302798e+02  4.466729e+03  1.242029e+01  3.691690e+02  5.0615845842829907e+02
      2360  5.9000000000002224e+00  1.0692206535103725e-01  3.1791847841628327e+00  4.435002e-01  8.077124e+00  1.457148e+01  1.487407e+02  5.615274e+02  4.694995e+03  1.237501e+01  3.659520e+02  5.1028742313748745e+02
      2370  5.9250000000002263e+00  1.0672284702675540e-01  3.1959137068706140e+00  4.584850e-01  8.137847e+00  1.521491e+01  1.528498e+02  5.948160e+02  4.951614e+03  1.235981e+01  3.647218e+02  5.1456816893671567e+02
      2380  5.9500000000002302e+00  1.0652258058067048e-01  3.2127248074432533e+00  4.730053e-01  8.204634e+00  1.586536e+01  1.573188e+02  6.297941e+02  5.235029e+03  1.237257e+01  3.655596e+02  5.1899230441932070e+02
      2390  5.9750000000002341e+00  1.0632126126228013e-01  3.2296069421003111e+00  4.870380e-01  8.275908e+00  1.651537e+01  1.620618e+02  6.660183e+02  5.541811e+03  1.240937e+01  3.685015e+02  5.2355322441108945e+02
      2400  6.0000000000002380e+00  1.0611888480175942e-01  3.2465561467698141e+00  5.006375e-01  8.350070e+00  1.715882e+01  1.669804e+02  7.029452e+02  5.866455e+03  1.246520e+01  3.735370e+02  5.2824783092610130e+02
      2410  6.0250000000002419e+00  1.0591544692804461e-01  3.2635764635366877e+00  5.139174e-01  8.425675e+00  1.779122e+01  1.719728e+02  7.399335e+02  6.201428e+03  1.253535e+01  3.805972e+02  5.3307733843485187e+02
      2420  6.0500000000002458e+00  1.0571094287809749e-01  3.2806793995966017e+00  5.270224e-01  8.501556e+00  1.840984e+01  1.769458e+02  7.762850e+02  6.537812e+03  1.261663e+01  3.895414e+02  5.3804703504484337e+02
      2430  6.0750000000002498e+00  1.0550536697931177e-01  3.2978821796815700e+00  5.400936e-01  8.576889e+00  1.901361e+01  1.818290e+02  8.113455e+02  6.866759e+03  1.270816e+01  4.001583e+02  5.4316512157352349e+02
      2440  6.1000000000002537e+00  1.0529871236839221e-01  3.3152052134628263e+00  5.532315e-01  8.651190e+00  1.960262e+01  1.865852e+02  8.446343e+02  7.181474e+03  1.281115e+01  4.121880e+02  5.4844097528040220e+02
      2450  6.1250000000002576e+00  1.0509097087824112e-01  3.3326693503030471e+00  5.664659e-01  8.724246e+00  2.017711e+01  1.912120e+02  8.759296e+02  7.478859e+03  1.292790e+01  4.253436e+02  5.5388331077258010e+02
      2460  6.1500000000002615e+00  1.0488213308789496e-01  3.3502934905342912e+00  5.797348e-01  8.795987e+00  2.073615e+01  1.957314e+02  9.052395e+02  7.759768e+03  1.306008e+01  4.393040e+02  5.5949869541819555e+02
      2470  6.1750000000002654e+00  1.0467218849907088e-01  3.3680929727969700e+00  5.928779e-01  8.866316e+00  2.127662e+01  2.001684e+02  9.326532e+02  8.027407e+03  1.320704e+01  4.536638e+02  5.6529073156141772e+02
      2480  6.2000000000002693e+00  1.0446112578390009e-01  3.3860789188237082e+00  6.056448e-01  8.934922e+00  2.179265e+01  2.045273e+02  9.581460e+02  8.284469e+03  1.336452e+01  4.678628e+02  5.7126000520362868e+02
      2490  6.2250000000002732e+00  1.0424893304488958e-01  3.4042584751451956e+00  6.177161e-01  9.001125e+00  2.227569e+01  2.087751e+02  9.814440e+02  8.530418e+03  1.352438e+01  4.811520e+02  5.7740470727909269e+02
      2500  6.2500000000002771e+00  1.0403559803775583e-01  3.4226357216984633e+00  6.287349e-01  9.063791e+00  2.271510e+01  2.128366e+02  1.002022e+03  8.760306e+03  1.367548e+01  4.926443e+02  5.8372173003805551e+02
      2510  6.2750000000002810e+00  1.0382110832454754e-01  3.4412129569940868e+00  6.383424e-01  9.121377e+00  2.309905e+01  2.166032e+02  1.019231e+03  8.965681e+03  1.380552e+01  5.014600e+02  5.9020804865671550e+02
      2520  6.3000000000002849e+00  1.0360545134183291e-01  3.4599921043095159e+00  6.462144e-01  9.172091e+00  2.341584e+01  2.199506e+02  1.032491e+03  9.137059e+03  1.390346e+01  5.069237e+02  5.9686227973025893e+02
      2530  6.3250000000002888e+00  1.0338861438222738e-01  3.4789760617115721e+00  6.520914e-01  9.214138e+00  2.365562e+01  2.227584e+02  1.041467e+03  9.266688e+03  1.396163e+01  5.087356e+02  6.0368638926671576e+02
      2540  6.3500000000002927e+00  1.0317058449637076e-01  3.4981698818952873e+00  6.558000e-01  9.245967e+00  2.381222e+01  2.249271e+02  1.046155e+03  9.350353e+03  1.397712e+01  5.070451e+02  6.1068753297702017e+02
      2550  6.3750000000002967e+00  1.0295134832887659e-01  3.5175816817283283e+00  6.572628e-01  9.266457e+00  2.388457e+01  2.263869e+02  1.046873e+03  9.387645e+03  1.395197e+01  5.023958e+02  6.1787992513463325e+02
      2560  6.4000000000003006e+00  1.0273089190884040e-01  3.5372231527024414e+00  6.564949e-01  9.274999e+00  2.387699e+01  2.271013e+02  1.044178e+03  9.381047e+03  1.389230e+01  4.955692e+02  6.2528648424565142e+02
      2570  6.4250000000003045e+00  1.0250920042473077e-01  3.5571095126833976e+00  6.535908e-01  9.271474e+00  2.379836e+01  2.270659e+02  1.038758e+03  9.334770e+03  1.380676e+01  4.873995e+02  6.3293987429672461e+02
      2580  6.4500000000003084e+00  1.0228625802338821e-01  3.5772587549488146e+00  6.487039e-01  9.256167e+00  2.366030e+01  2.263057e+02  1.031333e+03  9.254121e+03  1.370483e+01  4.786375e+02  6.4088253298416805e+02
      2590  6.4750000000003123e+00  1.0206204767954470e-01  3.5976901393975953e+00  6.420237e-01  9.229637e+00  2.347471e+01  2.248725e+02  1.022565e+03  9.145447e+03  1.359521e+01  4.699019e+02  6.4916539543409931e+02
      2600  6.5000000000003162e+00  1.0183655118123963e-01  3.6184220210588180e+00  6.337561e-01  9.192576e+00  2.325114e+01  2.228378e+02  1.012954e+03  9.016035e+03  1.348465e+01  4.616969e+02  6.5784526088527332e+02
      2610  6.5250000000003201e+00  1.0160974926528551e-01  3.6394692762206935e+00  6.241078e-01  9.145652e+00  2.299443e+01  2.202816e+02  1.002744e+03  8.873418e+03  1.337717e+01  4.544360e+02  6.6698103292839278e+02
      2620  6.5500000000003240e+00  1.0138162191641843e-01  3.6608407083663863e+00  6.132764e-01  9.089372e+00  2.270334e+01  2.172778e+02  9.918555e+02  8.724156e+03  1.327368e+01  4.484218e+02  6.7662929590998499e+02
      2630  6.5750000000003279e+00  1.0115214881820518e-01  3.6825368518005903e+00  6.014439e-01  9.023973e+00  2.237097e+01  2.138836e+02  9.799314e+02  8.572819e+03  1.317218e+01  4.437828e+02  6.8683980188148246e+02
      2640  6.6000000000003318e+00  1.0092130991907354e-01  3.7045485298433518e+00  5.887708e-01  8.949402e+00  2.198711e+01  2.101354e+02  9.664862e+02  8.421836e+03  1.306842e+01  4.404193e+02  6.9765141702026438e+02
      2650  6.6250000000003357e+00  1.0068908605854152e-01  3.7268563873169684e+00  5.753895e-01  8.865398e+00  2.154190e+01  2.060559e+02  9.511086e+02  8.272204e+03  1.295713e+01  4.380154e+02  7.0908894526389861e+02
      2660  6.6500000000003396e+00  1.0045545959046906e-01  3.7494314401491282e+00  5.613973e-01  8.771691e+00  2.102923e+01  2.016636e+02  9.336112e+02  8.124360e+03  1.283357e+01  4.361312e+02  7.2116106326022850e+02
      2670  6.6750000000003435e+00  1.0022041494329947e-01  3.7722365032987719e+00  5.468518e-01  8.668253e+00  2.044852e+01  1.969802e+02  9.140485e+02  7.978356e+03  1.269486e+01  4.343291e+02  7.3385941003259256e+02
      2680  6.7000000000003475e+00  9.9983939071155062e-02  3.7952281979398084e+00  5.317718e-01  8.555506e+00  1.980443e+01  1.920297e+02  8.925964e+02  7.833042e+03  1.254084e+01  4.322649e+02  7.4715870144446842e+02
      2690  6.7250000000003514e+00  9.9746021772307014e-02  3.8183591217230570e+00  5.161481e-01  8.434423e+00  1.910504e+01  1.868328e+02  8.693665e+02  7.684751e+03  1.237386e+01  4.297023e+02  7.6101759656509364e+02
      2700  6.7500000000003553e+00  9.9506655879438091e-02  3.8415797188142071e+00  4.999638e-01  8.306463e+00  1.835984e+01  1.814018e+02  8.442574e+02  7.526521e+03  1.219800e+01  4.264675e+02  7.7537995185042291e+02
      2710  6.7750000000003592e+00  9.9265837353863143e-02  3.8648394423132344e+00  4.832212e-01  8.173424e+00  1.757846e+01  1.757422e+02  8.169310e+02  7.348719e+03  1.201794e+01  4.224061e+02  7.9017609902998299e+02
      2720  6.8000000000003631e+00  9.9023565336181327e-02  3.8880869850923641e+00  4.659703e-01  8.037278e+00  1.677027e+01  1.698638e+02  7.869297e+02  7.141226e+03  1.183817e+01  4.173932e+02  8.0532391475715110e+02
      2730  6.8250000000003670e+00  9.8779842210839922e-02  3.9112696557723856e+00  4.483297e-01  7.900064e+00  1.594447e+01  1.637939e+02  7.538801e+02  6.896405e+03  1.166292e+01  4.114011e+02  8.2072971934332793e+02
      2740  6.8500000000003709e+00  9.8534673726228789e-02  3.9343323281111089e+00  4.304948e-01  7.763847e+00  1.511005e+01  1.575881e+02  7.176835e+02  6.611569e+03  1.149646e+01  4.045713e+02  8.3628938174308632e+02
      2750  6.8750000000003748e+00  9.8288069175569967e-02  3.9572166750843101e+00  4.127292e-01  7.630674e+00  1.427550e+01  1.513316e+02  6.786061e+02  6.289884e+03  1.134339e+01  3.972217e+02  8.5189027828169412e+02
      2760  6.9000000000003787e+00  9.8040041595615399e-02  3.9798614781250277e+00  3.953411e-01  7.502470e+00  1.344850e+01  1.451300e+02  6.372454e+02  5.939450e+03  1.120835e+01  3.897605e+02  8.6741478721242913e+02
      2770  6.9250000000003826e+00  9.7790607895905740e-02  4.0022045879946182e+00  3.786517e-01  7.380843e+00  1.263617e+01  1.390936e+02  5.944151e+02  5.571188e+03  1.109526e+01  3.825447e+02  8.8274569199398979e+02
      2780  6.9500000000003865e+00  9.7539788809626771e-02  4.0241866213483934e+00  3.629626e-01  7.266870e+00  1.184586e+01  1.333205e+02  5.510228e+02  5.196601e+03  1.100627e+01  3.757675e+02  8.9777324286875432e+02
      2790  6.9750000000003904e+00  9.7287608571457851e-02  4.0457558455394977e+00  3.485316e-01  7.160957e+00  1.108603e+01  1.278834e+02  5.079895e+02  4.826213e+03  1.094113e+01  3.694421e+02  9.1240288137039670e+02
      2800  7.0000000000003944e+00  9.7034094280219696e-02  4.0668731591766862e+00  3.355608e-01  7.062850e+00  1.036659e+01  1.228249e+02  4.662108e+02  4.468883e+03  1.089712e+01  3.634924e+02  9.2656206282802987e+02
      2810  7.0250000000003983e+00  9.6779274981820776e-02  4.0875158405142384e+00  3.241967e-01  6.971804e+00  9.698030e+00  1.181579e+02  4.265288e+02  4.131693e+03  1.086957e+01  3.578830e+02  9.4020449295989658e+02
      2820  7.0500000000004022e+00  9.6523180587199581e-02  4.1076789296548180e+00  3.145369e-01  6.886846e+00  9.089747e+00  1.138727e+02  3.896861e+02  3.819934e+03  1.085265e+01  3.526966e+02  9.5331054337278215e+02
      2830  7.0750000000004061e+00  9.6265840794334090e-02  4.1273736888212529e+00  3.066358e-01  6.807056e+00  8.548311e+00  1.099446e+02  3.562607e+02  3.536963e+03  1.084018e+01  3.481030e+02  9.6588351368619794e+02
      2840  7.1000000000004100e+00  9.6007284194414899e-02  4.1466233517635906e+00  3.005024e-01  6.731792e+00  8.076647e+00  1.063414e+02  3.266040e+02  3.284001e+03  1.082625e+01  3.442376e+02  9.7794245830883085e+02
      2850  7.1250000000004139e+00  9.5747537706338398e-02  4.1654570676299336e+00  2.960892e-01  6.660845e+00  7.674490e+00  1.030304e+02  3.008152e+02  3.060133e+03  1.080572e+01  3.410651e+02  9.8951312814901621e+02
      2860  7.1500000000004178e+00  9.5486626412437103e-02  4.1839033533405328e+00  2.932748e-01  6.594469e+00  7.339626e+00  9.998672e+01  2.787701e+02  2.862742e+03  1.077434e+01  3.383090e+02  1.0006189300055604e+03
      2870  7.1750000000004217e+00  9.5224573783114719e-02  4.2019844077191006e+00  2.918499e-01  6.533257e+00  7.068865e+00  9.719892e+01  2.601965e+02  2.688372e+03  1.072856e+01  3.354858e+02  1.0112736244647331e+03
      2880  7.2000000000004256e+00  9.4961402200764350e-02  4.2197123646984780e+00  2.915153e-01  6.477856e+00  6.857682e+00  9.467081e+01  2.447535e+02  2.533769e+03  1.066487e+01  3.320291e+02  1.0214769126253851e+03
      2890  7.2250000000004295e+00  9.4697133639759179e-02  4.2370881072894955e+00  2.919004e-01  6.428583e+00  6.698219e+00  9.241407e+01  2.320624e+02  2.396643e+03  1.057925e+01  3.274450e+02  1.0312133480996044e+03
      2900  7.2500000000004334e+00  9.4431790336138632e-02  4.2541027659447144e+00  2.926006e-01  6.385106e+00  6.576678e+00  9.043328e+01  2.216567e+02  2.275755e+03  1.046695e+01  3.214253e+02  1.0404543726493321e+03
      2910  7.2750000000004373e+00  9.4165395287453685e-02  4.2707415731184213e+00  2.932298e-01  6.346342e+00  6.472375e+00  8.870734e+01  2.128778e+02  2.170165e+03  1.032328e+01  3.138630e+02  1.0491628290823874e+03
      2920  7.3000000000004412e+00  9.3897972455700571e-02  4.2869893814508409e+00  2.934733e-01  6.310692e+00  6.360633e+00  8.717499e+01  2.048047e+02  2.077842e+03  1.014502e+01  3.047686e+02  1.0572990734458053e+03
      2930  7.3250000000004452e+00  9.3629546597992511e-02  4.3028369042776893e+00  2.931310e-01  6.276635e+00  6.219626e+00  8.573556e+01  1.963206e+02  1.994365e+03  9.932575e+00  2.941585e+02  1.0648277657647623e+03
      2940  7.3500000000004491e+00  9.3360142712150679e-02  4.3182866456001836e+00  2.921384e-01  6.243546e+00  6.038425e+00  8.427839e+01  1.863739e+02  1.913037e+03  9.692083e+00  2.820294e+02  1.0717245406967463e+03
      2950  7.3750000000004530e+00  9.3089785146489398e-02  4.3333575955144994e+00  2.905609e-01  6.212421e+00  5.822080e+00  8.274533e+01  1.743826e+02  1.827572e+03  9.436709e+00  2.684964e+02  1.0779820199338162e+03
      2960  7.4000000000004569e+00  9.2818496471898493e-02  4.3480880775287716e+00  2.885643e-01  6.186037e+00  5.590904e+00  8.120183e+01  1.606252e+02  1.736843e+03  9.185665e+00  2.540320e+02  1.0836149581449438e+03
      2970  7.4250000000004608e+00  9.2546296239372411e-02  4.3625365664289326e+00  2.863675e-01  6.168162e+00  5.373919e+00  7.986085e+01  1.463618e+02  1.648463e+03  8.959812e+00  2.395876e+02  1.0886645772538209e+03
      2980  7.4500000000004647e+00  9.2273199744349152e-02  4.3767806959828901e+00  2.841897e-01  6.161880e+00  5.198469e+00  7.901035e+01  1.334502e+02  1.577094e+03  8.774366e+00  2.263614e+02  1.0932021720315367e+03
      2990  7.4750000000004686e+00  9.1999216897857283e-02  4.3909148825790068e+00  2.822022e-01  6.167791e+00  5.079057e+00  7.885762e+01  1.234555e+02  1.536672e+03  8.631765e+00  2.152139e+02  1.0973317628001350e+03
      3000  7.5000000000004725e+00  9.1724351278632196e-02  4.4050469242866930e+00  2.804948e-01  6.183210e+00  5.009636e+00  7.938665e+01  1.166985e+02  1.531370e+03  8.519397e+00  2.060991e+02  1.1011910006859102e+03
      3010  7.5250000000004764e+00  9.1448599425953112e-02  4.4192936591259313e+00  2.790607e-01  6.203176e+00  4.964372e+00  8.034693e+01  1.119805e+02  1.552944e+03  8.415385e+00  1.980348e+02  1.1049489740246242e+03
      3020  7.5500000000004803e+00  9.1171950437378163e-02  4.4337754754438690e+00  2.777980e-01  6.223051e+00  4.909232e+00  8.140959e+01  1.073921e+02  1.587915e+03  8.301073e+00  1.897995e+02  1.1087994116927275e+03
      3030  7.5750000000004842e+00  9.0894385952515797e-02  4.4486093924537515e+00  2.765216e-01  6.241347e+00  4.819594e+00  8.239312e+01  1.017068e+02  1.629226e+03  8.173687e+00  1.808975e+02  1.1129483454722954e+03
      3040  7.6000000000004881e+00  9.0615880614762667e-02  4.4639007134172619e+00  2.749764e-01  6.260976e+00  4.692213e+00  8.338993e+01  9.518785e+01  1.681681e+03  8.050938e+00  1.720142e+02  1.1175966228097536e+03
      3050  7.6250000000004921e+00  9.0336403085270259e-02  4.4797338600639369e+00  2.728497e-01  6.287870e+00  4.541278e+00  8.468907e+01  8.903129e+01  1.755656e+03  7.963113e+00  1.645953e+02  1.1229194307765731e+03
      3060  7.6500000000004960e+00  9.0055917623386883e-02  4.4961636956641957e+00  2.697855e-01  6.327429e+00  4.379633e+00  8.654174e+01  8.388675e+01  1.855032e+03  7.935875e+00  1.599181e+02  1.1290465816000176e+03
      3070  7.6750000000004999e+00  8.9774386149845259e-02  4.5132090979510160e+00  2.654094e-01  6.380704e+00  4.199068e+00  8.893304e+01  7.873793e+01  1.970265e+03  7.973513e+00  1.583303e+02  1.1360480230794660e+03
      3080  7.7000000000005038e+00  8.9491770598225315e-02  4.5308504521513395e+00  2.593757e-01  6.442527e+00  3.966062e+00  9.151689e+01  7.106704e+01  2.081203e+03  8.052887e+00  1.590008e+02  1.1439283930667177e+03
      3090  7.7250000000005077e+00  8.9208035275407230e-02  4.5490319901234457e+00  2.514380e-01  6.502793e+00  3.638214e+00  9.375477e+01  5.814918e+01  2.166019e+03  8.131949e+00  1.601557e+02  1.1526324205711705e+03
      3100  7.7500000000005116e+00  8.8923148930029172e-02  4.5676686744239987e+00  2.415300e-01  6.550246e+00  3.190732e+00  9.516466e+01  3.856176e+01  2.210683e+03  8.167794e+00  1.596931e+02  1.1620601238502011e+03
      3110  7.7750000000005155e+00  8.8637086287740308e-02  4.5866560314045524e+00  2.298347e-01  6.576786e+00  2.635104e+00  9.552740e+01  1.301552e+01  2.215001e+03  8.133932e+00  1.560347e+02  1.1720880097721897e+03
      3120  7.8000000000005194e+00  8.8349828942071509e-02  4.6058804731405729e+00  2.168094e-01  6.580177e+00  2.018682e+00  9.494455e+01 -1.584328e+01  2.192299e+03  8.028298e+00  1.488476e+02  1.1825908279905764e+03
      3130  7.8250000000005233e+00  8.8061365650760809e-02  4.6252275711422923e+00  2.031486e-01  6.564152e+00  1.407883e+00  9.374754e+01 -4.439821e+01  2.162279e+03  7.870046e+00  1.391777e+02  1.1934584927228475e+03
      3140  7.8500000000005272e+00  8.7771692226721695e-02  4.6445865017940395e+00  1.896828e-01  6.536320e+00  8.670268e-01  9.233907e+01 -6.919902e+01  2.141136e+03  7.689292e+00  1.288902e+02  1.2046045176140135e+03
      3150  7.8750000000005311e+00  8.7480811285614898e-02  4.6638501888591417e+00  1.772353e-01  6.505172e+00  4.438138e-01  9.105569e+01 -8.775041e+01  2.135115e+03  7.515864e+00  1.198051e+02  1.2159650483600408e+03
      3160  7.9000000000005350e+00  8.7188732098156335e-02  4.6829120416758183e+00  1.664726e-01  6.477472e+00  1.646016e-01  9.009373e+01 -9.877402e+01  2.140584e+03  7.371295e+00  1.130538e+02  1.2274903355490742e+03
      3170  7.9250000000005389e+00  8.6895470705584232e-02  4.7016611673428788e+00  1.577912e-01  6.456874e+00  3.614223e-02  8.949711e+01 -1.020653e+02  2.148704e+03  7.265450e+00  1.088966e+02  1.2391323855058045e+03
      3180  7.9500000000005429e+00  8.6601050325379333e-02  4.7199782551941221e+00  1.512659e-01  6.443941e+00  4.935285e-02  8.919102e+01 -9.817400e+01  2.150672e+03  7.197430e+00  1.069054e+02  1.2508331105032319e+03
      3190  7.9750000000005468e+00  8.6305501944336865e-02  4.7377339840170638e+00  1.466713e-01  6.437266e+00  1.831517e-01  8.904652e+01 -8.810507e+01  2.141078e+03  7.159597e+00  1.063022e+02  1.2625166362941061e+03
      3200  8.0000000000005507e+00  8.6008864903979229e-02  4.7547909820957059e+00  1.435614e-01  6.435036e+00  4.084452e-01  8.895389e+01 -7.314982e+01  2.119168e+03  7.142847e+00  1.063006e+02  1.2740879419692853e+03
      3210  8.0250000000005457e+00  8.5711187250005066e-02  4.7710093599342169e+00  1.413801e-01  6.436302e+00  6.924750e-01  8.887340e+01 -5.484058e+01  2.088573e+03  7.140854e+00  1.063637e+02  1.2854382366200362e+03
      3220  8.0500000000005407e+00  8.5412525646340151e-02  4.7862548970823919e+00  1.395714e-01  6.441456e+00  1.003087e+00  8.884252e+01 -3.490511e+01  2.055891e+03  7.151521e+00  1.063155e+02  1.2964558444659633e+03
      3230  8.0750000000005357e+00  8.5112944734691165e-02  4.8004082817013609e+00  1.376649e-01  6.451870e+00  1.312322e+00  8.894730e+01 -1.508001e+01  2.028723e+03  7.175487e+00  1.062806e+02  1.3070401212077547e+03
      3240  8.1000000000005308e+00  8.4812515932698715e-02  4.8133734781133528e+00  1.353236e-01  6.469074e+00  1.599000e+00  8.928702e+01  3.225520e+00  2.014259e+03  7.213199e+00  1.065053e+02  1.3171151813956756e+03
      3250  8.1250000000005258e+00  8.4511315783774119e-02  4.8250833798117077e+00  1.323571e-01  6.493964e+00  1.850140e+00  8.995390e+01  1.924606e+01  2.018842e+03  7.262542e+00  1.071742e+02  1.3266400697398212e+03
      3260  8.1500000000005208e+00  8.4209424073889913e-02  4.8355013939070917e+00  1.287083e-01  6.526385e+00  2.061039e+00  9.102329e+01  3.294336e+01  2.047679e+03  7.318308e+00  1.083210e+02  1.3356125479931388e+03
      3270  8.1750000000005159e+00  8.3906921991058259e-02  4.8446184379156714e+00  1.244291e-01  6.565173e+00  2.234016e+00  9.253649e+01  4.478567e+01  2.103442e+03  7.373552e+00  1.098543e+02  1.3440649157818216e+03
      3280  8.2000000000005109e+00  8.3603890604312628e-02  4.8524458642063655e+00  1.196553e-01  6.608508e+00  2.376121e+00  9.447118e+01  5.535383e+01  2.183774e+03  7.421960e+00  1.116421e+02  1.3520520816607350e+03
      3290  8.2250000000005059e+00  8.3300409875052966e-02  4.8590058240253651e+00  1.145869e-01  6.654339e+00  2.496421e+00  9.671690e+01  6.500523e+01  2.279480e+03  7.459942e+00  1.135706e+02  1.3596340565259277e+03
      3300  8.2500000000005009e+00  8.2996558295610923e-02  4.8643212623386791e+00  1.094744e-01  6.700639e+00  2.603446e+00  9.907772e+01  7.376847e+01  2.375547e+03  7.487367e+00  1.155323e+02  1.3668566006096473e+03
      3310  8.2750000000004960e+00  8.2692413105240767e-02  4.8684078700775197e+00  1.046072e-01  6.745367e+00  2.703446e+00  1.013076e+02  8.148130e+01  2.455315e+03  7.506554e+00  1.173739e+02  1.3737343995731469e+03
      3320  8.3000000000004910e+00  8.2388050899853904e-02  4.8712698378430543e+00  1.003005e-01  6.786248e+00  2.800028e+00  1.031648e+02  8.803546e+01  2.505754e+03  7.520127e+00  1.188753e+02  1.3802406195167991e+03
      3330  8.3250000000004860e+00  8.2083548364511941e-02  4.8729002827553796e+00  9.687553e-02  6.820658e+00  2.895469e+00  1.044650e+02  9.355702e+01  2.521059e+03  7.529088e+00  1.198124e+02  1.3863051327658825e+03
      3340  8.3500000000004810e+00  8.1778982839203707e-02  4.8732860516917800e+00  9.463577e-02  6.845895e+00  2.993290e+00  1.051209e+02  9.844208e+01  2.503261e+03  7.532418e+00  1.200872e+02  1.3918216054332402e+03
      3350  8.3750000000004761e+00  8.1474432480146533e-02  4.8724155891181624e+00  9.384129e-02  6.859897e+00  3.100879e+00  1.051623e+02  1.032939e+02  2.460599e+03  7.528520e+00  1.198489e+02  1.3966616412654053e+03
      3360  8.4000000000004711e+00  8.1169975881968878e-02  4.8702879694018710e+00  9.468644e-02  6.862153e+00  3.230649e+00  1.047338e+02  1.088572e+02  2.405273e+03  7.517644e+00  1.195300e+02  1.4006928404736427e+03
      3370  8.4250000000004661e+00  8.0865691149620722e-02  4.8669211375748880e+00  9.728553e-02  6.854337e+00  3.398823e+00  1.040712e+02  1.159936e+02  2.351657e+03  7.503751e+00  1.197682e+02  1.4037972347357556e+03
      3380  8.4500000000004611e+00  8.0561654520873882e-02  4.8623578030324186e+00  1.016686e-01  6.840330e+00  3.622049e+00  1.034599e+02  1.256504e+02  2.314933e+03  7.494567e+00  1.212420e+02  1.4058870446431145e+03
      3390  8.4750000000004562e+00  8.0257938717983437e-02  4.8566680889293972e+00  1.077870e-01  6.825496e+00  3.912905e+00  1.031837e+02  1.387315e+02  2.309417e+03  7.499550e+00  1.244770e+02  1.4069157633439975e+03
      3400  8.5000000000004512e+00  7.9954611241480927e-02  4.8499487287388936e+00  1.155262e-01  6.815440e+00  4.275512e+00  1.034717e+02  1.558170e+02  2.345911e+03  7.526545e+00  1.296718e+02  1.4068837898129323e+03
      3410  8.5250000000004462e+00  7.9651732814061030e-02  4.8423191476087544e+00  1.247230e-01  6.814636e+00  4.702070e+00  1.044446e+02  1.767702e+02  2.428125e+03  7.578452e+00  1.365787e+02  1.4058388615140591e+03
      3420  8.5500000000004412e+00  7.9349356149966327e-02  4.8339150928318819e+00  1.351844e-01  6.825303e+00  5.170863e+00  1.060705e+02  2.003730e+02  2.549189e+03  7.651137e+00  1.444644e+02  1.4038721665554724e+03
      3430  8.5750000000004363e+00  7.9047525178861752e-02  4.8248805995716957e+00  1.467044e-01  6.846803e+00  5.646522e+00  1.081383e+02  2.241821e+02  2.690042e+03  7.733229e+00  1.521751e+02  1.4011112227714350e+03
      3440  8.6000000000004313e+00  7.8746274803760771e-02  4.8153590667905872e+00  1.590773e-01  6.875648e+00  6.083824e+00  1.102686e+02  2.447770e+02  2.821404e+03  7.807809e+00  1.583160e+02  1.3977105060387894e+03
      3450  8.6250000000004263e+00  7.8445631225739013e-02  4.8054841609741201e+00  1.721049e-01  6.906119e+00  6.436072e+00  1.119748e+02  2.584685e+02  2.909997e+03  7.855575e+00  1.615226e+02  1.3938405718694921e+03
      3460  8.6500000000004214e+00  7.8145612824595062e-02  4.7953712295956086e+00  1.855942e-01  6.931468e+00  6.667665e+00  1.127764e+02  2.623667e+02  2.927881e+03  7.859058e+00  1.607713e+02  1.3896762204021238e+03
      3470  8.6750000000004164e+00  7.7846231541837924e-02  4.7851099207506804e+00  1.993480e-01  6.945625e+00  6.767908e+00  1.123458e+02  2.555246e+02  2.862133e+03  7.807530e+00  1.556698e+02  1.3853842253255036e+03
      3480  8.7000000000004114e+00  7.7547494667549052e-02  4.7747587512709142e+00  2.131490e-01  6.945232e+00  6.760884e+00  1.106523e+02  2.397555e+02  2.721509e+03  7.702085e+00  1.466759e+02  1.3811113108328539e+03
      3490  8.7250000000004064e+00  7.7249406885561589e-02  4.7643423817095263e+00  2.267435e-01  6.931570e+00  6.706017e+00  1.080567e+02  2.197568e+02  2.537756e+03  7.559801e+00  1.352165e+02  1.3769733469521143e+03
      3500  8.7500000000004015e+00  7.6951972386387693e-02  4.7538522587306042e+00  2.398318e-01  6.911715e+00  6.686611e+00  1.053136e+02  2.023689e+02  2.361103e+03  7.415091e+00  1.236651e+02  1.3730469939753100e+03
      3510  8.7750000000003965e+00  7.6655196823967126e-02  4.7432510013062323e+00  2.520684e-01  6.898126e+00  6.788288e+00  1.034514e+02  1.950663e+02  2.251089e+03  7.316136e+00  1.151137e+02  1.3693650856755658e+03
      3520  8.8000000000003915e+00  7.6359088883133155e-02  4.7324804182509670e+00  2.630777e-01  6.906180e+00  7.073547e+00  1.035325e+02  2.040153e+02  2.264202e+03  7.315236e+00  1.128666e+02  1.3659167666665905e+03
      3530  8.8250000000003865e+00  7.6063661250900458e-02  4.7214724173753302e+00  2.724823e-01  6.949800e+00  7.560521e+00  1.063370e+02  2.321726e+02  2.439569e+03  7.454183e+00  1.196478e+02  1.3626527693201892e+03
      3540  8.8500000000003816e+00  7.5768930850544564e-02  4.7101614512260745e+00  2.799413e-01  7.036254e+00  8.212732e+00  1.120553e+02  2.779589e+02  2.784382e+03  7.748547e+00  1.366653e+02  1.3594953475410762e+03
      3550  8.8750000000003766e+00  7.5474918296316071e-02  4.6984967319088273e+00  2.851921e-01  7.161932e+00  8.943348e+00  1.201051e+02  3.349900e+02  3.262772e+03  8.176631e+00  1.628412e+02  1.3563515079260235e+03
      3560  8.9000000000003716e+00  7.5181646640606462e-02  4.6864523944430907e+00  2.880907e-01  7.311041e+00  9.633566e+00  1.291698e+02  3.931436e+02  3.794318e+03  8.678585e+00  1.945776e+02  1.3531275523609552e+03
      3570  8.9250000000003666e+00  7.4889139589867981e-02  4.6740341421788179e+00  2.886430e-01  7.458402e+00  1.016135e+01  1.374923e+02  4.408777e+02  4.268343e+03  9.168172e+00  2.263106e+02  1.3497427531274839e+03
      3580  8.9500000000003617e+00  7.4597419437507306e-02  4.6612815731744845e+00  2.870240e-01  7.576065e+00  1.043374e+01  1.433615e+02  4.682956e+02  4.574928e+03  9.555000e+00  2.518280e+02  1.3461402520894630e+03
      3590  8.9750000000003567e+00  7.4306504988034025e-02  4.6482661544645225e+00  2.835792e-01  7.641713e+00  1.041394e+01  1.456337e+02  4.701065e+02  4.643604e+03  9.770471e+00  2.660113e+02  1.3422938791500605e+03
      3600  9.0000000000003517e+00  7.4016409727942836e-02  4.6350854497396794e+00  2.788064e-01  7.645761e+00  1.013363e+01  1.440948e+02  4.474593e+02  4.471992e+03  9.788357e+00  2.664429e+02  1.3382103027281316e+03
      3610  9.0250000000003467e+00  7.3727140448491851e-02  4.6218545663267188e+00  2.733182e-01  7.594230e+00  9.684494e+00  1.395137e+02  4.077822e+02  4.127572e+03  9.632080e+00  2.542753e+02  1.3339265624058598e+03
      3620  9.0500000000003418e+00  7.3438696461751177e-02  4.6086958708874493e+00  2.677883e-01  7.506037e+00  9.189343e+00  1.333517e+02  3.623692e+02  3.719350e+03  9.365321e+00  2.339444e+02  1.3295035134776886e+03
      3630  9.0750000000003368e+00  7.3151069487475934e-02  4.5957279672995446e+00  2.628870e-01  7.405713e+00  8.762662e+00  1.272407e+02  3.224666e+02  3.354210e+03  9.068916e+00  2.116886e+02  1.3250160861606305e+03
      3640  9.1000000000003318e+00  7.2864244227412903e-02  4.5830549144075974e+00  2.592176e-01  7.314614e+00  8.476434e+00  1.224394e+02  2.955249e+02  3.100878e+03  8.812761e+00  1.933376e+02  1.3205416325848780e+03
      3650  9.1250000000003268e+00  7.2578199579244246e-02  4.5707567844193306e+00  2.572632e-01  7.244369e+00  8.346053e+00  1.194890e+02  2.833733e+02  2.976407e+03  8.633834e+00  1.822467e+02  1.3161480414558441e+03
      3660  9.1500000000003219e+00  7.2292910366928406e-02  4.5588828619811723e+00  2.573547e-01  7.195216e+00  8.341371e+00  1.181886e+02  2.830451e+02  2.954699e+03  8.529061e+00  1.783043e+02  1.3118836392187418e+03
      3670  9.1750000000003169e+00  7.2008349379019593e-02  4.5474488518009313e+00  2.596676e-01  7.159437e+00  8.414448e+00  1.178604e+02  2.894230e+02  2.987278e+03  8.464992e+00  1.784810e+02  1.3077709421272596e+03
      3680  9.2000000000003119e+00  7.1724489427675509e-02  4.5364391602595919e+00  2.642462e-01  7.127615e+00  8.526852e+00  1.177436e+02  2.979157e+02  3.026165e+03  8.398348e+00  1.785945e+02  1.3038058523177644e+03
      3690  9.2250000000003070e+00  7.1441305096442587e-02  4.5258145266964389e+00  2.710476e-01  7.094275e+00  8.661731e+00  1.173203e+02  3.057405e+02  3.040786e+03  8.296773e+00  1.753167e+02  1.2999628397321960e+03
      3700  9.2500000000003020e+00  7.1158773862884842e-02  4.5155241139415541e+00  2.799915e-01  7.060277e+00  8.817895e+00  1.164476e+02  3.116711e+02  3.022948e+03  8.150391e+00  1.674079e+02  1.2962052153089066e+03
      3710  9.2750000000002970e+00  7.0876876376731526e-02  4.5055199584659054e+00  2.909972e-01  7.031409e+00  8.995949e+00  1.152955e+02  3.152086e+02  2.980036e+03  7.970970e+00  1.557534e+02  1.2924982007518893e+03
      3720  9.3000000000002920e+00  7.0595595834608407e-02  4.4957708595792107e+00  3.039959e-01  7.014753e+00  9.190557e+00  1.141860e+02  3.162028e+02  2.924728e+03  7.782396e+00  1.425145e+02  1.2888216273747216e+03
      3730  9.3250000000002871e+00  7.0314916582498721e-02  4.4862726988553234e+00  3.189127e-01  7.015129e+00  9.395670e+00  1.134439e+02  3.151764e+02  2.870229e+03  7.609364e+00  1.300759e+02  1.2851791015741180e+03
      3740  9.3500000000002821e+00  7.0034822246232364e-02  4.4770529270078914e+00  3.356245e-01  7.033264e+00  9.617493e+00  1.133161e+02  3.138007e+02  2.831267e+03  7.469728e+00  1.203000e+02  1.2816014080164641e+03
      3750  9.3750000000002771e+00  6.9755293790899925e-02  4.4681683419421088e+00  3.539109e-01  7.065925e+00  9.882751e+00  1.139438e+02  3.148253e+02  2.823890e+03  7.371955e+00  1.142006e+02  1.2781435017736396e+03
      3760  9.4000000000002721e+00  6.9476307914335483e-02  4.4596968913843371e+00  3.734187e-01  7.107233e+00  1.023259e+01  1.153462e+02  3.212345e+02  2.860183e+03  7.315983e+00  1.118787e+02  1.2748761602269690e+03
      3770  9.4250000000002672e+00  6.9197836089022066e-02  4.4517255844863151e+00  3.936561e-01  7.150202e+00  1.070246e+01  1.173957e+02  3.349978e+02  2.941551e+03  7.295116e+00  1.125856e+02  1.2718746856900307e+03
      3780  9.4500000000002622e+00  6.8919844409790917e-02  4.4443373159175037e+00  4.140260e-01  7.187942e+00  1.129822e+01  1.198015e+02  3.560448e+02  3.056227e+03  7.297781e+00  1.149233e+02  1.2692075935184289e+03
      3790  9.4750000000002572e+00  6.8642294227048067e-02  4.4375993462227017e+00  4.338946e-01  7.214466e+00  1.198219e+01  1.221395e+02  3.819594e+02  3.182270e+03  7.309230e+00  1.172426e+02  1.2669278902931401e+03
      3800  9.5000000000002522e+00  6.8365143393679204e-02  4.4315554472859189e+00  4.526757e-01  7.225209e+00  1.267826e+01  1.239364e+02  4.085488e+02  3.293498e+03  7.313732e+00  1.181696e+02  1.2650685295970070e+03
      3810  9.5250000000002473e+00  6.8088347862110404e-02  4.4262226017637092e+00  4.699119e-01  7.217401e+00  1.329530e+01  1.247859e+02  4.310899e+02  3.365753e+03  7.297430e+00  1.170327e+02  1.2636423085376775e+03
      3820  9.5500000000002423e+00  6.7811863349068038e-02  4.4215920008107936e+00  4.853269e-01  7.190368e+00  1.375860e+01  1.244496e+02  4.457973e+02  3.382258e+03  7.251560e+00  1.139649e+02  1.2626452652879250e+03
      3830  9.5750000000002373e+00  6.7535646830624393e-02  4.4176332256861945e+00  4.988369e-01  7.145775e+00  1.403474e+01  1.229104e+02  4.509504e+02  3.337135e+03  7.175377e+00  1.096601e+02  1.2620618955979583e+03
      3840  9.6000000000002323e+00  6.7259657714920748e-02  4.4143001010426524e+00  5.105174e-01  7.087769e+00  1.413868e+01  1.203709e+02  4.472319e+02  3.236177e+03  7.077805e+00  1.049917e+02  1.2618703817874330e+03
      3850  9.6250000000002274e+00  6.6983858634488400e-02  4.4115367812209261e+00  5.205382e-01  7.022780e+00  1.412115e+01  1.172021e+02  4.371844e+02  3.094848e+03  6.976564e+00  1.007427e+02  1.2620464710282351e+03
      3860  9.6500000000002224e+00  6.6708215878355945e-02  4.4092830464914945e+00  5.290839e-01  6.958701e+00  1.404407e+01  1.138593e+02  4.241032e+02  2.934454e+03  6.893932e+00  9.752854e+01  1.2625654315886918e+03
      3870  9.6750000000002174e+00  6.6432699530963563e-02  4.4074783385400167e+00  5.362845e-01  6.903329e+00  1.395689e+01  1.107777e+02  4.109109e+02  2.777430e+03  6.849594e+00  9.579716e+01  1.2634023518607062e+03
      3880  9.7000000000002125e+00  6.6157283398403322e-02  4.4060645488718801e+00  5.421721e-01  6.862430e+00  1.388406e+01  1.082739e+02  3.994594e+02  2.642430e+03  6.852982e+00  9.576170e+01  1.2645316403242789e+03
      3890  9.7250000000002075e+00  6.5881944791727404e-02  4.4049878514536491e+00  5.466733e-01  6.838155e+00  1.382630e+01  1.064853e+02  3.903997e+02  2.540292e+03  6.898603e+00  9.726014e+01  1.2659267552715864e+03
      3900  9.7500000000002025e+00  6.5606664216689120e-02  4.4041999040220876e+00  5.496345e-01  6.828657e+00  1.377111e+01  1.053715e+02  3.834823e+02  2.472512e+03  6.967204e+00  9.968986e+01  1.2675609199853745e+03
      3910  9.7750000000001975e+00  6.5331425003097798e-02  4.4036585912565824e+00  5.508717e-01  6.829248e+00  1.370464e+01  1.047768e+02  3.780312e+02  2.433185e+03  7.032983e+00  1.021583e+02  1.2694089973347363e+03
      3920  9.8000000000001926e+00  6.5056212902897675e-02  4.4033282693913334e+00  5.502286e-01  6.834714e+00  1.361879e+01  1.045228e+02  3.733499e+02  2.413497e+03  7.074005e+00  1.038306e+02  1.2714500446473251e+03
      3930  9.8250000000001876e+00  6.4781015693783250e-02  4.4031793255763585e+00  5.476310e-01  6.841741e+00  1.351207e+01  1.044874e+02  3.689239e+02  2.406195e+03  7.081124e+00  1.042895e+02  1.2736695979477274e+03
      3940  9.8500000000001826e+00  6.4505822837462423e-02  4.4031868723642891e+00  5.431270e-01  6.850308e+00  1.338633e+01  1.046401e+02  3.644136e+02  2.407780e+03  7.061328e+00  1.036950e+02  1.2760606242241356e+03
      3950  9.8750000000001776e+00  6.4230625248187512e-02  4.4033285693835378e+00  5.369081e-01  6.863361e+00  1.324307e+01  1.050276e+02  3.595461e+02  2.417942e+03  7.034057e+00  1.026660e+02  1.2786223792407459e+03
      3960  9.9000000000001727e+00  6.3955415219332734e-02  4.4035818365013837e+00  5.293096e-01  6.884926e+00  1.308196e+01  1.057234e+02  3.540411e+02  2.437591e+03  7.022299e+00  1.019694e+02  1.2813570208723120e+03
      3970  9.9250000000001677e+00  6.3680186530665026e-02  4.4039209843305960e+00  5.207924e-01  6.917612e+00  1.290213e+01  1.067700e+02  3.476468e+02  2.467035e+03  7.042611e+00  1.021893e+02  1.2842645522486248e+03
      3980  9.9500000000001627e+00  6.3404934720859105e-02  4.4043149254498921e+00  5.119101e-01  6.960746e+00  1.270511e+01  1.081357e+02  3.402696e+02  2.504999e+03  7.098462e+00  1.035174e+02  1.2873372682908380e+03
      3990  9.9750000000001577e+00  6.3129657469050651e-02  4.4047260722924548e+00  5.032634e-01  7.010081e+00  1.249775e+01  1.097059e+02  3.321217e+02  2.548473e+03  7.179631e+00  1.057160e+02  1.2905551599433784e+03
      4000  1.0000000000000153e+01  6.2854354998350265e-02  4.4051107740698150e+00  4.954477e-01  7.059239e+00  1.229364e+01  1.113127e+02  3.238099e+02  2.593426e+03  7.267523e+00  1.082423e+02  1.2938836018151133e+03
