         0  0.0000000000000000e+00  1.2500000000000000e-01  3.7500000000000000e-01 -0.000000e+00  3.375000e+00 -0.000000e+00  1.562500e+01 -0.000000e+00  8.374023e+01  3.375000e+00  1.562500e+01  1.1250000000000000e+00
        10  2.4999999999999998e-02  1.2498828155317977e-01  3.7498925463677063e-01  1.325774e-02  3.375301e+00  1.325870e-01  1.563092e+01  1.087814e+00  8.381023e+01  3.373816e+00  1.561447e+01  1.1251630668523773e+00
        20  5.0000000000000010e-02  1.2497656271196127e-01  3.7502732054271143e-01  2.651549e-02  3.376204e+00  2.652321e-01  1.564870e+01  2.177223e+00  8.402035e+01  3.370276e+00  1.558301e+01  1.1258633908502964e+00
        30  7.5000000000000025e-02  1.2496484195077368e-01  3.7511420262895817e-01  3.977491e-02  3.377709e+00  3.980098e-01  1.567834e+01  3.269962e+00  8.437104e+01  3.364418e+00  1.553104e+01  1.1271018953731058e+00
        40  1.0000000000000005e-01  1.2495311774333190e-01  3.7524993337253243e-01  5.303760e-02  3.379817e+00  5.309945e-01  1.571986e+01  4.367762e+00  8.486308e+01  3.356300e+00  1.545922e+01  1.1288803640175524e+00
        50  1.2500000000000006e-01  1.2494138856178083e-01  3.7543457268550412e-01  6.630511e-02  3.382529e+00  6.642598e-01  1.577331e+01  5.472357e+00  8.549757e+01  3.346005e+00  1.536846e+01  1.1312014427019854e+00
        60  1.5000000000000008e-01  1.2492965287584502e-01  3.7566820776056270e-01  7.957889e-02  3.385846e+00  7.978790e-01  1.583873e+01  6.585486e+00  8.627594e+01  3.333637e+00  1.525993e+01  1.1340686433616314e+00
        70  1.7500000000000010e-01  1.2491790915198500e-01  3.7595095289361241e-01  9.286031e-02  3.389770e+00  9.319246e-01  1.591617e+01  7.708889e+00  8.719996e+01  3.319319e+00  1.513500e+01  1.1374863492631389e+00
        80  2.0000000000000012e-01  1.2490615585255979e-01  3.7628294928414607e-01  1.061506e-01  3.394303e+00  1.066468e+00  1.600571e+01  8.844309e+00  8.827171e+01  3.303194e+00  1.499522e+01  1.1414598219774310e+00
        90  2.2500000000000014e-01  1.2489439143499831e-01  3.7666436481433202e-01  1.194508e-01  3.399446e+00  1.201581e+00  1.610741e+01  9.993495e+00  8.949358e+01  3.285422e+00  1.484235e+01  1.1459952100603457e+00
       100  2.5000000000000017e-01  1.2488261435097675e-01  3.7709539380789148e-01  1.327620e-01  3.405202e+00  1.337332e+00  1.622137e+01  1.115820e+01  9.086828e+01  3.266178e+00  1.467828e+01  1.1510995595013971e+00
       110  2.7500000000000019e-01  1.2487082304560694e-01  3.7757625676998863e-01  1.460848e-01  3.411573e+00  1.473790e+00  1.634766e+01  1.234018e+01  9.239883e+01  3.245650e+00  1.450503e+01  1.1567808260114298e+00
       120  3.0000000000000021e-01  1.2485901595663100e-01  3.7810720010948412e-01  1.594198e-01  3.418561e+00  1.611021e+00  1.648641e+01  1.354119e+01  9.408856e+01  3.224037e+00  1.432472e+01  1.1630478892308749e+00
       130  3.2500000000000023e-01  1.2484719151362735e-01  3.7868849584500119e-01  1.727673e-01  3.426168e+00  1.749090e+00  1.663769e+01  1.476299e+01  9.594106e+01  3.201547e+00  1.413954e+01  1.1699105689508962e+00
       140  3.5000000000000026e-01  1.2483534813722488e-01  3.7932044129638914e-01  1.861275e-01  3.434396e+00  1.888059e+00  1.680164e+01  1.600734e+01  9.796022e+01  3.178395e+00  1.395174e+01  1.1773796434507549e+00
       150  3.7500000000000028e-01  1.2482348423832805e-01  3.8000335876321817e-01  1.995002e-01  3.443247e+00  2.027991e+00  1.697835e+01  1.727599e+01  1.001502e+02  3.154803e+00  1.376359e+01  1.1854668700657076e+00
       160  4.0000000000000030e-01  1.2481159821735170e-01  3.8073759519202649e-01  2.128850e-01  3.452722e+00  2.168942e+00  1.716795e+01  1.857070e+01  1.025154e+02  3.130991e+00  1.357736e+01  1.1941850081108694e+00
       170  4.2500000000000032e-01  1.2479968846346529e-01  3.8152352183409888e-01  2.262813e-01  3.462822e+00  2.310967e+00  1.737056e+01  1.989321e+01  1.050605e+02  3.107183e+00  1.339530e+01  1.2035478442980907e+00
       180  4.5000000000000034e-01  1.2478775335384949e-01  3.8236153389557997e-01  2.396879e-01  3.473547e+00  2.454119e+00  1.758628e+01  2.124525e+01  1.077904e+02  3.083600e+00  1.321962e+01  1.2135702207943813e+00
       190  4.7500000000000037e-01  1.2477579125296111e-01  3.8325205018176106e-01  2.531038e-01  3.484898e+00  2.598447e+00  1.781523e+01  2.262852e+01  1.107100e+02  3.060461e+00  1.305250e+01  1.2242680660826188e+00
       200  5.0000000000000033e-01  1.2476380051181123e-01  3.8419551273735902e-01  2.665272e-01  3.496873e+00  2.743994e+00  1.805752e+01  2.404471e+01  1.138248e+02  3.037978e+00  1.289603e+01  1.2356584287975043e+00
       210  5.2499999999999980e-01  1.2475177946725120e-01  3.8519238648463222e-01  2.799562e-01  3.509471e+00  2.890801e+00  1.831325e+01  2.549549e+01  1.171399e+02  3.016358e+00  1.275221e+01  1.2477595147227221e+00
       220  5.4999999999999927e-01  1.2473972644127128e-01  3.8624315886110289e-01  2.933886e-01  3.522689e+00  3.038904e+00  1.858252e+01  2.698245e+01  1.206610e+02  2.995798e+00  1.262298e+01  1.2605907271485119e+00
       230  5.7499999999999873e-01  1.2472763974030929e-01  3.8734833945865016e-01  3.068216e-01  3.536523e+00  3.188333e+00  1.886540e+01  2.850719e+01  1.243936e+02  2.976487e+00  1.251017e+01  1.2741727108028451e+00
       240  5.9999999999999820e-01  1.2471551765456972e-01  3.8850845966563718e-01  3.202524e-01  3.550969e+00  3.339114e+00  1.916197e+01  3.007121e+01  1.283433e+02  2.958604e+00  1.241551e+01  1.2885273995839976e+00
       250  6.2499999999999767e-01  1.2470335845735342e-01  3.8972407231371697e-01  3.336775e-01  3.566021e+00  3.491265e+00  1.947229e+01  3.167597e+01  1.325157e+02  2.942313e+00  1.234062e+01  1.3036780683377522e+00
       260  6.4999999999999714e-01  1.2469116040439607e-01  3.9099575133079817e-01  3.470933e-01  3.581672e+00  3.644798e+00  1.979637e+01  3.332284e+01  1.369162e+02  2.927768e+00  1.228701e+01  1.3196493889386178e+00
       270  6.7499999999999660e-01  1.2467892173321946e-01  3.9232409140161872e-01  3.604955e-01  3.597913e+00  3.799720e+00  2.013425e+01  3.501311e+01  1.415504e+02  2.915111e+00  1.225611e+01  1.3364674909516576e+00
       280  6.9999999999999607e-01  1.2466664066249032e-01  3.9370970763722302e-01  3.738797e-01  3.614734e+00  3.956028e+00  2.048591e+01  3.674797e+01  1.464235e+02  2.904468e+00  1.224920e+01  1.3541600271699161e+00
       290  7.2499999999999554e-01  1.2465431539138896e-01  3.9515323525450791e-01  3.872411e-01  3.632123e+00  4.113713e+00  2.085132e+01  3.852848e+01  1.515403e+02  2.895951e+00  1.226749e+01  1.3727562443416177e+00
       300  7.4999999999999500e-01  1.2464194409898793e-01  3.9665532926690078e-01  4.005742e-01  3.650068e+00  4.272755e+00  2.123040e+01  4.035559e+01  1.569057e+02  2.889659e+00  1.231207e+01  1.3922870594222296e+00
       310  7.7499999999999447e-01  1.2462952494363916e-01  3.9821666418706814e-01  4.138736e-01  3.668553e+00  4.433128e+00  2.162305e+01  4.223009e+01  1.625238e+02  2.885675e+00  1.238393e+01  1.4127851417085260e+00
       320  7.9999999999999394e-01  1.2461705606236938e-01  3.9983793374237592e-01  4.271330e-01  3.687561e+00  4.594794e+00  2.202914e+01  4.415260e+01  1.683983e+02  2.884068e+00  1.248394e+01  1.4342850012353046e+00
       330  8.2499999999999341e-01  1.2460453557028506e-01  4.0151985060375106e-01  4.403462e-01  3.707074e+00  4.757705e+00  2.244848e+01  4.612359e+01  1.745326e+02  2.884893e+00  1.261290e+01  1.4568230838409686e+00
       340  8.4999999999999287e-01  1.2459196155998284e-01  4.0326314612831698e-01  4.535062e-01  3.727071e+00  4.921805e+00  2.288086e+01  4.814329e+01  1.809292e+02  2.888189e+00  1.277147e+01  1.4804378733347179e+00
       350  8.7499999999999234e-01  1.2457933210097002e-01  4.0506857011612407e-01  4.666059e-01  3.747529e+00  5.087025e+00  2.332600e+01  5.021174e+01  1.875897e+02  2.893982e+00  1.296024e+01  1.5051700012274900e+00
       360  8.9999999999999181e-01  1.2456664523909074e-01  4.0693689058105342e-01  4.796377e-01  3.768424e+00  5.253283e+00  2.378358e+01  5.232874e+01  1.945151e+02  2.902283e+00  1.317967e+01  1.5310623645191419e+00
       370  9.2499999999999127e-01  1.2455389899595906e-01  4.0886889353585415e-01  4.925938e-01  3.789729e+00  5.420489e+00  2.425323e+01  5.449382e+01  2.017052e+02  2.913091e+00  1.343012e+01  1.5581602520673716e+00
       380  9.4999999999999074e-01  1.2454109136839858e-01  4.1086538279106954e-01  5.054659e-01  3.811415e+00  5.588536e+00  2.473452e+01  5.670624e+01  2.091589e+02  2.926387e+00  1.371184e+01  1.5865114800987656e+00
       390  9.7499999999999021e-01  1.2452822032788795e-01  4.1292717976750504e-01  5.182453e-01  3.833451e+00  5.757310e+00  2.522695e+01  5.896496e+01  2.168737e+02  2.942144e+00  1.402494e+01  1.6161665374590526e+00
       400  9.9999999999998967e-01  1.2451528382001224e-01  4.1505512332167233e-01  5.309232e-01  3.855804e+00  5.926678e+00  2.572997e+01  6.126865e+01  2.248459e+02  2.960320e+00  1.436944e+01  1.6471787412384711e+00
       410  1.0249999999999893e+00  1.2450227976391846e-01  4.1725006958352745e-01  5.434903e-01  3.878439e+00  6.096498e+00  2.624296e+01  6.361562e+01  2.330704e+02  2.980858e+00  1.474518e+01  1.6796044034484652e+00
       420  1.0499999999999887e+00  1.2448920605177810e-01  4.1951289180566664e-01  5.559371e-01  3.901319e+00  6.266614e+00  2.676523e+01  6.600382e+01  2.415402e+02  3.003694e+00  1.515189e+01  1.7135030094673316e+00
       430  1.0749999999999882e+00  1.2447606054825107e-01  4.2184448022301130e-01  5.682538e-01  3.924403e+00  6.436855e+00  2.729603e+01  6.843088e+01  2.502471e+02  3.028748e+00  1.558912e+01  1.7489374090141609e+00
       440  1.0999999999999877e+00  1.2446284108995766e-01  4.2424574192184888e-01  5.804303e-01  3.947652e+00  6.607039e+00  2.783452e+01  7.089400e+01  2.591810e+02  3.055931e+00  1.605629e+01  1.7859740204511072e+00
       450  1.1249999999999871e+00  1.2444954548495112e-01  4.2671760071702108e-01  5.924564e-01  3.971021e+00  6.776968e+00  2.837981e+01  7.339003e+01  2.683297e+02  3.085143e+00  1.655262e+01  1.8246830492518831e+00
       460  1.1499999999999866e+00  1.2443617151219584e-01  4.2926099703585496e-01  6.043215e-01  3.994465e+00  6.946433e+00  2.893092e+01  7.591539e+01  2.776794e+02  3.116274e+00  1.707714e+01  1.8651387215067443e+00
       470  1.1749999999999861e+00  1.2442271692104898e-01  4.3187688780740779e-01  6.160149e-01  4.017939e+00  7.115212e+00  2.948680e+01  7.846611e+01  2.872141e+02  3.149204e+00  1.762871e+01  1.9074195333573385e+00
       480  1.1999999999999855e+00  1.2440917943074606e-01  4.3456624635537361e-01  6.275257e-01  4.041393e+00  7.283070e+00  3.004635e+01  8.103781e+01  2.969157e+02  3.183805e+00  1.820596e+01  1.9516085172636077e+00
       490  1.2249999999999850e+00  1.2439555672988779e-01  4.3733006229297527e-01  6.388428e-01  4.064777e+00  7.449760e+00  3.060837e+01  8.362568e+01  3.067643e+02  3.219940e+00  1.880734e+01  1.9977935259938897e+00
       500  1.2499999999999845e+00  1.2438184647593295e-01  4.4016934141796210e-01  6.499553e-01  4.088041e+00  7.615024e+00  3.117161e+01  8.622455e+01  3.167376e+02  3.257466e+00  1.943108e+01  2.0460675351894646e+00
       510  1.2749999999999839e+00  1.2436804629469253e-01  4.4308510560574715e-01  6.608517e-01  4.111132e+00  7.778595e+00  3.173476e+01  8.882882e+01  3.268114e+02  3.296232e+00  2.007520e+01  2.0965289652778187e+00
       520  1.2999999999999834e+00  1.2435415377982882e-01  4.4607839269853322e-01  6.715207e-01  4.133997e+00  7.940195e+00  3.229644e+01  9.143252e+01  3.369592e+02  3.336082e+00  2.073751e+01  2.1492820233833565e+00
       530  1.3249999999999829e+00  1.2434016649235677e-01  4.4915025638810890e-01  6.819512e-01  4.156582e+00  8.099539e+00  3.285521e+01  9.402933e+01  3.471528e+02  3.376858e+00  2.141564e+01  2.2044370656986829e+00
       540  1.3499999999999823e+00  1.2432608196015048e-01  4.5230176608978057e-01  6.921316e-01  4.178834e+00  8.256334e+00  3.340960e+01  9.661259e+01  3.573620e+02  3.418396e+00  2.210701e+01  2.2621109805214110e+00
       550  1.3749999999999818e+00  1.2431189767745300e-01  4.5553400680465489e-01  7.020507e-01  4.200697e+00  8.410282e+00  3.395807e+01  9.917535e+01  3.675547e+02  3.460532e+00  2.280890e+01  2.3224275918182404e+00
       560  1.3999999999999813e+00  1.2429761110439001e-01  4.5884807896722335e-01  7.116973e-01  4.222117e+00  8.561079e+00  3.449908e+01  1.017104e+02  3.776972e+02  3.503100e+00  2.351844e+01  2.3855180827392788e+00
       570  1.4249999999999807e+00  1.2428321966649095e-01  4.6224509827484872e-01  7.210602e-01  4.243041e+00  8.708420e+00  3.503105e+01  1.042102e+02  3.877546e+02  3.545936e+00  2.423264e+01  2.4515214379623256e+00
       580  1.4499999999999802e+00  1.2426872075421215e-01  4.6572619549544053e-01  7.301283e-01  4.263415e+00  8.851998e+00  3.555236e+01  1.066672e+02  3.976906e+02  3.588879e+00  2.494843e+01  2.5205849030943610e+00
       590  1.4749999999999797e+00  1.2425411172247028e-01  4.6929251624916868e-01  7.388908e-01  4.283187e+00  8.991507e+00  3.606141e+01  1.090735e+02  4.074678e+02  3.631770e+00  2.566268e+01  2.5928644585958600e+00
       600  1.4999999999999791e+00  1.2423938989017963e-01  4.7294522075971979e-01  7.473371e-01  4.302306e+00  9.126644e+00  3.655660e+01  1.114215e+02  4.170484e+02  3.674457e+00  2.637223e+01  2.6685253048297093e+00
       610  1.5249999999999786e+00  1.2422455253979933e-01  4.7668548357018597e-01  7.554566e-01  4.320722e+00  9.257109e+00  3.703634e+01  1.137031e+02  4.263940e+02  3.716793e+00  2.707397e+01  2.7477423538834720e+00
       620  1.5499999999999781e+00  1.2420959691689050e-01  4.8051449321832168e-01  7.632391e-01  4.338388e+00  9.382609e+00  3.749906e+01  1.159107e+02  4.354661e+02  3.758639e+00  2.776480e+01  2.8307007227939716e+00
       630  1.5749999999999775e+00  1.2419452022968240e-01  4.8443345186564418e-01  7.706748e-01  4.355260e+00  9.502860e+00  3.794325e+01  1.180364e+02  4.442268e+02  3.799866e+00  2.844172e+01  2.9175962217455575e+00
       640  1.5999999999999770e+00  1.2417931964865250e-01  4.8844357487460344e-01  7.777540e-01  4.371294e+00  9.617586e+00  3.836743e+01  1.200729e+02  4.526385e+02  3.840352e+00  2.910186e+01  3.0086358297556455e+00
       650  1.6249999999999765e+00  1.2416399230611914e-01  4.9254609032807684e-01  7.844675e-01  4.386451e+00  9.726525e+00  3.877020e+01  1.220128e+02  4.606647e+02  3.879987e+00  2.974245e+01  3.1040381493462248e+00
       660  1.6499999999999759e+00  1.2414853529585285e-01  4.9674223848552490e-01  7.908063e-01  4.400696e+00  9.829429e+00  3.915021e+01  1.238492e+02  4.682706e+02  3.918671e+00  3.036093e+01  3.2040338307771199e+00
       670  1.6749999999999754e+00  1.2413294567270160e-01  5.0103327117049989e-01  7.967619e-01  4.413995e+00  9.926064e+00  3.950623e+01  1.255755e+02  4.754228e+02  3.956314e+00  3.095490e+01  3.3088659556357563e+00
       680  1.6999999999999749e+00  1.2411722045223920e-01  5.0542045108484057e-01  8.023263e-01  4.426319e+00  1.001622e+01  3.983711e+01  1.271858e+02  4.820903e+02  3.992837e+00  3.152217e+01  3.4187903689910115e+00
       690  1.7249999999999743e+00  1.2410135661043478e-01  5.0990505104576278e-01  8.074916e-01  4.437646e+00  1.009969e+01  4.014182e+01  1.286743e+02  4.882445e+02  4.028173e+00  3.206078e+01  3.5340759489731015e+00
       700  1.7499999999999738e+00  1.2408535108334807e-01  5.1448835314325325e-01  8.122507e-01  4.447953e+00  1.017630e+01  4.041944e+01  1.300361e+02  4.938597e+02  4.062265e+00  3.256897e+01  3.6550048025797732e+00
       710  1.7749999999999733e+00  1.2406920076685317e-01  5.1917164781670422e-01  8.165968e-01  4.457227e+00  1.024590e+01  4.066918e+01  1.312669e+02  4.989134e+02  4.095065e+00  3.304522e+01  3.7818723767667959e+00
       720  1.7999999999999727e+00  1.2405290251638952e-01  5.2395623285156234e-01  8.205235e-01  4.465457e+00  1.030837e+01  4.089041e+01  1.323629e+02  5.033865e+02  4.126537e+00  3.348826e+01  3.9149874744809008e+00
       730  1.8249999999999722e+00  1.2403645314674676e-01  5.2884341229889331e-01  8.240250e-01  4.472638e+00  1.036358e+01  4.108262e+01  1.333212e+02  5.072636e+02  4.156654e+00  3.389702e+01  4.0546721662492606e+00
       740  1.8499999999999717e+00  1.2401984943188536e-01  5.3383449532317528e-01  8.270959e-01  4.478769e+00  1.041145e+01  4.124547e+01  1.341395e+02  5.105332e+02  4.185398e+00  3.427070e+01  4.2012615892500085e+00
       750  1.8749999999999711e+00  1.2400308810479466e-01  5.3893079498623453e-01  8.297312e-01  4.483857e+00  1.045193e+01  4.137876e+01  1.348164e+02  5.131878e+02  4.212763e+00  3.460872e+01  4.3551036274397923e+00
       760  1.8999999999999706e+00  1.2398616585738569e-01  5.4413362697813261e-01  8.319265e-01  4.487913e+00  1.048499e+01  4.148245e+01  1.353511e+02  5.152240e+02  4.238750e+00  3.491075e+01  4.5165584682811293e+00
       770  1.9249999999999701e+00  1.2396907934042808e-01  5.4944430830862778e-01  8.336779e-01  4.490954e+00  1.051060e+01  4.155669e+01  1.357440e+02  5.166426e+02  4.263372e+00  3.517673e+01  4.6859980338563352e+00
       780  1.9499999999999695e+00  1.2395182516353014e-01  5.5486415597593186e-01  8.349818e-01  4.493002e+00  1.052879e+01  4.160176e+01  1.359957e+02  5.174485e+02  4.286652e+00  3.540684e+01  4.8638052866312904e+00
       790  1.9749999999999690e+00  1.2393439989515198e-01  5.6039448563234651e-01  8.358351e-01  4.494086e+00  1.053960e+01  4.161810e+01  1.361080e+02  5.176506e+02  4.308621e+00  3.560159e+01  5.0503734127860378e+00
       800  1.9999999999999685e+00  1.2391680006267043e-01  5.6603661026932994e-01  8.362352e-01  4.494240e+00  1.054307e+01  4.160634e+01  1.360832e+02  5.172618e+02  4.329326e+00  3.576179e+01  5.2461048888051600e+00
       810  2.0249999999999679e+00  1.2389902215247793e-01  5.7179183894719154e-01  8.361799e-01  4.493505e+00  1.053930e+01  4.156721e+01  1.359246e+02  5.162989e+02  4.348821e+00  3.588860e+01  5.4514104398592957e+00
       820  2.0499999999999674e+00  1.2388106261012202e-01  5.7766147559714476e-01  8.356673e-01  4.491926e+00  1.052839e+01  4.150165e+01  1.356358e+02  5.147822e+02  4.367177e+00  3.598357e+01  5.6667079013548536e+00
       830  2.0749999999999669e+00  1.2386291784048008e-01  5.8364681792574102e-01  8.346961e-01  4.489554e+00  1.051045e+01  4.141068e+01  1.352212e+02  5.127350e+02  4.384475e+00  3.604867e+01  5.8924209978273101e+00
       840  2.0999999999999663e+00  1.2384458420796753e-01  5.8974915645351167e-01  8.332650e-01  4.486447e+00  1.048561e+01  4.129551e+01  1.346857e+02  5.101841e+02  4.400811e+00  3.608635e+01  6.1289780560616398e+00
       850  2.1249999999999658e+00  1.2382605803677296e-01  5.9596977372138704e-01  8.313735e-01  4.482668e+00  1.045404e+01  4.115744e+01  1.340347e+02  5.071586e+02  4.416294e+00  3.609956e+01  6.3768106719006861e+00
       860  2.1499999999999653e+00  1.2380733561111322e-01  6.0230994369956459e-01  8.290209e-01  4.478283e+00  1.041587e+01  4.099789e+01  1.332740e+02  5.036901e+02  4.431051e+00  3.609177e+01  6.6363523526210635e+00
       870  2.1749999999999647e+00  1.2378841317550789e-01  6.0877093143446248e-01  8.262073e-01  4.473367e+00  1.037130e+01  4.081841e+01  1.324097e+02  4.998123e+02  4.445220e+00  3.606707e+01  6.9080371589992602e+00
       880  2.1999999999999642e+00  1.2376928693505634e-01  6.1535399296985860e-01  8.229327e-01  4.467996e+00  1.032048e+01  4.062063e+01  1.314482e+02  4.955605e+02  4.458955e+00  3.603013e+01  7.1922983732469978e+00
       890  2.2249999999999637e+00  1.2374995305571294e-01  6.2206037557850136e-01  8.191975e-01  4.462255e+00  1.026361e+01  4.040628e+01  1.303961e+02  4.909711e+02  4.472425e+00  3.598624e+01  7.4895672208665625e+00
       900  2.2499999999999631e+00  1.2373040766455379e-01  6.2889131834038314e-01  8.150023e-01  4.456230e+00  1.020085e+01  4.017717e+01  1.292599e+02  4.860818e+02  4.485814e+00  3.594134e+01  7.8002716761747921e+00
       910  2.2749999999999626e+00  1.2371064685001495e-01  6.3584805310338499e-01  8.103479e-01  4.450013e+00  1.013238e+01  3.993518e+01  1.280463e+02  4.809308e+02  4.499316e+00  3.590201e+01  8.1248353827805353e+00
       920  2.2999999999999621e+00  1.2369066666209674e-01  6.4293180586143961e-01  8.052353e-01  4.443701e+00  1.005838e+01  3.968227e+01  1.267618e+02  4.755566e+02  4.513141e+00  3.587546e+01  8.4636767217004003e+00
       930  2.3249999999999615e+00  1.2367046311251838e-01  6.5014379858448812e-01  7.996657e-01  4.437394e+00  9.979003e+00  3.942045e+01  1.254128e+02  4.699981e+02  4.527507e+00  3.586948e+01  8.8172080610795884e+00
       940  2.3499999999999610e+00  1.2365003217480608e-01  6.5748525153348503e-01  7.936404e-01  4.431194e+00  9.894403e+00  3.915178e+01  1.240052e+02  4.642939e+02  4.542644e+00  3.589248e+01  9.1858352226728073e+00
       950  2.3749999999999605e+00  1.2362936978430429e-01  6.6495738609271560e-01  7.871609e-01  4.425211e+00  9.804716e+00  3.887838e+01  1.225450e+02  4.584823e+02  4.558788e+00  3.595335e+01  9.5699572013468970e+00
       960  2.3999999999999599e+00  1.2360847183808610e-01  6.7256142815043785e-01  7.802287e-01  4.419555e+00  9.710058e+00  3.860241e+01  1.210372e+02  4.526014e+02  4.576182e+00  3.606149e+01  9.9699661749025932e+00
       970  2.4249999999999594e+00  1.2358733419475312e-01  6.8029861205766906e-01  7.728456e-01  4.414339e+00  9.610527e+00  3.832609e+01  1.194869e+02  4.466888e+02  4.595073e+00  3.622671e+01  1.0386247842468944e+01
       980  2.4499999999999589e+00  1.2356595267409949e-01  6.8817018519369544e-01  7.650135e-01  4.409680e+00  9.506197e+00  3.805168e+01  1.178981e+02  4.407815e+02  4.615709e+00  3.645918e+01  1.0819182130586322e+01
       990  2.4749999999999583e+00  1.2354432305662581e-01  6.9617741316548587e-01  7.567344e-01  4.405697e+00  9.397116e+00  3.778148e+01  1.162744e+02  4.349165e+02  4.638340e+00  3.676936e+01  1.1269144306833986e+01
      1000  2.4999999999999578e+00  1.2352244108287883e-01  7.0432158566672332e-01  7.480103e-01  4.402511e+00  9.283306e+00  3.751784e+01  1.146186e+02  4.291300e+02  4.663208e+00  3.716790e+01  1.1736506541442639e+01
      1010  2.5249999999999573e+00  1.2350030245259842e-01  7.1260402302051673e-01  7.388436e-01  4.400244e+00  9.164755e+00  3.726319e+01  1.129326e+02  4.234586e+02  4.690553e+00  3.766552e+01  1.2221639957734379e+01
      1020  2.5499999999999567e+00  1.2347790282365075e-01  7.2102608342780117e-01  7.292367e-01  4.399021e+00  9.041424e+00  3.702000e+01  1.112176e+02  4.179388e+02  4.720603e+00  3.827283e+01  1.2724917212432262e+01
      1030  2.5749999999999562e+00  1.2345523781072056e-01  7.2958917094110420e-01  7.191922e-01  4.398966e+00  8.913238e+00  3.679081e+01  1.094735e+02  4.126077e+02  4.753573e+00  3.900014e+01  1.3246715646886225e+01
      1040  2.5999999999999557e+00  1.2343230298374715e-01  7.3829474418029395e-01  7.087129e-01  4.400205e+00  8.780088e+00  3.657825e+01  1.076996e+02  4.075033e+02  4.789663e+00  3.985714e+01  1.3787421050087382e+01
      1050  2.6249999999999551e+00  1.2340909386607121e-01  7.4714432580333745e-01  6.978018e-01  4.402864e+00  8.641833e+00  3.638500e+01  1.058938e+02  4.026650e+02  4.829051e+00  4.085270e+01  1.4347432074012451e+01
      1060  2.6499999999999546e+00  1.2338560593228147e-01  7.5613951274056690e-01  6.864621e-01  4.407066e+00  8.498296e+00  3.621388e+01  1.040529e+02  3.981339e+02  4.871892e+00  4.199458e+01  1.4927165341329175e+01
      1070  2.6749999999999541e+00  1.2336183460572167e-01  7.6528198719563434e-01  6.746975e-01  4.412936e+00  8.349267e+00  3.606776e+01  1.021725e+02  3.939540e+02  4.918317e+00  4.328936e+01  1.5527061284680116e+01
      1080  2.6999999999999535e+00  1.2333777525564700e-01  7.7457352841000937e-01  6.625118e-01  4.420594e+00  8.194505e+00  3.594966e+01  1.002471e+02  3.901720e+02  4.968426e+00  4.474237e+01  1.6147590755337529e+01
      1090  2.7249999999999530e+00  1.2331342319400150e-01  7.8401602518064695e-01  6.499091e-01  4.430159e+00  8.033739e+00  3.586266e+01  9.826966e+01  3.868389e+02  5.022293e+00  4.635783e+01  1.6789262436408649e+01
      1100  2.7499999999999525e+00  1.2328877367179072e-01  7.9361148911245893e-01  6.368941e-01  4.441747e+00  7.866672e+00  3.580999e+01  9.623182e+01  3.840105e+02  5.079962e+00  4.813905e+01  1.7452631091073805e+01
      1110  2.7749999999999519e+00  1.2326382187502939e-01  8.0336206857851433e-01  6.234718e-01  4.455466e+00  7.692985e+00  3.579497e+01  9.412382e+01  3.817479e+02  5.141449e+00  5.008870e+01  1.8138306668347347e+01
      1120  2.7999999999999514e+00  1.2323856292024632e-01  8.1327006335223662e-01  6.096474e-01  4.471423e+00  7.512339e+00  3.582104e+01  9.193442e+01  3.801187e+02  5.206741e+00  5.220915e+01  1.8846964276146249e+01
      1130  2.8249999999999509e+00  1.2321299184951612e-01  8.2333793986752246e-01  5.954270e-01  4.489714e+00  7.324385e+00  3.589174e+01  8.965088e+01  3.791974e+02  5.275798e+00  5.450272e+01  1.9579355012655299e+01
      1140  2.8499999999999504e+00  1.2318710362501183e-01  8.3356834705619021e-01  5.808168e-01  4.510429e+00  7.128765e+00  3.601069e+01  8.725909e+01  3.790659e+02  5.348553e+00  5.697178e+01  2.0336317621121978e+01
      1150  2.8749999999999498e+00  1.2316089312304968e-01  8.4396413270849779e-01  5.658236e-01  4.533648e+00  6.925128e+00  3.618158e+01  8.474364e+01  3.798129e+02  5.424904e+00  5.961849e+01  2.1118790900213959e+01
      1160  2.8999999999999493e+00  1.2313435512761783e-01  8.5452836030395329e-01  5.504548e-01  4.559440e+00  6.713131e+00  3.640811e+01  8.208827e+01  3.815330e+02  5.504714e+00  6.244372e+01  2.1927826763218658e+01
      1170  2.9249999999999488e+00  1.2310748432337318e-01  8.6526432626780836e-01  5.347184e-01  4.587861e+00  6.492459e+00  3.669390e+01  7.927629e+01  3.843246e+02  5.587798e+00  6.544476e+01  2.2764603797701930e+01
      1180  2.9499999999999482e+00  1.2308027528809057e-01  8.7617557762587761e-01  5.186228e-01  4.618953e+00  6.262838e+00  3.704244e+01  7.629142e+01  3.882867e+02  5.673913e+00  6.861168e+01  2.3630441137684738e+01
      1190  2.9749999999999477e+00  1.2305272248455663e-01  8.8726593005744459e-01  5.021774e-01  4.652742e+00  6.024053e+00  3.745690e+01  7.311870e+01  3.935142e+02  5.762745e+00  7.192254e+01  2.4526812429435303e+01
      1200  2.9999999999999472e+00  1.2302482025189269e-01  8.9853948638290793e-01  4.853919e-01  4.689237e+00  5.775971e+00  3.794003e+01  6.974561e+01  4.000930e+02  5.853895e+00  7.533874e+01  2.5455359656884276e+01
      1210  3.0249999999999466e+00  1.2299656279629012e-01  9.1000065556675214e-01  4.682772e-01  4.728428e+00  5.518561e+00  3.849398e+01  6.616320e+01  4.080947e+02  5.946873e+00  7.880247e+01  2.6417906600234172e+01
      1220  3.0499999999999461e+00  1.2296794418114487e-01  9.2165417236186020e-01  4.508447e-01  4.770284e+00  5.251917e+00  3.912013e+01  6.236696e+01  4.175725e+02  6.041102e+00  8.223871e+01  2.7416471736210195e+01
      1230  3.0749999999999456e+00  1.2293895831656332e-01  9.3350511775919753e-01  4.331065e-01  4.814757e+00  4.976274e+00  3.981907e+01  5.835744e+01  4.285585e+02  6.135940e+00  8.556363e+01  2.8453280451428114e+01
      1240  3.0999999999999450e+00  1.2290959894821468e-01  9.4555894042572031e-01  4.150755e-01  4.861775e+00  4.692014e+00  4.059050e+01  5.414014e+01  4.410651e+02  6.230733e+00  8.869948e+01  2.9530776527210904e+01
      1250  3.1249999999999445e+00  1.2287985964549464e-01  9.5782147929969230e-01  3.967650e-01  4.911250e+00  4.399662e+00  4.143333e+01  4.972487e+01  4.550887e+02  6.324894e+00  9.159374e+01  3.0651632954768949e+01
      1260  3.1499999999999440e+00  1.2284973378896363e-01  9.7029898745362408e-01  3.781885e-01  4.963076e+00  4.099870e+00  4.234586e+01  4.512446e+01  4.706169e+02  6.418005e+00  9.423751e+01  3.1818762238618575e+01
      1270  3.1749999999999434e+00  1.2281921455701404e-01  9.8299815722190675e-01  3.593597e-01  5.017133e+00  3.793377e+00  4.332599e+01  4.035309e+01  4.876378e+02  6.509943e+00  9.667716e+01  3.3035326424682985e+01
      1280  3.1999999999999429e+00  1.2278829491174183e-01  9.9592614642024235e-01  3.402914e-01  5.073292e+00  3.480972e+00  4.437148e+01  3.542461e+01  5.061466e+02  6.600995e+00  9.901386e+01  3.4304747128507621e+01
      1290  3.2249999999999424e+00  1.2275696758397811e-01  1.0090906052654098e+00  3.209957e-01  5.131415e+00  3.163442e+00  4.548015e+01  3.035135e+01  5.261509e+02  6.691945e+00  1.013890e+02  3.5630715822654722e+01
      1300  3.2499999999999418e+00  1.2272522505748203e-01  1.0224997033552257e+00  3.014833e-01  5.191366e+00  2.841525e+00  4.665005e+01  2.514366e+01  5.476678e+02  6.784115e+00  1.039583e+02  3.7017204562112887e+01
      1310  3.2749999999999413e+00  1.2269305955229887e-01  1.0361621558202054e+00  2.817630e-01  5.253010e+00  2.515878e+00  4.787942e+01  1.981051e+01  5.707161e+02  6.879336e+00  1.068621e+02  3.8468477184378813e+01
      1320  3.2999999999999408e+00  1.2266046300733163e-01  1.0500872475488339e+00  2.618417e-01  5.316217e+00  2.187052e+00  4.916656e+01  1.436090e+01  5.953018e+02  6.979855e+00  1.102012e+02  3.9989100830512179e+01
      1330  3.3249999999999402e+00  1.2262742706220005e-01  1.0642848542586907e+00  2.417238e-01  5.380863e+00  1.855489e+00  5.050959e+01  8.805751e+00  6.214016e+02  7.088193e+00  1.140274e+02  4.1583957419908145e+01
      1340  3.3499999999999397e+00  1.2259394303851429e-01  1.0787654591730962e+00  2.214120e-01  5.446832e+00  1.521535e+00  5.190618e+01  3.159502e+00  6.489502e+02  7.206986e+00  1.183524e+02  4.3258254507770438e+01
      1350  3.3749999999999392e+00  1.2256000192071105e-01  1.0935401641922977e+00  2.009069e-01  5.514013e+00  1.185457e+00  5.335334e+01 -2.559115e+00  6.778330e+02  7.338842e+00  1.231731e+02  4.5017534796243808e+01
      1360  3.3999999999999386e+00  1.2252559433664043e-01  1.1086206947251103e+00  1.802083e-01  5.582299e+00  8.474639e-01  5.484732e+01 -8.327694e+00  7.078912e+02  7.486246e+00  1.285039e+02  4.6867683490451903e+01
      1370  3.4249999999999381e+00  1.2249071053811378e-01  1.1240193977542652e+00  1.593158e-01  5.651584e+00  5.077144e-01  5.638371e+01 -1.412213e+01  7.389363e+02  7.651538e+00  1.344073e+02  4.8814932712340550e+01
      1380  3.4499999999999376e+00  1.2245534038161576e-01  1.1397492332057588e+00  1.382296e-01  5.721762e+00  1.663250e-01  5.795770e+01 -1.991951e+01  7.707713e+02  7.836952e+00  1.410120e+02  5.0865862317052930e+01
      1390  3.4749999999999370e+00  1.2241947330938961e-01  1.1558237592205138e+00  1.169521e-01  5.792728e+00 -1.766376e-01  5.956435e+01 -2.570111e+01  8.032135e+02  8.044707e+00  1.485152e+02  5.3027396690880408e+01
      1400  3.4999999999999365e+00  1.2238309833106306e-01  1.1722571124180521e+00  9.548836e-02  5.864376e+00 -5.211670e-01  6.119900e+01 -3.145459e+01  8.361111e+02  8.277120e+00  1.571718e+02  5.5306797423345614e+01
      1410  3.5249999999999360e+00  1.2234620400595173e-01  1.1890639846314528e+00  7.384730e-02  5.936602e+00 -8.673260e-01  6.285739e+01 -3.717482e+01  8.693492e+02  8.536722e+00  1.672778e+02  5.7711652103420860e+01
      1420  3.5499999999999354e+00  1.2230877842611979e-01  1.2062595978307953e+00  5.204216e-02  6.009309e+00 -1.215253e+00  6.453590e+01 -4.286321e+01  9.028457e+02  8.826338e+00  1.791571e+02  6.0249859849735508e+01
      1430  3.5749999999999349e+00  1.2227080920023206e-01  1.2238596790128353e+00  3.009073e-02  6.082411e+00 -1.565165e+00  6.623143e+01 -4.852614e+01  9.365397e+02  9.149151e+00  1.931579e+02  6.2929614505217856e+01
      1440  3.5999999999999344e+00  1.2223228343816162e-01  1.2418804367193079e+00  8.015260e-03  6.155835e+00 -1.917360e+00  6.794152e+01 -5.417351e+01  9.703808e+02  9.508715e+00  2.096612e+02  6.5759386671288922e+01
      1450  3.6249999999999338e+00  1.2219318773628955e-01  1.2603385405821486e+00 -1.415797e-02  6.229532e+00 -2.272230e+00  6.966430e+01 -5.981845e+01  1.004326e+03  9.908946e+00  2.290980e+02  6.8747905896668215e+01
      1460  3.6499999999999333e+00  1.2215350816337937e-01  1.2792511049209794e+00 -3.639917e-02  6.303475e+00 -2.630280e+00  7.139879e+01 -6.547888e+01  1.038349e+03  1.035407e+01  2.519695e+02  7.1904144350079207e+01
      1470  3.6749999999999328e+00  1.2211323024688932e-01  1.2986356769765206e+00 -5.867572e-02  6.377672e+00 -2.992166e+00  7.314526e+01 -7.118078e+01  1.072464e+03  1.084851e+01  2.788630e+02  7.5237303178897363e+01
      1480  3.6999999999999322e+00  1.2207233895957596e-01  1.3185102298765021e+00 -8.095254e-02  6.452169e+00 -3.358723e+00  7.490575e+01 -7.696251e+01  1.106755e+03  1.139677e+01  3.104593e+02  7.8756802472835730e+01
      1490  3.7249999999999317e+00  1.2203081870624810e-01  1.3388931598917202e+00 -1.031923e-01  6.527054e+00 -3.730999e+00  7.668464e+01 -8.287874e+01  1.141404e+03  1.200322e+01  3.475295e+02  8.2472275297095393e+01
      1500  3.7499999999999312e+00  1.2198865331054745e-01  1.3598032869121581e+00 -1.253554e-01  6.602463e+00 -4.110252e+00  7.848904e+01 -8.900281e+01  1.176716e+03  1.267185e+01  3.909224e+02  8.6393565614719350e+01
      1510  3.7749999999999306e+00  1.2194582600168100e-01  1.3812598562933656e+00 -1.473987e-01  6.678583e+00 -4.497924e+00  8.032903e+01 -9.542673e+01  1.213128e+03  1.340604e+01  4.415465e+02  9.0530729066310201e+01
      1520  3.7999999999999301e+00  1.2190231940110832e-01  1.4032825392259101e+00 -1.692751e-01  6.755646e+00 -4.895571e+00  8.221760e+01 -1.022587e+02  1.251204e+03  1.420825e+01  5.003459e+02  9.4894034510221331e+01
      1530  3.8249999999999296e+00  1.2185811550927808e-01  1.4258914275233869e+00 -1.909315e-01  6.833934e+00 -5.304776e+00  8.417044e+01 -1.096189e+02  1.291625e+03  1.507984e+01  5.682745e+02  9.9493962965005011e+01
      1540  3.8499999999999290e+00  1.2181319569267836e-01  1.4491070172247700e+00 -2.123073e-01  6.913769e+00 -5.727029e+00  8.620558e+01 -1.176349e+02  1.335175e+03  1.602074e+01  6.462621e+02  1.0434119919565809e+02
      1550  3.8749999999999285e+00  1.2176754067165189e-01  1.4729501737670185e+00 -2.333323e-01  6.995504e+00 -6.163619e+00  8.834301e+01 -1.264373e+02  1.382736e+03  1.702933e+01  7.351707e+02  1.0944660975923674e+02
      1560  3.8999999999999280e+00  1.2172113050968662e-01  1.4974420699090072e+00 -2.539246e-01  7.079520e+00 -6.615519e+00  9.060440e+01 -1.361568e+02  1.435288e+03  1.810212e+01  8.357337e+02  1.1482120005377429e+02
      1570  3.9249999999999274e+00  1.2167394460518632e-01  1.5226040863785422e+00 -2.739890e-01  7.166209e+00 -7.083272e+00  9.301289e+01 -1.469223e+02  1.493914e+03  1.923354e+01  9.484741e+02  1.2047604204472917e+02
      1580  3.9499999999999269e+00  1.2162596168704588e-01  1.5484576647369199e+00 -2.934150e-01  7.255963e+00 -7.566876e+00  9.559284e+01 -1.588598e+02  1.559821e+03  2.041567e+01  1.073605e+03  1.2642216417722030e+02
      1590  3.9749999999999264e+00  1.2157715981568773e-01  1.5750241025885359e+00 -3.120755e-01  7.349151e+00 -8.065626e+00  9.836953e+01 -1.720901e+02  1.634342e+03  2.163793e+01  1.210913e+03  1.3267039584491110e+02
      1600  3.9999999999999258e+00  1.2152751639148356e-01  1.6023242833242850e+00 -3.298251e-01  7.446100e+00 -8.577913e+00  1.013685e+02 -1.867248e+02  1.718946e+03  2.288700e+01  1.359649e+03  1.3923116097770853e+02
      1610  4.0249999999999293e+00  1.2147700817269494e-01  1.6303783362581947e+00 -3.464995e-01  7.547061e+00 -9.100957e+00  1.046144e+02 -2.028570e+02  1.815218e+03  2.414673e+01  1.518432e+03  1.4611421904470441e+02
      1620  4.0499999999999332e+00  1.2142561130508973e-01  1.6592052282727718e+00 -3.619154e-01  7.652171e+00 -9.630474e+00  1.081292e+02 -2.205472e+02  1.924806e+03  2.539840e+01  1.685197e+03  1.5332835710864003e+02
      1630  4.0749999999999371e+00  1.2137330136529344e-01  1.6888222946551052e+00 -3.758701e-01  7.761416e+00 -1.016029e+01  1.119302e+02 -2.398011e+02  2.049339e+03  2.662119e+01  1.857199e+03  1.6088104336387113e+02
      1640  4.0999999999999410e+00  1.2132005341955324e-01  1.7192447241474995e+00 -3.881438e-01  7.874584e+00 -1.068196e+01  1.160266e+02 -2.605414e+02  2.190282e+03  2.779295e+01  2.031087e+03  1.6877806043388907e+02
      1650  4.1249999999999449e+00  1.2126584209902259e-01  1.7504850205802425e+00 -3.985017e-01  7.991232e+00 -1.118449e+01  1.204172e+02 -2.825739e+02  2.348761e+03  2.889123e+01  2.203049e+03  1.7702314490853070e+02
      1660  4.1499999999999488e+00  1.2121064169187069e-01  1.7825524698489523e+00 -4.066989e-01  8.110667e+00 -1.165416e+01  1.250874e+02 -3.055536e+02  2.525341e+03  2.989439e+01  2.368999e+03  1.8561766719801219e+02
      1670  4.1749999999999527e+00  1.2115442625155545e-01  1.8154526453951165e+00 -4.124859e-01  8.231942e+00 -1.207472e+01  1.300078e+02 -3.289573e+02  2.719805e+03  3.078283e+01  2.524794e+03  1.9456039155260908e+02
      1680  4.1999999999999567e+00  1.2109716971953005e-01  1.8491869866937771e+00 -4.156171e-01  8.353883e+00 -1.242793e+01  1.351338e+02 -3.520707e+02  2.930978e+03  3.154003e+01  2.666442e+03  2.0384735862955895e+02
      1690  4.2249999999999606e+00  1.2103884605960735e-01  1.8837524826015124e+00 -4.158600e-01  8.475152e+00 -1.269444e+01  1.404072e+02 -3.739994e+02  3.156613e+03  3.215342e+01  2.790280e+03  2.1347193076668745e+02
      1700  4.2499999999999645e+00  1.2097942940032003e-01  1.9191414840599250e+00 -4.130066e-01  8.594330e+00 -1.285519e+01  1.457586e+02 -3.937065e+02  3.393379e+03  3.261487e+01  2.893104e+03  2.2342503167893688e+02
      1710  4.2749999999999684e+00  1.2091889418102537e-01  1.9553416582721830e+00 -4.068844e-01  8.710028e+00 -1.289287e+01  1.511121e+02 -4.100789e+02  3.636948e+03  3.292090e+01  2.972251e+03  2.3369559645031399e+02
      1720  4.2999999999999723e+00  1.2085721529736757e-01  1.9923360793616014e+00 -3.973678e-01  8.821013e+00 -1.279346e+01  1.563886e+02 -4.220146e+02  3.882141e+03  3.307254e+01  3.025665e+03  2.4427122390568184e+02
      1730  4.3249999999999762e+00  1.2079436824219102e-01  2.0301034298106226e+00 -3.843885e-01  8.926320e+00 -1.254735e+01  1.615112e+02 -4.285171e+02  4.123142e+03  3.307503e+01  3.051955e+03  2.5513899226099053e+02
      1740  4.3499999999999801e+00  1.2073032923911645e-01  2.0686182648534230e+00 -3.679428e-01  9.025357e+00 -1.214994e+01  1.664083e+02 -4.287773e+02  4.353789e+03  3.293748e+01  3.050483e+03  2.6628636251856125e+02
      1750  4.3749999999999840e+00  1.2066507536781007e-01  2.1078512718193623e+00 -3.480961e-01  9.117964e+00 -1.160141e+01  1.710194e+02 -4.222269e+02  4.568000e+03  3.267244e+01  3.021480e+03  2.7770205660880731e+02
      1760  4.3999999999999879e+00  1.2059858468232129e-01  2.1477694426219172e+00 -3.249830e-01  9.204433e+00 -1.090566e+01  1.752993e+02 -4.085475e+02  4.760399e+03  3.229547e+01  2.966172e+03  2.8937676526497319e+02
      1770  4.4249999999999918e+00  1.2053083632648244e-01  2.1883360751677792e+00 -2.988033e-01  9.285461e+00 -1.006895e+01  1.792249e+02 -3.876357e+02  4.927082e+03  3.182456e+01  2.886888e+03  3.0130352252335410e+02
      1780  4.4499999999999957e+00  1.2046181065282918e-01  2.2295105330847020e+00 -2.698141e-01  9.362034e+00 -9.098307e+00  1.827993e+02 -3.595365e+02  5.066405e+03  3.127934e+01  2.787071e+03  3.1347758898419090e+02
      1790  4.4749999999999996e+00  1.2039148935324634e-01  2.2712477257697494e+00 -2.383194e-01  9.435263e+00 -8.000411e+00  1.860541e+02 -3.243701e+02  5.179530e+03  3.067983e+01  2.671149e+03  3.2589572292616384e+02
      1800  4.5000000000000036e+00  1.2031985561000801e-01  2.3134973219127364e+00 -2.046588e-01  9.506166e+00 -6.781208e+00  1.890466e+02 -2.822798e+02  5.270532e+03  3.004502e+01  2.544225e+03  3.3855479148629786e+02
      1810  4.5250000000000075e+00  1.2024689427448569e-01  2.3562027740903639e+00 -1.691970e-01  9.575458e+00 -5.446318e+00  1.918514e+02 -2.334201e+02  5.345981e+03  2.939116e+01  2.411619e+03  3.5144978056228229e+02
      1820  4.5500000000000114e+00  1.2017259207736838e-01  2.3993002990377987e+00 -1.323169e-01  9.643363e+00 -4.002086e+00  1.945476e+02 -1.779872e+02  5.414077e+03  2.873039e+01  2.278310e+03  3.6457138898245762e+02
      1830  4.5750000000000153e+00  1.2009693786883092e-01  2.4427180126236050e+00 -9.441600e-02  9.709512e+00 -2.456935e+00  1.972058e+02 -1.162755e+02  5.483563e+03  2.806978e+01  2.148419e+03  3.7790351627963997e+02
      1840  4.6000000000000192e+00  1.2001992288038665e-01  2.4863754439621109e+00 -5.590623e-02  9.772937e+00 -8.226334e-01  1.998765e+02 -4.873490e+01  5.562671e+03  2.741129e+01  2.024824e+03  3.9142104308849264e+02
      1850  4.6250000000000231e+00  1.1994154099328508e-01  2.5301836369530832e+00 -1.721481e-02  9.832173e+00  8.848300e-01  2.025840e+02  2.398840e+01  5.658268e+03  2.675268e+01  1.909025e+03  4.0508832798144084e+02
      1860  4.6500000000000270e+00  1.1986178899262988e-01  2.5740459867927310e+00  2.121658e-02  9.885452e+00  2.644910e+00  2.053252e+02  1.010338e+02  5.775295e+03  2.608926e+01  1.801257e+03  4.1885878475447976e+02
      1870  4.6750000000000309e+00  1.1978066678315452e-01  2.6178598635924621e+00  5.893774e-02  9.930943e+00  4.432736e+00  2.080723e+02  1.813214e+02  5.916417e+03  2.541612e+01  1.700849e+03  4.3267576116842707e+02
      1880  4.7000000000000348e+00  1.1969817754264203e-01  2.6615189667812449e+00  9.550272e-02  9.966987e+00  6.219830e+00  2.107773e+02  2.635500e+02  6.081746e+03  2.473025e+01  1.606688e+03  4.4647474029551330e+02
      1890  4.7250000000000387e+00  1.1961432779222547e-01  2.7049162586752464e+00  1.304892e-01  9.992287e+00  7.975192e+00  2.133760e+02  3.461923e+02  6.268504e+03  2.403208e+01  1.517676e+03  4.6018667402510061e+02
      1900  4.7500000000000426e+00  1.1952912736862811e-01  2.7479472638740976e+00  1.635216e-01  1.000601e+01  9.666617e+00  2.157888e+02  4.274923e+02  6.470611e+03  2.332604e+01  1.433045e+03  4.7374208358156153e+02
      1910  4.7750000000000465e+00  1.1944258929050164e-01  2.7905134991235032e+00  1.942927e-01  1.000777e+01  1.126212e+01  2.179203e+02  5.054805e+02  6.678357e+03  2.262004e+01  1.352450e+03  4.8707545887672467e+02
      1920  4.8000000000000504e+00  1.1935472951832428e-01  2.8325258067731491e+00  2.225794e-01  9.997572e+00  1.273137e+01  2.196571e+02  5.780274e+02  6.878477e+03  2.192413e+01  1.275871e+03  5.0012946787449806e+02
      1930  4.8250000000000544e+00  1.1926556661411715e-01  2.8739073870195306e+00  2.482470e-01  9.975646e+00  1.404722e+01  2.208697e+02  6.429584e+02  7.054961e+03  2.124866e+01  1.203406e+03  5.1285853786878465e+02
      1940  4.8500000000000583e+00  1.1917512131331225e-01  2.9145963464838252e+00  2.712425e-01  9.942291e+00  1.518724e+01  2.214183e+02  6.982388e+02  7.190766e+03  2.060260e+01  1.135073e+03  5.2523147143774008e+02
      1950  4.8750000000000622e+00  1.1908341602649986e-01  2.9545476008683664e+00  2.915772e-01  9.897758e+00  1.613537e+01  2.211676e+02  7.422131e+02  7.270275e+03  1.999223e+01  1.070707e+03  5.3723289026021700e+02
      1960  4.9000000000000661e+00  1.1899047429353775e-01  2.9937339938402343e+00  3.093026e-01  9.842208e+00  1.688321e+01  2.200056e+02  7.738473e+02  7.281978e+03  1.942065e+01  1.009991e+03  5.4886344243494409e+02
      1970  4.9250000000000700e+00  1.1889632021628906e-01  3.0321465302972399e+00  3.244859e-01  9.775768e+00  1.743070e+01  2.178644e+02  7.928989e+02  7.220626e+03  1.888815e+01  9.525660e+02  5.6013884480152979e+02
      1980  4.9500000000000739e+00  1.1880097789872615e-01  3.0697936732784328e+00  3.371900e-01  9.698652e+00  1.778544e+01  2.147367e+02  7.999473e+02  7.088175e+03  1.839297e+01  8.981526e+02  5.7108794061655817e+02
      1990  4.9750000000000778e+00  1.1870447092372050e-01  3.1066997228367885e+00  3.474607e-01  9.611304e+00  1.796095e+01  2.106822e+02  7.962592e+02  6.893169e+03  1.793209e+01  8.466093e+02  5.8175002199191226e+02
      2000  5.0000000000000817e+00  1.1860682189389268e-01  3.1429023898815815e+00  3.553270e-01  9.514481e+00  1.797414e+01  2.058206e+02  7.835295e+02  6.648765e+03  1.750163e+01  7.978965e+02  5.9217170266197286e+02
      2010  5.0250000000000856e+00  1.1850805205842221e-01  3.1784498053834724e+00  3.608113e-01  9.409263e+00  1.784306e+01  2.003144e+02  7.635876e+02  6.370118e+03  1.709686e+01  7.519827e+02  6.0240365367592244e+02
      2020  5.0500000000000895e+00  1.1840818103784650e-01  3.2133973504514266e+00  3.639492e-01  9.297018e+00  1.758550e+01  1.943479e+02  7.381665e+02  6.071991e+03  1.671261e+01  7.087728e+02  6.1249754677421083e+02
      2030  5.0750000000000934e+00  1.1830722664481161e-01  3.2478047976618880e+00  3.648128e-01  9.179397e+00  1.721889e+01  1.881099e+02  7.087935e+02  5.767297e+03  1.634425e+01  6.681230e+02  6.2250356041536634e+02
      2040  5.1000000000000973e+00  1.1820520478321192e-01  3.2817342277685713e+00  3.635298e-01  9.058382e+00  1.676081e+01  1.817844e+02  6.767933e+02  5.466678e+03  1.598929e+01  6.299307e+02  6.3246872330480221e+02
      2050  5.1250000000001013e+00  1.1810212939652746e-01  3.3152489612067653e+00  3.602906e-01  8.936354e+00  1.622970e+01  1.755474e+02  6.433416e+02  5.178789e+03  1.564840e+01  5.942253e+02  6.4243614355012119e+02
      2060  5.1500000000001052e+00  1.1799801243461895e-01  3.3484133516643109e+00  3.553385e-01  8.816101e+00  1.564458e+01  1.695645e+02  6.095005e+02  4.910708e+03  1.532509e+01  5.611751e+02  6.5244483161199332e+02
      2070  5.1750000000001091e+00  1.1789286381977573e-01  3.3812928886104525e+00  3.489471e-01  8.700691e+00  1.502396e+01  1.639867e+02  5.762079e+02  4.668093e+03  1.502374e+01  5.309975e+02  6.6252952581765658e+02
      2080  5.2000000000001130e+00  1.1778669141409580e-01  3.4139538705657273e+00  3.413908e-01  8.593218e+00  1.438441e+01  1.589423e+02  5.442419e+02  4.455056e+03  1.474703e+01  5.038342e+02  6.7271987470340207e+02
      2090  5.2250000000001169e+00  1.1767950101171609e-01  3.4464620920222009e+00  3.329244e-01  8.496506e+00  1.374000e+01  1.545317e+02  5.141989e+02  4.274024e+03  1.449443e+01  4.796896e+02  6.8303863243273281e+02
      2100  5.2500000000001208e+00  1.1757129638942027e-01  3.4788804945000393e+00  3.237794e-01  8.412847e+00  1.310262e+01  1.508261e+02  4.865005e+02  4.125936e+03  1.426264e+01  4.584764e+02  6.9349909042395097e+02
      2110  5.2750000000001247e+00  1.1746207944092478e-01  3.5112663327166889e+00  3.141821e-01  8.343852e+00  1.248301e+01  1.478743e+02  4.614166e+02  4.010885e+03  1.404785e+01  4.401285e+02  7.0410253060978744e+02
      2120  5.3000000000001286e+00  1.1735185039554924e-01  3.5436688023153602e+00  3.043863e-01  8.290388e+00  1.189113e+01  1.457102e+02  4.390807e+02  3.928944e+03  1.384824e+01  4.246886e+02  7.1483675748342239e+02
      2130  5.3250000000001325e+00  1.1724060809105080e-01  3.5761280790088303e+00  2.947076e-01  8.252515e+00  1.133607e+01  1.443540e+02  4.195020e+02  3.880714e+03  1.366501e+01  4.122978e+02  7.2567662490535747e+02
      2140  5.3500000000001364e+00  1.1712835024570681e-01  3.6086763505952031e+00  2.855474e-01  8.229344e+00  1.082598e+01  1.438026e+02  4.026008e+02  3.867158e+03  1.350094e+01  4.030780e+02  7.3658701812007143e+02
      2150  5.3750000000001403e+00  1.1701507366518360e-01  3.6413408667528242e+00  2.773970e-01  8.218846e+00  1.036900e+01  1.440089e+02  3.882926e+02  3.888630e+03  1.335715e+01  3.969503e+02  7.4752819657652913e+02
      2160  5.4000000000001442e+00  1.1690077432776004e-01  3.6741484995094980e+00  2.708208e-01  8.217786e+00  9.974941e+00  1.448627e+02  3.766055e+02  3.943497e+03  1.323024e+01  3.934765e+02  7.5846291477592456e+02
      2170  5.4250000000001481e+00  1.1678544731386592e-01  3.7071309285007361e+00  2.664197e-01  8.222009e+00  9.656647e+00  1.461851e+02  3.677752e+02  4.027020e+03  1.311185e+01  3.918344e+02  7.6936435373729648e+02
      2180  5.4500000000001521e+00  1.1666908657723818e-01  3.7403293674020293e+00  2.647793e-01  8.227163e+00  9.430019e+00  1.477469e+02  3.622565e+02  4.131164e+03  1.299147e+01  3.909994e+02  7.8022358702268320e+02
      2190  5.4750000000001560e+00  1.1655168458982983e-01  3.7737977185461391e+00  2.664089e-01  8.229665e+00  9.312450e+00  1.493117e+02  3.606339e+02  4.245700e+03  1.286086e+01  3.900594e+02  7.9105510250059820e+02
      2200  5.5000000000001599e+00  1.1643323192564689e-01  3.8076031868937608e+00  2.716770e-01  8.227548e+00  9.320120e+00  1.506885e+02  3.634749e+02  4.360524e+03  1.271737e+01  3.884489e+02  8.0189893607002796e+02
      2210  5.5250000000001638e+00  1.1631371687415490e-01  3.8418237245953231e+00  2.807534e-01  8.220858e+00  9.465076e+00  1.517827e+02  3.711962e+02  4.468636e+03  1.256412e+01  3.859235e+02  8.1281839132663367e+02
      2220  5.5500000000001677e+00  1.1619312518565285e-01  3.8765422064743076e+00  2.935668e-01  8.211503e+00  9.752916e+00  1.526282e+02  3.839921e+02  4.568804e+03  1.240722e+01  3.823163e+02  8.2389313368699504e+02
      2230  5.5750000000001716e+00  1.1607144004410373e-01  3.9118378839191541e+00  3.097872e-01  8.202698e+00  1.018151e+01  1.533898e+02  4.018360e+02  4.666709e+03  1.225202e+01  3.773101e+02  8.3520847693787550e+02
      2240  5.6000000000001755e+00  1.1594864233553408e-01  3.9477763095167138e+00  3.288373e-01  8.198198e+00  1.074074e+01  1.543267e+02  4.245425e+02  4.773824e+03  1.210056e+01  3.704481e+02  8.4684262311360135e+02
      2250  5.6250000000001794e+00  1.1582471123428270e-01  3.9843994449609874e+00  3.499317e-01  8.201504e+00  1.141318e+01  1.557250e+02  4.518829e+02  4.904480e+03  1.195136e+01  3.614040e+02  8.5885420862469857e+02
      2260  5.6500000000001833e+00  1.1569962507046760e-01  4.0217179684918198e+00  3.721402e-01  8.215217e+00  1.217540e+01  1.578231e+02  4.837208e+02  5.072644e+03  1.180125e+01  3.503284e+02  8.7127263673630273e+02
      2270  5.6750000000001872e+00  1.1557336237779850e-01  4.0597078144276217e+00  3.944665e-01  8.240641e+00  1.299943e+01  1.607569e+02  5.200636e+02  5.289506e+03  1.164811e+01  3.380065e+02  8.8409336968083835e+02
      2280  5.7000000000001911e+00  1.1544590296146383e-01  4.0983126265360150e+00  4.159388e-01  8.277712e+00  1.385356e+01  1.645364e+02  5.609006e+02  5.561683e+03  1.149308e+01  3.256549e+02  8.9727969332207806e+02
      2290  5.7250000000001950e+00  1.1531722878422054e-01  4.1374530017530811e+00  4.357047e-01  8.325171e+00  1.470336e+01  1.690483e+02  6.058504e+02  5.889735e+03  1.134099e+01  3.144153e+02  9.1077149796711331e+02
      2300  5.7500000000001990e+00  1.1518732446017008e-01  4.1770421099804871e+00  4.531255e-01  8.380876e+00  1.551473e+01  1.740905e+02  6.539078e+02  6.268331e+03  1.119867e+01  3.048521e+02  9.2450035483550596e+02
      2310  5.7750000000002029e+00  1.1505617718393395e-01  4.2170056280162127e+00  4.678600e-01  8.442222e+00  1.626017e+01  1.794386e+02  7.036236e+02  6.689729e+03  1.107230e+01  2.968366e+02  9.3840868862482773e+02
      2320  5.8000000000002068e+00  1.1492377601419713e-01  4.2573022826903939e+00  4.799197e-01  8.506657e+00  1.692561e+01  1.849225e+02  7.536719e+02  7.148865e+03  1.096530e+01  2.899549e+02  9.5246940727917854e+02
      2330  5.8250000000002107e+00  1.1479011056614498e-01  4.2979402205454766e+00  4.896793e-01  8.572244e+00  1.751290e+01  1.904538e+02  8.032948e+02  7.644510e+03  1.087818e+01  2.841208e+02  9.6670140371640400e+02
      2340  5.8500000000002146e+00  1.1465516931978237e-01  4.3389844949494547e+00  4.978250e-01  8.638066e+00  1.803589e+01  1.959761e+02  8.521352e+02  8.172758e+03  1.081016e+01  2.798461e+02  9.8117642147532843e+02
      2350  5.8750000000002185e+00  1.1451893787782641e-01  4.3805525277818163e+00  5.052384e-01  8.704267e+00  1.851352e+01  2.013828e+02  8.995566e+02  8.716872e+03  1.076143e+01  2.779305e+02  9.9601423796387667e+02
      2360  5.9000000000002224e+00  1.1438139756204035e-01  4.4227973071066113e+00  5.128311e-01  8.771672e+00  1.896469e+01  2.064979e+02  9.441311e+02  9.243407e+03  1.073474e+01  2.788874e+02  1.0113658860561055e+03
      2370  5.9250000000002263e+00  1.1424252468901697e-01  4.4658815850202149e+00  5.213618e-01  8.841223e+00  1.940640e+01  2.111568e+02  9.839349e+02  9.711431e+03  1.073536e+01  2.826241e+02  1.0273880470512336e+03
      2380  5.9500000000002302e+00  1.1410229071456977e-01  4.5099492903823268e+00  5.312800e-01  8.913587e+00  1.985260e+01  2.153269e+02  1.017568e+03  1.009114e+04  1.076953e+01  2.885871e+02  1.0442146852228193e+03
      2390  5.9750000000002341e+00  1.1396066321627582e-01  4.5551016256952579e+00  5.426339e-01  8.989185e+00  2.031158e+01  2.191624e+02  1.045050e+03  1.037931e+04  1.084252e+01  2.961605e+02  1.0619332788531381e+03
      2400  6.0000000000002380e+00  1.1381760746128744e-01  4.6013842428922036e+00  5.550641e-01  9.068470e+00  2.078398e+01  2.229456e+02  1.067741e+03  1.060009e+04  1.095670e+01  3.049631e+02  1.0805719405634600e+03
      2410  6.0250000000002419e+00  1.1367308815283785e-01  4.6487887136099548e+00  5.678775e-01  9.151991e+00  2.126393e+01  2.269593e+02  1.087349e+03  1.078976e+04  1.110970e+01  3.148247e+02  1.1001005124560377e+03
      2420  6.0500000000002458e+00  1.1352707091439920e-01  4.6972672979311092e+00  5.801778e-01  9.239877e+00  2.174279e+01  2.313744e+02  1.104937e+03  1.097630e+04  1.129233e+01  3.254809e+02  1.1204444999971286e+03
      2430  6.0750000000002498e+00  1.1337952316366924e-01  4.7467562874773570e+00  5.910164e-01  9.330885e+00  2.221042e+01  2.361969e+02  1.120691e+03  1.116667e+04  1.148712e+01  3.362510e+02  1.1415071048208276e+03
      2440  6.1000000000002537e+00  1.1323041421205909e-01  4.7972012749719983e+00  5.995321e-01  9.421665e+00  2.265058e+01  2.412580e+02  1.134213e+03  1.134716e+04  1.166950e+01  3.459776e+02  1.1631930310130488e+03
      2450  6.1250000000002576e+00  1.1307971463163968e-01  4.8485781271502546e+00  6.050578e-01  9.506872e+00  2.303290e+01  2.462092e+02  1.144561e+03  1.149127e+04  1.181251e+01  3.532898e+02  1.1854286475076090e+03
      2460  6.1500000000002615e+00  1.1292739509225834e-01  4.9009057429638077e+00  6.071873e-01  9.580278e+00  2.331047e+01  2.505301e+02  1.149771e+03  1.156726e+04  1.189434e+01  3.570194e+02  1.2081757685683174e+03
      2470  6.1750000000002654e+00  1.1277342494639357e-01  4.9542496385327368e+00  6.057991e-01  9.636453e+00  2.343105e+01  2.536084e+02  1.146673e+03  1.154361e+04  1.190540e+01  3.565596e+02  1.2314392042179572e+03
      2480  6.2000000000002693e+00  1.1261777082980677e-01  5.0087176787645840e+00  6.010405e-01  9.672271e+00  2.336114e+01  2.549313e+02  1.132120e+03  1.139725e+04  1.185192e+01  3.520616e+02  1.2552698056788586e+03
      2490  6.2250000000002732e+00  1.1246039548760808e-01  5.0644501343636277e+00  5.932742e-01  9.687700e+00  2.311161e+01  2.543341e+02  1.105697e+03  1.112753e+04  1.175429e+01  3.444661e+02  1.2797644049426663e+03
      2500  6.2500000000002771e+00  1.1230125697148326e-01  5.1216058861757521e+00  5.829956e-01  9.685651e+00  2.274875e+01  2.521630e+02  1.072217e+03  1.076979e+04  1.164091e+01  3.353814e+02  1.3050625404067796e+03
      2510  6.2750000000002810e+00  1.1214030830919715e-01  5.1803459208375573e+00  5.707367e-01  9.671039e+00  2.237984e+01  2.492216e+02  1.041609e+03  1.039576e+04  1.153988e+01  3.268095e+02  1.3313386821267584e+03
      2520  6.3000000000002849e+00  1.1197749771673067e-01  5.2408151484208663e+00  5.569821e-01  9.649407e+00  2.211528e+01  2.464944e+02  1.025225e+03  1.009376e+04  1.147161e+01  3.207267e+02  1.3587890327339476e+03
      2530  6.3250000000002888e+00  1.1181276938276259e-01  5.3031242461895642e+00  5.421175e-01  9.625467e+00  2.202269e+01  2.447731e+02  1.030285e+03  9.935037e+03  1.144427e+01  3.185794e+02  1.3876138864839813e+03
      2540  6.3500000000002927e+00  1.1164606478717352e-01  5.3673341256416851e+00  5.264233e-01  9.601818e+00  2.209460e+01  2.443547e+02  1.055858e+03  9.942738e+03  1.145280e+01  3.208069e+02  1.4179987412185310e+03
      2550  6.3750000000002967e+00  1.1147732442686094e-01  5.4334458745950842e+00  5.101024e-01  9.578000e+00  2.224692e+01  2.449293e+02  1.092945e+03  1.007972e+04  1.148120e+01  3.265691e+02  1.4500983103203496e+03
      2560  6.4000000000003006e+00  1.1130648974240191e-01  5.5013982113902378e+00  4.933167e-01  9.550164e+00  2.235007e+01  2.456957e+02  1.128519e+03  1.026290e+04  1.150717e+01  3.338819e+02  1.4840265614108139e+03
      2570  6.4250000000003045e+00  1.1113350499824795e-01  5.5710729512347452e+00  4.762056e-01  9.511746e+00  2.227702e+01  2.456682e+02  1.150974e+03  1.040000e+04  1.150840e+01  3.402606e+02  1.5198535881384469e+03
      2580  6.4500000000003084e+00  1.1095831887736209e-01  5.6423075422482132e+00  4.588707e-01  9.455429e+00  2.194430e+01  2.440627e+02  1.154042e+03  1.043129e+04  1.146903e+01  3.436974e+02  1.5576080130658117e+03
      2590  6.4750000000003123e+00  1.1078088559483458e-01  5.7149129575584157e+00  4.413370e-01  9.376012e+00  2.132935e+01  2.405890e+02  1.137652e+03  1.035262e+04  1.138448e+01  3.434918e+02  1.5972828698208518e+03
      2600  6.5000000000003162e+00  1.1060116539346468e-01  5.7886949550389799e+00  4.235175e-01  9.272893e+00  2.046339e+01  2.354980e+02  1.106108e+03  1.020481e+04  1.126265e+01  3.404205e+02  1.6388433894790228e+03
      2610  6.5250000000003201e+00  1.1041912435341689e-01  5.8634761667895878e+00  4.052138e-01  9.150645e+00  1.941090e+01  2.293590e+02  1.065025e+03  1.003603e+04  1.112036e+01  3.360755e+02  1.6822355458419649e+03
      2620  6.5500000000003240e+00  1.1023473354764285e-01  5.9391150614695709e+00  3.861707e-01  9.016978e+00  1.824684e+01  2.227097e+02  1.018631e+03  9.863867e+03  1.097596e+01  3.317344e+02  1.7273933367182840e+03
      2630  6.5750000000003279e+00  1.1004796772892091e-01  6.0155159415752255e+00  3.661783e-01  8.879046e+00  1.703717e+01  2.157883e+02  9.684703e+02  9.662626e+03  1.084123e+01  3.274567e+02  1.7742406811380054e+03
      2640  6.6000000000003318e+00  1.0985880393494786e-01  6.0926233797749001e+00  3.451894e-01  8.740271e+00  1.582425e+01  2.084901e+02  9.137235e+02  9.381637e+03  1.071618e+01  3.220037e+02  1.8226823534491602e+03
      2650  6.6250000000003357e+00  1.0966722057783604e-01  6.1703968108217389e+00  3.234063e-01  8.599767e+00  1.462055e+01  2.005407e+02  8.525166e+02  8.977852e+03  1.058963e+01  3.136729e+02  1.8725801345755481e+03
      2660  6.6500000000003396e+00  1.0947319762936172e-01  6.2487672130587812e+00  3.012994e-01  8.454820e+00  1.341461e+01  1.917609e+02  7.833576e+02  8.439345e+03  1.044600e+01  3.015357e+02  1.9237165948166112e+03
      2670  6.6750000000003435e+00  1.0927671831824687e-01  6.3275864314072656e+00  2.795383e-01  8.304804e+00  1.218856e+01  1.822667e+02  7.061383e+02  7.787753e+03  1.027536e+01  2.862609e+02  1.9757578701302241e+03
      2680  6.7000000000003475e+00  1.0907777230186272e-01  6.4065868794005469e+00  2.588516e-01  8.153574e+00  1.093903e+01  1.724868e+02  6.225891e+02  7.065785e+03  1.008106e+01  2.699267e+02  2.0282337593639179e+03
      2690  6.7250000000003514e+00  1.0887635967983578e-01  6.4853706067351764e+00  2.398610e-01  8.008053e+00  9.690724e+00  1.629831e+02  5.362316e+02  6.323350e+03  9.879177e+00  2.548867e+02  2.0805531575183459e+03
      2700  6.7500000000003553e+00  1.0867249471492113e-01  6.5634395173584021e+00  2.229474e-01  7.873549e+00  8.495871e+00  1.541769e+02  4.518579e+02  5.607061e+03  9.689205e+00  2.424447e+02  2.1320628624464584e+03
      2710  6.7750000000003592e+00  1.0846620796786009e-01  6.6402644670760971e+00  2.081989e-01  7.749441e+00  7.419295e+00  1.461630e+02  3.745853e+02  4.950326e+03  9.522565e+00  2.322983e+02  2.1821411052608987e+03
      2720  6.8000000000003631e+00  1.0825754587067357e-01  6.7153757215754197e+00  1.954585e-01  7.629317e+00  6.513151e+00  1.387478e+02  3.086140e+02  4.367456e+03  9.378211e+00  2.231806e+02  2.2303013573240883e+03
      2730  6.8250000000003670e+00  1.0804656748191262e-01  6.7884478637933672e+00  1.844519e-01  7.506128e+00  5.791273e+00  1.316900e+02  2.559819e+02  3.859170e+03  9.248841e+00  2.141913e+02  2.2762752457635988e+03
      2740  6.8500000000003709e+00  1.0783333902318594e-01  6.8593531850422416e+00  1.749393e-01  7.378228e+00  5.219566e+00  1.249672e+02  2.158373e+02  3.425832e+03  9.131400e+00  2.057529e+02  2.3200494490524934e+03
      2750  6.8750000000003748e+00  1.0761792746257783e-01  6.9281681625207892e+00  1.668328e-01  7.251177e+00  4.735152e+00  1.188639e+02  1.848309e+02  3.074914e+03  9.031987e+00  1.994437e+02  2.3618469317590425e+03
      2760  6.9000000000003787e+00  1.0740039466058438e-01  6.9951325546876868e+00  1.602325e-01  7.134001e+00  4.285911e+00  1.138018e+02  1.588215e+02  2.815550e+03  8.961457e+00  1.968746e+02  2.4020597646512542e+03
      2770  6.9250000000003826e+00  1.0718079339277124e-01  7.0605736181753587e+00  1.553689e-01  7.033265e+00  3.861805e+00  1.100413e+02  1.351705e+02  2.646243e+03  8.926143e+00  1.984796e+02  2.4411517978512970e+03
      2780  6.9500000000003865e+00  1.0695916603953669e-01  7.1248152270231593e+00  1.524723e-01  6.949253e+00  3.496908e+00  1.074743e+02  1.141858e+02  2.547888e+03  8.920176e+00  2.030170e+02  2.4795525518916311e+03
      2790  6.9750000000003904e+00  1.0673554607538763e-01  7.1880931668137995e+00  1.516134e-01  6.876122e+00  3.248933e+00  1.056448e+02  9.872374e+01  2.489404e+03  8.923362e+00  2.079740e+02  2.5175618315350016e+03
      2800  7.0000000000003944e+00  1.0650996185398677e-01  7.2504953586718104e+00  1.525737e-01  6.805481e+00  3.173313e+00  1.039782e+02  9.225213e+01  2.441562e+03  8.906862e+00  2.105964e+02  2.5552816134020668e+03
      2810  7.0250000000003983e+00  1.0628244167517627e-01  7.3119404969541089e+00  1.548060e-01  6.731420e+00  3.293488e+00  1.020951e+02  9.647117e+01  2.388023e+03  8.846198e+00  2.091052e+02  2.5925886030564811e+03
      2820  7.0500000000004022e+00  1.0605301881923730e-01  7.3722007048503446e+00  1.575288e-01  6.653824e+00  3.568092e+00  1.000188e+02  1.095225e+02  2.328389e+03  8.734234e+00  2.034858e+02  2.6291554112663948e+03
      2830  7.0750000000004061e+00  1.0582173521847897e-01  7.4309637366900132e+00  1.599588e-01  6.577063e+00  3.884412e+00  9.808526e+01  1.258615e+02  2.273550e+03  8.583094e+00  1.952397e+02  2.6645188460352215e+03
      2840  7.1000000000004100e+00  1.0558864274464204e-01  7.4879200673634703e+00  1.616204e-01  6.505126e+00  4.111178e+00  9.656022e+01  1.387192e+02  2.232521e+03  8.413181e+00  1.861844e+02  2.6981819801055908e+03
      2850  7.1250000000004139e+00  1.0535380167107457e-01  7.5428532951224270e+00  1.626173e-01  6.438450e+00  4.183169e+00  9.530270e+01  1.440436e+02  2.198063e+03  8.241132e+00  1.773316e+02  2.7297269968421215e+03
      2860  7.1500000000004178e+00  1.0511727657025699e-01  7.5957114052022057e+00  1.637311e-01  6.375822e+00  4.134184e+00  9.384759e+01  1.423306e+02  2.148430e+03  8.077385e+00  1.687813e+02  2.7589126665815988e+03
      2870  7.1750000000004217e+00  1.0487913053012821e-01  7.6466419936098307e+00  1.662591e-01  6.317747e+00  4.040148e+00  9.182914e+01  1.363386e+02  2.066792e+03  7.928488e+00  1.603587e+02  2.7857348567977579e+03
      2880  7.2000000000004256e+00  1.0463941894749940e-01  7.6959844100749741e+00  1.716114e-01  6.265524e+00  3.942244e+00  8.925626e+01  1.277028e+02  1.955302e+03  7.793369e+00  1.519667e+02  2.8104384729054118e+03
      2890  7.2250000000004295e+00  1.0439818420334782e-01  7.7442226003250312e+00  1.808016e-01  6.217111e+00  3.843666e+00  8.637078e+01  1.167594e+02  1.828567e+03  7.656977e+00  1.433615e+02  2.8334808649308161e+03
      2900  7.2500000000004334e+00  1.0415545226260961e-01  7.7919112283890275e+00  1.940350e-01  6.166975e+00  3.770047e+00  8.338845e+01  1.050507e+02  1.699635e+03  7.496484e+00  1.340891e+02  2.8554568954617857e+03
      2910  7.2750000000004373e+00  1.0391123176217835e-01  7.8395927255856970e+00  2.105709e-01  6.112205e+00  3.795251e+00  8.051428e+01  9.626765e+01  1.578150e+03  7.302028e+00  1.240568e+02  2.8770030334549410e+03
      2920  7.3000000000004412e+00  1.0366551557927134e-01  7.8877237961781104e+00  2.289215e-01  6.057433e+00  3.987581e+00  7.813082e+01  9.408481e+01  1.479421e+03  7.091044e+00  1.140873e+02  2.8987015838249681e+03
      2930  7.3250000000004452e+00  1.0341828433390975e-01  7.9366268810494649e+00  2.472940e-01  6.011275e+00  4.345675e+00  7.676135e+01  9.975894e+01  1.427300e+03  6.897832e+00  1.056238e+02  2.9210060375106714e+03
      2940  7.3500000000004491e+00  1.0316951088782873e-01  7.9864756512714461e+00  2.640670e-01  5.978066e+00  4.801846e+00  7.674630e+01  1.121959e+02  1.444190e+03  6.749140e+00  9.980840e+01  2.9442036423642867e+03
      2950  7.3750000000004530e+00  1.0291916475255648e-01  8.0373146346940540e+00  2.780882e-01  5.954982e+00  5.272825e+00  7.796486e+01  1.294597e+02  1.536857e+03  6.652228e+00  9.687679e+01  2.9684212575999350e+03
      2960  7.4000000000004569e+00  1.0266721546699503e-01  8.0891034133200090e+00  2.886923e-01  5.936989e+00  5.686807e+00  7.981844e+01  1.488707e+02  1.683064e+03  6.602348e+00  9.627797e+01  2.9936671730016255e+03
      2970  7.4250000000004608e+00  1.0241363442727043e-01  8.1417685780142914e+00  2.955014e-01  5.921983e+00  5.974370e+00  8.140615e+01  1.654660e+02  1.822246e+03  6.592135e+00  9.707846e+01  3.0198895639726402e+03
      2980  7.4500000000004647e+00  1.0215839521957586e-01  8.1952451618689270e+00  2.981895e-01  5.910163e+00  6.071851e+00  8.184156e+01  1.723522e+02  1.873055e+03  6.610756e+00  9.821991e+01  3.0470274497515311e+03
      2990  7.4750000000004686e+00  1.0190147300677656e-01  8.2494950928581048e+00  2.963939e-01  5.900794e+00  5.956254e+00  8.070479e+01  1.653262e+02  1.791743e+03  6.641712e+00  9.882612e+01  3.0750356981146679e+03
      3000  7.5000000000004725e+00  1.0164284374379914e-01  8.3045012436594270e+00  2.898411e-01  5.891634e+00  5.667755e+00  7.834138e+01  1.474974e+02  1.618560e+03  6.669529e+00  9.875181e+01  3.1038796184072849e+03
      3010  7.5250000000004764e+00  1.0138248385641858e-01  8.3602467296837766e+00  2.786073e-01  5.880383e+00  5.281471e+00  7.559740e+01  1.270896e+02  1.442388e+03  6.688229e+00  9.871143e+01  3.1335099705966363e+03
      3020  7.5500000000004803e+00  1.0112037060380974e-01  8.4166946675286827e+00  2.633344e-01  5.864855e+00  4.856322e+00  7.314400e+01  1.100000e+02  1.317604e+03  6.699698e+00  9.940244e+01  3.1638379079492297e+03
      3030  7.5750000000004842e+00  1.0085648288496218e-01  8.4737810491895864e+00  2.452441e-01  5.842716e+00  4.418080e+00  7.112101e+01  9.644020e+01  1.236682e+03  6.705170e+00  1.005805e+02  3.1947274842136649e+03
      3040  7.6000000000004881e+00  1.0059080198152716e-01  8.5314246113110244e+00  2.259046e-01  5.813280e+00  3.985140e+00  6.942710e+01  8.476802e+01  1.175709e+03  6.701812e+00  1.013722e+02  3.2260129438500649e+03
      3050  7.6250000000004921e+00  1.0032331177351979e-01  8.5895477394066351e+00  2.068379e-01  5.779524e+00  3.590408e+00  6.811122e+01  7.544314e+01  1.133278e+03  6.686111e+00  1.012696e+02  3.2575353813688316e+03
      3060  7.6500000000004960e+00  1.0005399826285589e-01  8.6480968059519245e+00  1.891381e-01  5.746488e+00  3.266632e+00  6.730520e+01  6.989478e+01  1.118866e+03  6.655980e+00  1.003699e+02  3.2891849455041888e+03
      3070  7.6750000000004999e+00  9.9782848609685795e-02  8.7070513164021079e+00  1.732571e-01  5.717270e+00  3.018176e+00  6.691749e+01  6.758824e+01  1.126819e+03  6.609777e+00  9.884923e+01  3.3209336432129985e+03
      3080  7.7000000000005038e+00  9.9509850131465905e-02  8.7664174427202912e+00  1.590248e-01  5.691823e+00  2.817424e+00  6.662167e+01  6.598752e+01  1.136659e+03  6.548633e+00  9.672069e+01  3.3528488282673211e+03
      3090  7.7250000000005077e+00  9.9234989728608586e-02  8.8262091466572006e+00  1.458704e-01  5.669661e+00  2.624769e+00  6.616293e+01  6.282880e+01  1.133009e+03  6.482624e+00  9.416939e+01  3.3850850779378752e+03
      3100  7.7500000000005116e+00  9.8958254003157886e-02  8.8864254201376127e+00  1.331313e-01  5.651847e+00  2.402512e+00  6.555487e+01  5.724304e+01  1.116089e+03  6.431055e+00  9.182051e+01  3.4178589930724520e+03
      3110  7.7750000000005155e+00  9.8679630035167762e-02  8.9470334617796166e+00  1.203264e-01  5.639228e+00  2.114232e+00  6.495399e+01  4.880224e+01  1.094416e+03  6.411580e+00  9.048180e+01  3.4514157788767557e+03
      3120  7.8000000000005194e+00  9.8399106499640787e-02  9.0079652746581065e+00  1.073116e-01  5.630045e+00  1.731406e+00  6.445115e+01  3.673492e+01  1.075373e+03  6.427418e+00  9.062019e+01  3.4859979037344447e+03
      3130  7.8250000000005233e+00  9.8116674636768167e-02  9.0691306212976617e+00  9.429602e-02  5.621079e+00  1.258554e+00  6.405468e+01  2.090246e+01  1.064642e+03  6.465587e+00  9.206165e+01  3.5218246155347397e+03
      3140  7.8500000000005272e+00  9.7832328578388014e-02  9.1304438258161955e+00  8.175099e-02  5.611135e+00  7.529988e-01  6.379876e+01  3.206330e+00  1.068143e+03  6.506616e+00  9.406363e+01  3.5590865309635083e+03
      3150  7.8750000000005311e+00  9.7546064696882595e-02  9.1918566707611067e+00  7.026503e-02  5.602105e+00  3.085655e-01  6.374424e+01 -1.275442e+01  1.088513e+03  6.534823e+00  9.560373e+01  3.5979526379285953e+03
      3160  7.9000000000005350e+00  9.7257879953920046e-02  9.2533859724376946e+00  6.039334e-02  5.596095e+00  6.867155e-03  6.385302e+01 -2.379758e+01  1.119347e+03  6.541312e+00  9.574758e+01  3.6385802803049237e+03
      3170  7.9250000000005389e+00  9.6967769608676826e-02  9.3151240215579119e+00  5.253818e-02  5.592273e+00 -1.253617e-01  6.393956e+01 -2.890032e+01  1.145742e+03  6.522069e+00  9.402846e+01  3.6811155769497923e+03
      3180  7.9500000000005429e+00  9.6675724972268590e-02  9.3772240449374991e+00  4.688238e-02  5.587312e+00 -1.182613e-01  6.380592e+01 -2.894542e+01  1.153257e+03  6.477230e+00  9.068122e+01  3.7256748715887416e+03
      3190  7.9750000000005468e+00  9.6381732030838371e-02  9.4398605328095115e+00  4.338544e-02  5.579020e+00 -2.300788e-02  6.342081e+01 -2.516740e+01  1.137990e+03  6.412850e+00  8.653888e+01  3.7723067626574966e+03
      3200  8.0000000000005507e+00  9.6085771622706845e-02  9.5031730277299573e+00  4.183640e-02  5.569285e+00  1.264774e-01  6.295530e+01 -1.814149e+01  1.108782e+03  6.341577e+00  8.262931e+01  3.8209451140442225e+03
      3210  8.0250000000005457e+00  9.5787821469365042e-02  9.5672081823565662e+00  4.194103e-02  5.563522e+00  3.219557e-01  6.266673e+01 -8.114660e+00  1.080608e+03  6.279472e+00  7.977908e+01  3.8713706745389081e+03
      3220  8.0500000000005407e+00  9.5487859857071075e-02  9.6318757941230793e+00  4.341008e-02  5.567374e+00  5.598772e-01  6.277094e+01  4.092130e+00  1.067089e+03  6.240310e+00  7.849026e+01  3.9231983635999254e+03
      3230  8.0750000000005357e+00  9.5185870331012321e-02  9.6969295985835053e+00  4.601770e-02  5.583591e+00  8.194016e-01  6.340822e+01  1.682339e+01  1.079130e+03  6.231072e+00  7.905202e+01  3.9758984435892867e+03
      3240  8.1000000000005308e+00  9.4881846556018931e-02  9.7619749205177140e+00  4.961346e-02  5.611338e+00  1.064332e+00  6.468235e+01  2.835932e+01  1.127669e+03  6.251116e+00  8.164701e+01  4.0288464046646054e+03
      3250  8.1250000000005258e+00  9.4575796577211005e-02  9.8264966221250134e+00  5.409226e-02  5.647910e+00  1.266147e+00  6.668780e+01  3.795014e+01  1.223935e+03  6.294645e+00  8.629436e+01  4.0813846971827402e+03
      3260  8.1500000000005208e+00  9.4267746015739673e-02  9.8898959247973917e+00  5.934340e-02  5.691142e+00  1.423804e+00  6.947716e+01  4.603798e+01  1.375169e+03  6.354246e+00  9.268828e+01  4.1328752466942942e+03
      3270  8.1750000000005159e+00  9.3957740099848169e-02  9.9515255598100545e+00  6.520567e-02  5.740740e+00  1.560773e+00  7.299583e+01  5.346067e+01  1.579524e+03  6.423372e+00  1.001206e+02  4.1827273000524920e+03
      3280  8.2000000000005109e+00  9.3645844684952184e-02  1.0010718398537126e+01  7.144868e-02  5.797883e+00  1.702491e+00  7.705083e+01  6.047605e+01  1.824045e+03  6.497035e+00  1.076278e+02  4.2303980174236694e+03
      3290  8.2250000000005059e+00  9.3332146456046372e-02  1.0066811830543257e+01  7.778614e-02  5.863630e+00  1.854634e+00  8.135434e+01  6.650973e+01  2.086946e+03  6.571247e+00  1.143268e+02  4.2753769921249514e+03
      3300  8.2500000000005009e+00  9.3016752353026352e-02  1.0119174621324216e+01  8.391282e-02  5.937259e+00  1.999879e+00  8.561343e+01  7.071517e+01  2.342916e+03  6.642168e+00  1.197284e+02  4.3171736207173799e+03
      3310  8.2750000000004960e+00  9.2699788044153839e-02  1.0167242287649970e+01  8.955023e-02  6.015302e+00  2.113768e+00  8.958776e+01  7.273180e+01  2.568445e+03  6.705497e+00  1.237934e+02  4.3553241359004833e+03
      3320  8.3000000000004910e+00  9.2381395156907326e-02  1.0210561658407746e+01  9.448824e-02  6.091445e+00  2.184976e+00  9.305931e+01  7.300698e+01  2.744117e+03  6.756074e+00  1.266689e+02  4.3894244961334862e+03
      3330  8.3250000000004860e+00  9.2061727060662069e-02  1.0248838374735126e+01  9.861781e-02  6.157069e+00  2.223476e+00  9.574339e+01  7.249625e+01  2.853664e+03  6.787617e+00  1.282993e+02  4.4191818956202633e+03
      3340  8.3500000000004810e+00  9.1740943268737163e-02  1.0281976502769613e+01  1.019557e-01  6.202378e+00  2.251588e+00  9.724487e+01  7.202604e+01  2.883120e+03  6.793000e+00  1.282386e+02  4.4444682085304339e+03
      3350  8.3750000000004761e+00  9.1419202873652891e-02  1.0310099531133723e+01  1.046624e-01  6.218235e+00  2.287416e+00  9.714783e+01  7.183039e+01  2.823619e+03  6.765738e+00  1.258632e+02  4.4653573305315222e+03
      3360  8.4000000000004711e+00  9.1096657703329628e-02  1.0333546423433230e+01  1.070483e-01  6.198661e+00  2.335834e+00  9.522096e+01  7.164505e+01  2.677345e+03  6.702759e+00  1.208792e+02  4.4821345847889661e+03
      3370  8.4250000000004661e+00  9.0773445989853957e-02  1.0352842577224012e+01  1.095566e-01  6.143342e+00  2.393895e+00  9.160925e+01  7.128505e+01  2.461841e+03  6.607416e+00  1.137621e+02  4.4952758391687921e+03
      3380  8.4500000000004611e+00  9.0449687266027923e-02  1.0368650674077056e+01  1.127113e-01  6.058960e+00  2.462992e+00  8.686771e+01  7.114299e+01  2.208055e+03  6.490896e+00  1.057737e+02  4.5054017667372345e+03
      3390  8.4750000000004562e+00  9.0125479006433667e-02  1.0381709042448025e+01  1.170278e-01  5.958334e+00  2.553525e+00  8.179495e+01  7.202670e+01  1.952075e+03  6.370582e+00  9.848944e+01  4.5132161190408005e+03
      3400  8.5000000000004512e+00  8.9800895282932919e-02  1.0392765676293726e+01  1.228987e-01  5.857234e+00  2.676538e+00  7.716070e+01  7.439487e+01  1.724905e+03  6.265358e+00  9.312106e+01  4.5194366492789595e+03
      3410  8.5250000000004462e+00  8.9475987454198963e-02  1.0402515760451704e+01  1.304878e-01  5.769940e+00  2.831474e+00  7.348075e+01  7.775853e+01  1.545412e+03  6.189607e+00  9.006163e+01  4.5247260680159952e+03
      3420  8.5500000000004412e+00  8.9150786664596027e-02  1.0411550302972337e+01  1.396705e-01  5.705500e+00  3.003512e+00  7.093873e+01  8.091014e+01  1.418991e+03  6.148721e+00  8.890398e+01  4.5296303093934621e+03
      3430  8.5750000000004363e+00  8.8825307691665162e-02  1.0420322940986649e+01  1.500535e-01  5.666448e+00  3.173349e+00  6.945016e+01  8.274710e+01  1.340992e+03  6.138538e+00  8.884418e+01  4.5345324692280556e+03
      3440  8.6000000000004313e+00  8.8499553480939241e-02  1.0429140079149741e+01  1.610803e-01  5.650435e+00  3.329623e+00  6.879376e+01  8.288959e+01  1.301724e+03  6.148983e+00  8.914545e+01  4.5396311514291920e+03
      3450  8.6250000000004263e+00  8.8173519600049904e-02  1.0438175529688371e+01  1.721950e-01  5.653366e+00  3.473835e+00  6.872928e+01  8.172541e+01  1.290242e+03  6.169550e+00  8.936977e+01  4.5449494901218568e+03
      3460  8.6500000000004214e+00  8.7847197891298121e-02  1.0447505369687041e+01  1.830080e-01  5.671693e+00  3.617379e+00  6.905558e+01  8.019594e+01  1.296028e+03  6.192962e+00  8.932251e+01  4.5503752556751588e+03
      3470  8.6750000000004164e+00  8.7520578821063122e-02  1.0457153722861523e+01  1.934026e-01  5.702448e+00  3.776924e+00  6.961054e+01  7.963623e+01  1.309356e+03  6.215115e+00  8.888616e+01  4.5557248809841531e+03
      3480  8.7000000000004114e+00  8.7193652365989208e-02  1.0467137749904049e+01  2.035432e-01  5.741868e+00  3.971597e+00  7.025722e+01  8.157932e+01  1.322193e+03  6.232866e+00  8.796248e+01  4.5608179172825457e+03
      3490  8.7250000000004064e+00  8.6866407637036847e-02  1.0477501336908077e+01  2.137862e-01  5.784887e+00  4.220053e+00  7.090731e+01  8.737387e+01  1.330965e+03  6.243275e+00  8.659323e+01  4.5655458232068813e+03
      3500  8.7500000000004015e+00  8.6538831714601430e-02  1.0488331123259936e+01  2.245326e-01  5.826875e+00  4.535303e+00  7.158294e+01  9.771846e+01  1.339594e+03  6.246209e+00  8.513486e+01  4.5699208008494315e+03
      3510  8.7750000000003965e+00  8.6210908285773588e-02  1.0499753708911351e+01  2.360792e-01  5.866424e+00  4.918966e+00  7.245048e+01  1.123543e+02  1.358915e+03  6.248177e+00  8.428142e+01  4.5740955013400453e+03
      3520  8.8000000000003915e+00  8.5882616637009496e-02  1.0511917217723033e+01  2.485197e-01  5.906262e+00  5.358697e+00  7.375198e+01  1.301117e+02  1.400908e+03  6.262774e+00  8.482465e+01  4.5783509301851636e+03
      3530  8.8250000000003865e+00  8.5553931407519213e-02  1.0524962932163691e+01  2.617158e-01  5.950479e+00  5.830762e+00  7.564044e+01  1.493650e+02  1.471294e+03  6.304985e+00  8.724852e+01  4.5830562176364474e+03
      3540  8.8500000000003816e+00  8.5224823308427067e-02  1.0538993587337140e+01  2.753316e-01  5.999482e+00  6.306181e+00  7.802338e+01  1.686818e+02  1.565948e+03  6.381644e+00  9.141904e+01  4.5886091836663591e+03
      3550  8.8750000000003766e+00  8.4895260805471218e-02  1.0554044657046669e+01  2.889009e-01  6.046529e+00  6.756853e+00  8.053482e+01  1.872129e+02  1.673171e+03  6.484469e+00  9.659282e+01  4.5953701639906149e+03
      3560  8.9000000000003716e+00  8.4565212579845048e-02  1.0570063833283241e+01  3.018932e-01  6.079102e+00  7.159044e+00  8.266933e+01  2.045191e+02  1.779055e+03  6.591265e+00  1.017333e+02  4.6036025120687118e+03
      3570  8.9250000000003666e+00  8.4234650451403451e-02  1.0586901796708405e+01  3.137598e-01  6.085120e+00  7.494918e+00  8.400459e+01  2.200884e+02  1.872114e+03  6.675648e+00  1.059103e+02  4.6134307701507732e+03
      3580  8.9500000000003617e+00  8.3903552400000789e-02  1.0604314414200674e+01  3.239568e-01  6.060438e+00  7.754724e+00  8.439522e+01  2.331511e+02  1.945814e+03  6.719811e+00  1.085650e+02  4.6248219372435524e+03
      3590  8.9750000000003567e+00  8.3571905368314978e-02  1.0621973530009193e+01  3.319573e-01  6.012941e+00  7.940084e+00  8.404696e+01  2.430419e+02  1.999481e+03  6.722760e+00  1.095857e+02  4.6375884333008626e+03
      3600  9.0000000000003517e+00  8.3239707650558881e-02  1.0639481929447131e+01  3.372710e-01  5.960406e+00  8.064218e+00  8.343326e+01  2.496682e+02  2.037507e+03  6.699348e+00  1.092425e+02  4.6514062307192080e+03
      3610  9.0250000000003467e+00  8.2906970803820132e-02  1.0656388843127200e+01  3.394807e-01  5.922882e+00  8.144133e+00  8.308000e+01  2.534935e+02  2.066495e+03  6.670949e+00  1.080214e+02  4.6658405269710856e+03
      3620  9.0500000000003418e+00  8.2573721089485796e-02  1.0672205185984874e+01  3.382966e-01  5.913423e+00  8.185831e+00  8.331470e+01  2.550024e+02  2.091399e+03  6.653313e+00  1.064014e+02  4.6803742998101698e+03
      3630  9.0750000000003368e+00  8.2240000423109486e-02  1.0686420848984696e+01  3.336146e-01  5.931998e+00  8.171790e+00  8.410999e+01  2.541340e+02  2.112703e+03  6.648372e+00  1.046674e+02  4.6944396376707618e+03
      3640  9.1000000000003318e+00  8.1905866708422814e-02  1.0698527664011715e+01  3.255634e-01  5.965644e+00  8.061667e+00  8.509930e+01  2.500983e+02  2.125694e+03  6.644181e+00  1.028496e+02  4.7074544555748062e+03
      3650  9.1250000000003268e+00  8.1571393334139569e-02  1.0708050062896827e+01  3.145235e-01  5.994595e+00  7.809252e+00  8.573679e+01  2.416127e+02  2.121188e+03  6.622395e+00  1.007807e+02  4.7188660399883238e+03
      3660  9.1500000000003219e+00  8.1236667605363189e-02  1.0714581665854716e+01  3.011101e-01  6.001042e+00  7.387399e+00  8.550675e+01  2.274314e+02  2.087166e+03  6.568668e+00  9.820371e+01  4.7281984857775378e+03
      3670  9.1750000000003169e+00  8.0901788002429142e-02  1.0717822126290663e+01  2.861230e-01  5.976099e+00  6.807328e+00  8.410191e+01  2.070715e+02  2.012453e+03  6.480204e+00  9.489293e+01  4.7350963599121997e+03
      3680  9.2000000000003119e+00  8.0566860377036933e-02  1.0717606637124673e+01  2.704696e-01  5.921984e+00  6.122728e+00  8.153289e+01  1.815693e+02  1.893283e+03  6.366920e+00  9.079027e+01  4.7393549645773010e+03
      3690  9.2250000000003070e+00  8.0231993426693113e-02  1.0713921500508510e+01  2.550757e-01  5.849177e+00  5.417570e+00  7.814321e+01  1.538373e+02  1.739643e+03  6.246376e+00  8.611411e+01  4.7409297928544147e+03
      3700  9.2500000000003020e+00  7.9897293947795378e-02  1.0706902457750113e+01  2.407943e-01  5.770702e+00  4.782740e+00  7.450147e+01  1.280919e+02  1.575145e+03  6.135695e+00  8.134444e+01  4.7399231901250259e+03
      3710  9.2750000000002970e+00  7.9562862406901178e-02  1.0696816468217710e+01  2.283229e-01  5.696562e+00  4.288769e+00  7.118111e+01  1.082541e+02  1.427414e+03  6.044615e+00  7.703637e+01  4.7365522838746656e+03
      3720  9.3000000000002920e+00  7.9228789293667612e-02  1.0684030735953064e+01  2.181369e-01  5.630664e+00  3.963040e+00  6.851616e+01  9.607747e+01  1.314167e+03  5.972665e+00  7.355168e+01  4.7311063613546139e+03
      3730  9.3250000000002871e+00  7.8895152571315755e-02  1.0668974219031218e+01  2.104475e-01  5.571001e+00  3.781016e+00  6.646819e+01  9.025309e+01  1.234808e+03  5.911148e+00  7.088452e+01  4.7239028094108053e+03
      3740  9.3500000000002821e+00  7.8562016374536595e-02  1.0652096770348683e+01  2.051888e-01  5.512300e+00  3.678529e+00  6.469142e+01  8.721778e+01  1.173301e+03  5.848382e+00  6.870058e+01  4.7152488820076869e+03
      3750  9.3750000000002771e+00  7.8229430958148022e-02  1.0633830162732753e+01  2.020419e-01  5.449415e+00  3.582619e+00  6.276306e+01  8.319063e+01  1.109738e+03  5.775279e+00  6.656050e+01  4.7054133715853004e+03
      3760  9.4000000000002721e+00  7.7897433785497017e-02  1.0614554264589584e+01  2.004932e-01  5.379756e+00  3.445865e+00  6.043842e+01  7.614182e+01  1.032696e+03  5.688624e+00  6.417990e+01  4.6946092430891340e+03
      3770  9.4250000000002672e+00  7.7566051558419502e-02  1.0594570905131141e+01  1.999206e-01  5.303929e+00  3.264341e+00  5.777408e+01  6.655185e+01  9.448994e+02  5.590967e+00  6.156342e+01  4.6829863140351918e+03
      3780  9.4500000000002622e+00  7.7235302921087545e-02  1.0574087445806816e+01  1.996923e-01  5.224917e+00  3.068939e+00  5.505351e+01  5.665449e+01  8.592729e+02  5.488079e+00  5.893738e+01  4.6706322173824465e+03
      3790  9.4750000000002572e+00  7.6905201514858815e-02  1.0553211507559602e+01  1.992589e-01  5.146792e+00  2.898062e+00  5.258821e+01  4.878833e+01  7.888226e+02  5.385978e+00  5.654340e+01  4.6575797854364428e+03
      3800  9.5000000000002522e+00  7.6575759025534679e-02  1.0531957492148354e+01  1.982194e-01  5.073761e+00  2.771745e+00  5.054723e+01  4.400201e+01  7.380801e+02  5.289098e+00  5.445270e+01  4.6438192046357681e+03
      3810  9.5250000000002473e+00  7.6246987857975665e-02  1.0510264442689557e+01  1.963509e-01  5.009672e+00  2.683681e+00  4.892416e+01  4.177165e+01  7.022554e+02  5.199875e+00  5.253453e+01  4.6293135330096547e+03
      3820  9.5500000000002423e+00  7.5918903104593788e-02  1.0488023510578198e+01  1.936016e-01  4.957666e+00  2.612401e+00  4.762793e+01  4.075147e+01  6.734082e+02  5.119131e+00  5.058172e+01  4.6140163079965005e+03
      3830  9.5750000000002373e+00  7.5591523547796885e-02  1.0465112002962115e+01  1.900565e-01  4.919770e+00  2.539390e+00  4.659845e+01  3.976366e+01  6.473071e+02  5.046693e+00  4.848239e+01  4.5978899370325053e+03
      3840  9.6000000000002323e+00  7.5264871548862244e-02  1.0441429912295629e+01  1.858913e-01  4.896511e+00  2.460065e+00  4.585869e+01  3.836230e+01  6.255932e+02  4.982082e+00  4.631794e+01  4.5809233828762663e+03
      3850  9.6250000000002274e+00  7.4938971814797611e-02  1.0416934285376172e+01  1.813276e-01  4.886770e+00  2.382207e+00  4.548374e+01  3.686205e+01  6.131525e+02  4.925208e+00  4.433608e+01  4.5631475171099264e+03
      3860  9.6500000000002224e+00  7.4613849178563299e-02  1.0391667067738382e+01  1.766011e-01  4.887916e+00  2.316865e+00  4.552463e+01  3.600450e+01  6.140174e+02  4.876682e+00  4.282284e+01  4.5446467160286138e+03
      3870  9.6750000000002174e+00  7.4289525648668628e-02  1.0365773237002253e+01  1.719439e-01  4.896082e+00  2.270591e+00  4.594316e+01  3.643642e+01  6.285570e+02  4.837271e+00  4.194460e+01  4.5255659834692060e+03
      3880  9.7000000000002125e+00  7.3966017057560493e-02  1.0339507803188223e+01  1.675810e-01  4.906504e+00  2.243805e+00  4.659975e+01  3.823896e+01  6.528360e+02  4.806523e+00  4.164937e+01  4.5061138987438935e+03
      3890  9.7250000000002075e+00  7.3643329655734710e-02  1.0313231966201005e+01  1.637335e-01  4.914066e+00  2.233274e+00  4.730137e+01  4.080638e+01  6.800448e+02  4.781443e+00  4.168902e+01  4.4865624364509385e+03
      3900  9.7500000000002025e+00  7.3321456972086752e-02  1.0287399755904655e+01  1.606248e-01  4.914260e+00  2.234020e+00  4.787812e+01  4.316544e+01  7.034135e+02  4.756492e+00  4.174968e+01  4.4672446228636518e+03
      3910  9.7750000000001975e+00  7.3000377216064005e-02  1.0262536635602366e+01  1.584841e-01  4.904535e+00  2.239209e+00  4.823955e+01  4.448950e+01  7.191827e+02  4.725602e+00  4.160434e+01  4.4485499897622431e+03
      3920  9.8000000000001926e+00  7.2680051456277248e-02  1.0239211201070612e+01  1.575420e-01  4.885583e+00  2.241351e+00  4.838266e+01  4.446092e+01  7.276745e+02  4.685605e+00  4.119575e+01  4.4309164312526173e+03
      3930  9.8250000000001876e+00  7.2360422778157615e-02  1.0218000958031951e+01  1.580177e-01  4.861862e+00  2.238166e+00  4.836448e+01  4.333602e+01  7.316583e+02  4.639298e+00  4.062411e+01  4.4148162964744797e+03
      3940  9.8500000000001826e+00  7.2041416584651144e-02  1.0199453738771716e+01  1.600951e-01  4.840797e+00  2.240809e+00  4.827435e+01  4.181107e+01  7.336115e+02  4.596169e+00  4.008316e+01  4.4007350619653025e+03
      3950  9.8750000000001776e+00  7.1722942135648254e-02  1.0184047579511873e+01  1.638894e-01  4.830645e+00  2.276741e+00  4.822466e+01  4.085097e+01  7.345508e+02  4.569795e+00  3.979879e+01  4.3891427210323700e+03
      3960  9.9000000000001727e+00  7.1404895311696498e-02  1.0172153206219166e+01  1.694094e-01  4.837679e+00  2.380992e+00  4.834404e+01  4.152087e+01  7.352342e+02  4.572653e+00  3.998472e+01  4.3804603903850211e+03
      3970  9.9250000000001677e+00  7.1087162446690486e-02  1.0164003862768507e+01  1.765220e-01  4.863741e+00  2.578143e+00  4.874420e+01  4.472269e+01  7.377414e+02  4.610531e+00  4.079372e+01  4.3750265665298548e+03
      3980  9.9500000000001627e+00  7.0769624934645836e-02  1.0159676568228745e+01  1.849290e-01  4.905200e+00  2.865606e+00  4.945865e+01  5.078601e+01  7.450477e+02  4.679202e+00  4.225128e+01  4.3730682214320414e+03
      3990  9.9750000000001577e+00  7.0452164215174237e-02  1.0159087107679202e+01  1.941677e-01  4.953857e+00  3.209273e+00  5.039367e+01  5.910663e+01  7.586140e+02  4.765135e+00  4.420226e+01  4.3746813276613084e+03
      4000  1.0000000000000153e+01  7.0134666706763868e-02  1.0161998746048369e+01  2.036416e-01  4.999591e+00  3.554656e+00  5.134538e+01  6.818558e+01  7.764556e+02  4.850155e+00  4.633168e+01  4.3798237753326357e+03
