         0  0.0000000000000000e+00  1.2500000000000000e-01  3.7500000000000000e-01 -0.000000e+00  3.375000e+00 -0.000000e+00  1.562500e+01 -0.000000e+00  8.374023e+01  3.375000e+00  1.562500e+01  1.1250000000000000e+00
        10  2.4999999999999998e-02  1.2499375003257537e-01  3.7500566256708001e-01  1.325812e-02  3.375301e+00  1.325908e-01  1.563092e+01  1.087845e+00  8.381024e+01  3.373816e+00  1.561447e+01  1.1252123105844198e+00
        20  5.0000000000000010e-02  1.2498749959641636e-01  3.7506015113603874e-01  2.651704e-02  3.376204e+00  2.652476e-01  1.564870e+01  2.177351e+00  8.402039e+01  3.370276e+00  1.558301e+01  1.1259620422823897e+00
        30  7.5000000000000025e-02  1.2498124787740433e-01  3.7516348773047953e-01  3.977839e-02  3.377709e+00  3.980448e-01  1.567835e+01  3.270250e+00  8.437116e+01  3.364416e+00  1.553102e+01  1.1272502902571002e+00
        40  1.0000000000000005e-01  1.2497499406069368e-01  3.7531572199298008e-01  5.304380e-02  3.379818e+00  5.310567e-01  1.571989e+01  4.368276e+00  8.486335e+01  3.356296e+00  1.545918e+01  1.1290790114716767e+00
        50  1.2500000000000006e-01  1.2496873733025528e-01  3.7551693108700157e-01  6.631481e-02  3.382531e+00  6.643573e-01  1.577336e+01  5.473168e+00  8.549809e+01  3.345997e+00  1.536839e+01  1.1314510276524463e+00
        60  1.5000000000000008e-01  1.2496247686842359e-01  3.7576721957519821e-01  7.959287e-02  3.385850e+00  7.980199e-01  1.583881e+01  6.586665e+00  8.627686e+01  3.333623e+00  1.525981e+01  1.1343700298549511e+00
        70  1.7500000000000010e-01  1.2495621185544711e-01  3.7606671927474067e-01  9.287937e-02  3.389776e+00  9.321173e-01  1.591630e+01  7.710511e+00  8.720143e+01  3.319297e+00  1.513480e+01  1.1378405846656030e+00
        80  2.0000000000000012e-01  1.2494994146904254e-01  3.7641558909045258e-01  1.061755e-01  3.394312e+00  1.066721e+00  1.600589e+01  8.846456e+00  8.827391e+01  3.303162e+00  1.499494e+01  1.1418681420827743e+00
        90  2.2500000000000014e-01  1.2494366488395249e-01  3.7681401482670773e-01  1.194825e-01  3.399459e+00  1.201903e+00  1.610767e+01  9.996252e+00  8.949673e+01  3.285378e+00  1.484196e+01  1.1464590451318692e+00
       100  2.5000000000000017e-01  1.2493738127150719e-01  3.7726220897919233e-01  1.328011e-01  3.405220e+00  1.337732e+00  1.622173e+01  1.116166e+01  9.087265e+01  3.266119e+00  1.467776e+01  1.1516205412799847e+00
       110  2.7500000000000019e-01  1.2493108979919132e-01  3.7776041050778841e-01  1.461323e-01  3.411596e+00  1.474278e+00  1.634815e+01  1.234444e+01  9.240471e+01  3.245574e+00  1.450437e+01  1.1573607957266074e+00
       120  3.0000000000000021e-01  1.2492478963021450e-01  3.7830888459196316e-01  1.594764e-01  3.418592e+00  1.611606e+00  1.648703e+01  1.354635e+01  9.409626e+01  3.223942e+00  1.432390e+01  1.1636889066580280e+00
       130  3.2500000000000023e-01  1.2491847992308608e-01  3.7890792237015625e-01  1.728340e-01  3.426207e+00  1.749782e+00  1.663850e+01  1.476917e+01  9.595097e+01  3.201431e+00  1.413855e+01  1.1706149225643339e+00
       140  3.5000000000000026e-01  1.2491215983119573e-01  3.7955784066478959e-01  1.862051e-01  3.434446e+00  1.888869e+00  1.680265e+01  1.601467e+01  9.797275e+01  3.178258e+00  1.395058e+01  1.1781498617292283e+00
       150  3.7500000000000028e-01  1.2490582850239779e-01  3.8025898169458211e-01  1.995895e-01  3.443308e+00  2.028929e+00  1.697960e+01  1.728460e+01  1.001658e+02  3.154642e+00  1.376225e+01  1.1863057340145915e+00
       160  4.0000000000000030e-01  1.2489948507860038e-01  3.8101171277595164e-01  2.129870e-01  3.452797e+00  2.170020e+00  1.716948e+01  1.858074e+01  1.025346e+02  3.130806e+00  1.357585e+01  1.1950955650736037e+00
       170  4.2500000000000032e-01  1.2489312869536021e-01  3.8181642601534072e-01  2.263968e-01  3.462912e+00  2.312198e+00  1.737240e+01  1.990483e+01  1.050839e+02  3.106975e+00  1.339363e+01  1.2045334231382983e+00
       180  4.5000000000000034e-01  1.2488675848148122e-01  3.8267353799433307e-01  2.398179e-01  3.473655e+00  2.455514e+00  1.758848e+01  2.125861e+01  1.078185e+02  3.083369e+00  1.321781e+01  1.2146344485401639e+00
       190  4.7500000000000037e-01  1.2488037355861868e-01  3.8358348944948140e-01  2.532491e-01  3.485025e+00  2.600019e+00  1.781784e+01  2.264382e+01  1.107437e+02  3.060208e+00  1.305057e+01  1.2254148861352259e+00
       200  5.0000000000000033e-01  1.2487397304088768e-01  3.8454674494873320e-01  2.666887e-01  3.497022e+00  2.745757e+00  1.806059e+01  2.406214e+01  1.138646e+02  3.037706e+00  1.289401e+01  1.2368921208185633e+00
       210  5.2499999999999980e-01  1.2486755603447754e-01  3.8556379256640255e-01  2.801350e-01  3.509644e+00  2.892769e+00  1.831683e+01  2.551526e+01  1.171868e+02  3.016069e+00  1.275015e+01  1.2490847163272953e+00
       220  5.4999999999999927e-01  1.2486112163726806e-01  3.8663514355853218e-01  2.935854e-01  3.522888e+00  3.041091e+00  1.858666e+01  2.700481e+01  1.207159e+02  2.995496e+00  1.262093e+01  1.2620124575457294e+00
       230  5.7499999999999873e-01  1.2485466893845514e-01  3.8776133204052204e-01  3.070376e-01  3.536752e+00  3.190754e+00  1.887018e+01  2.853236e+01  1.244574e+02  2.976177e+00  1.250819e+01  1.2756963965418513e+00
       240  5.9999999999999820e-01  1.2484819701817640e-01  3.8894291466880276e-01  3.204884e-01  3.551230e+00  3.341785e+00  1.916744e+01  3.009947e+01  1.284171e+02  2.958290e+00  1.241366e+01  1.2901589025806468e+00
       250  6.2499999999999767e-01  1.2484170494714418e-01  3.9018047032829128e-01  3.339344e-01  3.566318e+00  3.494203e+00  1.947852e+01  3.170760e+01  1.326006e+02  2.942002e+00  1.233898e+01  1.3054237163771001e+00
       260  6.4999999999999714e-01  1.2483519178628100e-01  3.9147459982725430e-01  3.473721e-01  3.582007e+00  3.648020e+00  1.980345e+01  3.335815e+01  1.370136e+02  2.927467e+00  1.228567e+01  1.3215160088699467e+00
       270  6.7499999999999660e-01  1.2482865658636198e-01  3.9282592560115792e-01  3.607971e-01  3.598289e+00  3.803243e+00  2.014224e+01  3.505242e+01  1.416615e+02  2.914828e+00  1.225516e+01  1.3384624448171047e+00
       280  6.9999999999999607e-01  1.2482209838765825e-01  3.9423509142690799e-01  3.742051e-01  3.615155e+00  3.959870e+00  2.049490e+01  3.679162e+01  1.465498e+02  2.904211e+00  1.224876e+01  1.3562912515344820e+00
       290  7.2499999999999554e-01  1.2481551621958678e-01  3.9570276214883626e-01  3.875911e-01  3.632593e+00  4.117892e+00  2.086138e+01  3.857684e+01  1.516834e+02  2.895730e+00  1.226768e+01  1.3750322931225079e+00
       300  7.4999999999999500e-01  1.2480890910036231e-01  3.9722962341761875e-01  4.009499e-01  3.650589e+00  4.277291e+00  2.124163e+01  4.040904e+01  1.570671e+02  2.889484e+00  1.231301e+01  1.3947171505488238e+00
       310  7.7499999999999447e-01  1.2480227603665547e-01  3.9881638144318665e-01  4.142757e-01  3.669129e+00  4.438040e+00  2.163554e+01  4.228904e+01  1.627054e+02  2.885556e+00  1.238576e+01  1.4153792079817151e+00
       320  7.9999999999999394e-01  1.2479561602325062e-01  4.0046376276255780e-01  4.275625e-01  3.688196e+00  4.600102e+00  2.204298e+01  4.421748e+01  1.686021e+02  2.884018e+00  1.248682e+01  1.4370537457968220e+00
       330  8.2499999999999341e-01  1.2478892804271019e-01  4.0217251402334964e-01  4.408038e-01  3.707772e+00  4.763431e+00  2.246378e+01  4.619484e+01  1.747604e+02  2.884923e+00  1.261698e+01  1.4597780407101086e+00
       340  8.4999999999999287e-01  1.2478221106504216e-01  4.0394340178362687e-01  4.539929e-01  3.727835e+00  4.927968e+00  2.289772e+01  4.822138e+01  1.811831e+02  2.888312e+00  1.277694e+01  1.4835914735226563e+00
       350  8.7499999999999234e-01  1.2477546404736703e-01  4.0577721232850994e-01  4.671224e-01  3.748363e+00  5.093645e+00  2.334452e+01  5.029716e+01  1.878721e+02  2.894211e+00  1.296727e+01  1.5085356449982761e+00
       360  8.9999999999999181e-01  1.2476868593359113e-01  4.0767475150388993e-01  4.801848e-01  3.769331e+00  5.260382e+00  2.380387e+01  5.242199e+01  1.948282e+02  2.902632e+00  1.318846e+01  1.5346545004330794e+00
       370  9.2499999999999127e-01  1.2476187565408040e-01  4.0963684456741339e-01  4.931721e-01  3.790713e+00  5.428087e+00  2.427540e+01  5.459542e+01  2.020514e+02  2.913572e+00  1.344088e+01  1.5619944635173206e+00
       380  9.4999999999999074e-01  1.2475503212533731e-01  4.1166433605671127e-01  5.060761e-01  3.812480e+00  5.596655e+00  2.475867e+01  5.681673e+01  2.095408e+02  2.927017e+00  1.372479e+01  1.5906045801342013e+00
       390  9.7499999999999021e-01  1.2474815424967883e-01  4.1375808967477634e-01  5.188880e-01  3.834600e+00  5.765969e+00  2.525320e+01  5.908488e+01  2.172939e+02  2.942936e+00  1.404031e+01  1.6205366727879185e+00
       400  9.9999999999998967e-01  1.2474124091491615e-01  4.1591898819215850e-01  5.315990e-01  3.857041e+00  5.935898e+00  2.575843e+01  6.139856e+01  2.253071e+02  2.961287e+00  1.438745e+01  1.6518455064043784e+00
       410  1.0249999999999893e+00  1.2473429099403750e-01  4.1814793336558503e-01  5.441997e-01  3.879766e+00  6.106298e+00  2.627374e+01  6.375606e+01  2.335752e+02  2.982017e+00  1.476610e+01  1.6845889663020535e+00
       420  1.0499999999999887e+00  1.2472730334488943e-01  4.2044584587242678e-01  5.566805e-01  3.902740e+00  6.277012e+00  2.679844e+01  6.615538e+01  2.420916e+02  3.005058e+00  1.517596e+01  1.7188282491877296e+00
       430  1.0749999999999882e+00  1.2472027680986122e-01  4.2281366526032349e-01  5.690315e-01  3.925921e+00  6.447870e+00  2.733177e+01  6.859409e+01  2.508478e+02  3.030331e+00  1.561662e+01  1.7546280680911959e+00
       440  1.0999999999999877e+00  1.2471321021556983e-01  4.2525234991117489e-01  5.812427e-01  3.949269e+00  6.618686e+00  2.787290e+01  7.106943e+01  2.598338e+02  3.057748e+00  1.608747e+01  1.7920568722135135e+00
       450  1.1249999999999871e+00  1.2470610237254398e-01  4.2776287701855992e-01  5.933036e-01  3.972739e+00  6.789263e+00  2.842092e+01  7.357821e+01  2.690375e+02  3.087207e+00  1.658775e+01  1.8311870827231753e+00
       460  1.1499999999999866e+00  1.2469895207491012e-01  4.3034624257755993e-01  6.052035e-01  3.996288e+00  6.959390e+00  2.897486e+01  7.611685e+01  2.784449e+02  3.118599e+00  1.711649e+01  1.8720953455910720e+00
       470  1.1749999999999861e+00  1.2469175810007814e-01  4.3300346138585671e-01  6.169318e-01  4.019867e+00  7.128843e+00  2.953366e+01  7.868133e+01  2.880401e+02  3.151802e+00  1.767255e+01  1.9148628026041774e+00
       480  1.1999999999999855e+00  1.2468451920842566e-01  4.3573556705485583e-01  6.284774e-01  4.043427e+00  7.297384e+00  3.009619e+01  8.126727e+01  2.978048e+02  3.186688e+00  1.825456e+01  1.9595753817347625e+00
       490  1.2249999999999850e+00  1.2467723414298479e-01  4.3854361202948811e-01  6.398291e-01  4.066919e+00  7.464766e+00  3.066128e+01  8.386981e+01  3.077189e+02  3.223120e+00  1.886096e+01  2.0063241080590366e+00
       500  1.2499999999999845e+00  1.2466990162912642e-01  4.4142866761520860e-01  6.509758e-01  4.090291e+00  7.630727e+00  3.122764e+01  8.648373e+01  3.177600e+02  3.260953e+00  1.948997e+01  2.0552054364086922e+00
       510  1.2749999999999839e+00  1.2466252037424490e-01  4.4439182401059674e-01  6.619059e-01  4.113491e+00  7.794999e+00  3.179395e+01  8.910338e+01  3.279037e+02  3.300037e+00  2.013959e+01  2.1063216068889559e+00
       520  1.2999999999999834e+00  1.2465508906744145e-01  4.4743419034377846e-01  6.726082e-01  4.136464e+00  7.957299e+00  3.235882e+01  9.172275e+01  3.381233e+02  3.340214e+00  2.080762e+01  2.1597810242964690e+00
       530  1.3249999999999829e+00  1.2464760637920839e-01  4.5055689471069682e-01  6.830711e-01  4.159156e+00  8.117340e+00  3.292081e+01  9.433543e+01  3.483902e+02  3.381326e+00  2.149168e+01  2.2156986623041921e+00
       540  1.3499999999999823e+00  1.2464007096111139e-01  4.5376108421304290e-01  6.932832e-01  4.181513e+00  8.274826e+00  3.347841e+01  9.693470e+01  3.586738e+02  3.423207e+00  2.218917e+01  2.2741964930349940e+00
       550  1.3749999999999818e+00  1.2463248144547190e-01  4.5704792499333241e-01  7.032329e-01  4.203480e+00  8.429455e+00  3.403010e+01  9.951352e+01  3.689419e+02  3.465693e+00  2.289737e+01  2.3354039423044837e+00
       560  1.3999999999999813e+00  1.2462483644504845e-01  4.6041860226431497e-01  7.129090e-01  4.225001e+00  8.580919e+00  3.457429e+01  1.020646e+02  3.791602e+02  3.508619e+00  2.361337e+01  2.3994583703636696e+00
       570  1.4249999999999807e+00  1.2461713455271793e-01  4.6387432032946385e-01  7.223001e-01  4.246022e+00  8.728911e+00  3.510937e+01  1.045803e+02  3.892934e+02  3.551820e+00  2.433419e+01  2.4665055774010605e+00
       580  1.4499999999999802e+00  1.2460937434115664e-01  4.6741630259086320e-01  7.313950e-01  4.266490e+00  8.873119e+00  3.563374e+01  1.070530e+02  3.993047e+02  3.595135e+00  2.505675e+01  2.5367003323643078e+00
       590  1.4749999999999797e+00  1.2460155436252145e-01  4.7104579154027015e-01  7.401827e-01  4.286351e+00  9.013232e+00  3.614576e+01  1.094747e+02  4.091562e+02  3.638407e+00  2.577791e+01  2.6102069228304461e+00
       600  1.4999999999999791e+00  1.2459367314812997e-01  4.7476404872861749e-01  7.486523e-01  4.305554e+00  9.148944e+00  3.664380e+01  1.118376e+02  4.188095e+02  3.681482e+00  2.649454e+01  2.6871997226965032e+00
       610  1.5249999999999786e+00  1.2458572920814336e-01  4.7857235470862164e-01  7.567933e-01  4.324049e+00  9.279951e+00  3.712626e+01  1.141336e+02  4.282257e+02  3.724217e+00  2.720351e+01  2.7678637733905771e+00
       620  1.5499999999999781e+00  1.2457772103124851e-01  4.8247200894461650e-01  7.645952e-01  4.341788e+00  9.405955e+00  3.759155e+01  1.163548e+02  4.373658e+02  3.766474e+00  2.790177e+01  2.8523953731393648e+00
       630  1.5749999999999775e+00  1.2456964708434273e-01  4.8646432968323644e-01  7.720479e-01  4.358725e+00  9.526669e+00  3.803813e+01  1.184935e+02  4.461911e+02  3.808126e+00  2.858635e+01  2.9410026676025245e+00
       640  1.5999999999999770e+00  1.2456150581222208e-01  4.9055065377810869e-01  7.791417e-01  4.374818e+00  9.641811e+00  3.846451e+01  1.205420e+02  4.546636e+02  3.849053e+00  2.925441e+01  3.0339062339370435e+00
       650  1.6249999999999765e+00  1.2455329563726940e-01  4.9473233646145487e-01  7.858671e-01  4.390026e+00  9.751118e+00  3.886925e+01  1.224929e+02  4.627461e+02  3.889149e+00  2.990325e+01  3.1313396491333285e+00
       660  1.6499999999999759e+00  1.2454501495915084e-01  4.9901075105534642e-01  7.922150e-01  4.404313e+00  9.854334e+00  3.925100e+01  1.243392e+02  4.704032e+02  3.928315e+00  3.053036e+01  3.2335500323238762e+00
       670  1.6749999999999754e+00  1.2453666215451538e-01  5.0338728861551374e-01  7.981768e-01  4.417646e+00  9.951225e+00  3.960851e+01  1.260742e+02  4.776010e+02  3.966466e+00  3.113341e+01  3.3407985497617614e+00
       680  1.6999999999999749e+00  1.2452823557669988e-01  5.0786335750093869e-01  8.037440e-01  4.429995e+00  1.004157e+01  3.994060e+01  1.276918e+02  4.843079e+02  4.003527e+00  3.171029e+01  3.4533608703598713e+00
       690  1.7249999999999743e+00  1.2451973355544466e-01  5.1244038286319438e-01  8.089088e-01  4.441338e+00  1.012517e+01  4.024623e+01  1.291863e+02  4.904949e+02  4.039434e+00  3.225909e+01  3.5715275591286049e+00
       700  1.7499999999999738e+00  1.2451115439661573e-01  5.1711980605054853e-01  8.136638e-01  4.451652e+00  1.020185e+01  4.052447e+01  1.305525e+02  4.961359e+02  4.074132e+00  3.277815e+01  3.6956043956012810e+00
       710  1.7749999999999733e+00  1.2450249638193889e-01  5.2190308392317830e-01  8.180019e-01  4.460924e+00  1.027144e+01  4.077453e+01  1.317861e+02  5.012079e+02  4.107578e+00  3.326602e+01  3.8259126044364931e+00
       720  1.7999999999999727e+00  1.2449375776874444e-01  5.2679168807775278e-01  8.219167e-01  4.469142e+00  1.033382e+01  4.099574e+01  1.328833e+02  5.056916e+02  4.139739e+00  3.372147e+01  3.9627889858664274e+00
       730  1.8249999999999722e+00  1.2448493678972770e-01  5.3178710398161733e-01  8.254020e-01  4.476302e+00  1.038888e+01  4.118761e+01  1.338411e+02  5.095712e+02  4.170591e+00  3.414351e+01  4.1065859345396536e+00
       740  1.8499999999999717e+00  1.2447603165272403e-01  5.3689083001947779e-01  8.284523e-01  4.482404e+00  1.043652e+01  4.134978e+01  1.346572e+02  5.128353e+02  4.200118e+00  3.453135e+01  4.2576713365911907e+00
       750  1.8749999999999711e+00  1.2446704054049666e-01  5.4210437645810949e-01  8.310623e-01  4.487454e+00  1.047669e+01  4.148206e+01  1.353301e+02  5.154761e+02  4.228317e+00  3.488446e+01  4.4164283364520758e+00
       760  1.8999999999999706e+00  1.2445796161055030e-01  5.4742926433777106e-01  8.332276e-01  4.491464e+00  1.050935e+01  4.158443e+01  1.358592e+02  5.174903e+02  4.255191e+00  3.520252e+01  4.5832549669616940e+00
       770  1.9249999999999701e+00  1.2444879299495450e-01  5.5286702430220902e-01  8.349437e-01  4.494451e+00  1.053449e+01  4.165701e+01  1.362446e+02  5.188788e+02  4.280754e+00  3.548545e+01  4.7585636387330235e+00
       780  1.9499999999999695e+00  1.2443953280019268e-01  5.5841919538246720e-01  8.362070e-01  4.496439e+00  1.055213e+01  4.170011e+01  1.364872e+02  5.196467e+02  4.305030e+00  3.573345e+01  4.9427804873953178e+00
       790  1.9749999999999690e+00  1.2443017910703048e-01  5.6408732375321102e-01  8.370142e-01  4.497458e+00  1.056229e+01  4.171418e+01  1.365887e+02  5.198033e+02  4.328055e+00  3.594699e+01  5.1363445802467780e+00
       800  1.9999999999999685e+00  1.2442072997040497e-01  5.6987296148357569e-01  8.373623e-01  4.497543e+00  1.056505e+01  4.169987e+01  1.365516e+02  5.193618e+02  4.349874e+00  3.612689e+01  5.3397069869296176e+00
       810  2.0249999999999679e+00  1.2441118341933256e-01  5.7577766530791974e-01  8.372489e-01  4.496735e+00  1.056048e+01  4.165794e+01  1.363791e+02  5.183396e+02  4.370547e+00  3.627429e+01  5.5533297219302105e+00
       820  2.0499999999999674e+00  1.2440153745684002e-01  5.8180299544494685e-01  8.366718e-01  4.495082e+00  1.054868e+01  4.158932e+01  1.360749e+02  5.167572e+02  4.390145e+00  3.639078e+01  5.7776845699447303e+00
       830  2.0749999999999669e+00  1.2439179005991291e-01  5.8795051449656965e-01  8.356294e-01  4.492637e+00  1.052977e+01  4.149511e+01  1.356436e+02  5.146390e+02  4.408753e+00  3.647836e+01  6.0132518083810469e+00
       840  2.0999999999999663e+00  1.2438193917946082e-01  5.9422178646052526e-01  8.341202e-01  4.489459e+00  1.050389e+01  4.137650e+01  1.350901e+02  5.120122e+02  4.426471e+00  3.653958e+01  6.2605188444364597e+00
       850  2.1249999999999658e+00  1.2437198274029919e-01  6.0061837589302791e-01  8.321432e-01  4.485613e+00  1.047118e+01  4.123486e+01  1.344200e+02  5.089067e+02  4.443415e+00  3.657752e+01  6.5199787872595820e+00
       860  2.1499999999999653e+00  1.2436191864114392e-01  6.0714184725975961e-01  8.296976e-01  4.481168e+00  1.043181e+01  4.107164e+01  1.336391e+02  5.053550e+02  4.459715e+00  3.659590e+01  6.7921289786379999e+00
       870  2.1749999999999647e+00  1.2435174475461346e-01  6.1379376451507783e-01  8.267829e-01  4.476201e+00  1.038594e+01  4.088842e+01  1.327537e+02  5.013915e+02  4.475519e+00  3.659905e+01  7.0774695084330599e+00
       880  2.1999999999999642e+00  1.2434145892723711e-01  6.2057569095058152e-01  8.233989e-01  4.470792e+00  1.033374e+01  4.068689e+01  1.317703e+02  4.970524e+02  4.490989e+00  3.659203e+01  7.3765017435965730e+00
       890  2.2249999999999637e+00  1.2433105897946235e-01  6.2748918935516762e-01  8.195457e-01  4.465028e+00  1.027540e+01  4.046882e+01  1.306955e+02  4.923750e+02  4.506305e+00  3.658061e+01  7.6897269020547228e+00
       900  2.2499999999999631e+00  1.2432054270565827e-01  6.3453582252924656e-01  8.152234e-01  4.458999e+00  1.021109e+01  4.023607e+01  1.295359e+02  4.873979e+02  4.521662e+00  3.657130e+01  8.0176447050401656e+00
       910  2.2749999999999626e+00  1.2430990787410588e-01  6.4171715419622133e-01  8.104323e-01  4.452800e+00  1.014097e+01  3.999060e+01  1.282983e+02  4.821602e+02  4.537268e+00  3.657135e+01  8.3607521436128849e+00
       920  2.2999999999999621e+00  1.2429915222696970e-01  6.4903475035436253e-01  8.051732e-01  4.446533e+00  1.006522e+01  3.973441e+01  1.269892e+02  4.767016e+02  4.553346e+00  3.658875e+01  8.7195423971590849e+00
       930  2.3249999999999615e+00  1.2428827348024477e-01  6.5649018111222557e-01  7.994467e-01  4.440302e+00  9.983989e+00  3.946957e+01  1.256151e+02  4.710616e+02  4.570132e+00  3.663221e+01  9.0945039436152939e+00
       940  2.3499999999999610e+00  1.2427726932366716e-01  6.6408502305045447e-01  7.932536e-01  4.434214e+00  9.897421e+00  3.919824e+01  1.241819e+02  4.652800e+02  4.587870e+00  3.671110e+01  9.4861199030596346e+00
       950  2.3749999999999605e+00  1.2426613742057974e-01  6.7182086215255699e-01  7.865950e-01  4.428383e+00  9.805640e+00  3.892260e+01  1.226953e+02  4.593961e+02  4.606816e+00  3.683545e+01  9.8948676581536557e+00
       960  2.3999999999999599e+00  1.2425487540774936e-01  6.7969929734681733e-01  7.794720e-01  4.422924e+00  9.708751e+00  3.864490e+01  1.211606e+02  4.534491e+02  4.627231e+00  3.701584e+01  1.0321218796711157e+01
       970  2.4249999999999594e+00  1.2424348089511222e-01  6.8772194470106018e-01  7.718858e-01  4.417957e+00  9.606837e+00  3.836745e+01  1.195824e+02  4.474777e+02  4.649380e+00  3.726336e+01  1.0765639423400790e+01
       980  2.4499999999999589e+00  1.2423195146545080e-01  6.9589044231147046e-01  7.638378e-01  4.413605e+00  9.499955e+00  3.809262e+01  1.179648e+02  4.415204e+02  4.673529e+00  3.758953e+01  1.1228590889226506e+01
       990  2.4749999999999583e+00  1.2422028467397860e-01  7.0420645592601916e-01  7.553294e-01  4.409992e+00  9.388132e+00  3.782283e+01  1.163109e+02  4.356154e+02  4.699946e+00  3.800625e+01  1.1710530988933193e+01
      1000  2.4999999999999578e+00  1.2420847804782764e-01  7.1267168534226066e-01  7.463622e-01  4.407246e+00  9.271366e+00  3.756055e+01  1.146232e+02  4.298008e+02  4.728891e+00  3.852561e+01  1.2211915677806545e+01
      1010  2.5249999999999573e+00  1.2419652908542207e-01  7.2128787161809949e-01  7.369379e-01  4.405498e+00  9.149620e+00  3.730836e+01  1.129032e+02  4.241148e+02  4.760616e+00  3.915977e+01  1.2733201360441651e+01
      1020  2.5499999999999567e+00  1.2418443525572626e-01  7.3005680513260296e-01  7.270585e-01  4.404877e+00  9.022823e+00  3.706888e+01  1.111515e+02  4.185964e+02  4.795362e+00  3.992068e+01  1.3274847804931508e+01
      1030  2.5749999999999562e+00  1.2417219399734734e-01  7.3898033453171619e-01  7.167260e-01  4.405517e+00  8.890868e+00  3.684484e+01  1.093676e+02  4.132851e+02  4.833352e+00  4.081980e+01  1.3837321736601742e+01
      1040  2.5999999999999557e+00  1.2415980271748715e-01  7.4806037659077329e-01  7.059427e-01  4.407551e+00  8.753609e+00  3.663907e+01  1.075498e+02  4.082222e+02  4.874790e+00  4.186774e+01  1.4421101165943529e+01
      1050  2.6249999999999551e+00  1.2414725879071647e-01  7.5729892702180801e-01  6.947110e-01  4.411112e+00  8.610863e+00  3.645447e+01  1.056952e+02  4.034506e+02  4.919852e+00  4.307391e+01  1.5026680505833767e+01
      1060  2.6499999999999546e+00  1.2413455955756628e-01  7.6669807224849729e-01  6.830337e-01  4.416333e+00  8.462412e+00  3.629411e+01  1.037996e+02  3.990160e+02  4.968686e+00  4.444632e+01  1.5654576533472790e+01
      1070  2.6749999999999541e+00  1.2412170232291214e-01  7.7626000216529789e-01  6.709140e-01  4.423345e+00  8.307997e+00  3.616113e+01  1.018575e+02  3.949674e+02  5.021408e+00  4.599144e+01  1.6305335252547273e+01
      1080  2.6999999999999535e+00  1.2410868435413752e-01  7.8598702388972908e-01  6.583552e-01  4.432278e+00  8.147330e+00  3.605885e+01  9.986197e+01  3.913583e+02  5.078099e+00  4.771430e+01  1.6979539710473990e+01
      1090  2.7249999999999530e+00  1.2409550287906189e-01  7.9588157650764524e-01  6.453612e-01  4.443258e+00  7.980087e+00  3.599069e+01  9.780443e+01  3.882468e+02  5.138804e+00  4.961862e+01  1.7677818823316823e+01
      1100  2.7499999999999525e+00  1.2408215508361398e-01  8.0594624680104010e-01  6.319361e-01  4.456408e+00  7.805920e+00  3.596022e+01  9.567486e+01  3.856977e+02  5.203535e+00  5.170706e+01  1.8400857255700046e+01
      1110  2.7749999999999519e+00  1.2406863810923474e-01  8.1618378593665486e-01  6.180847e-01  4.471845e+00  7.624454e+00  3.597117e+01  9.346156e+01  3.837827e+02  5.272267e+00  5.398152e+01  1.9149406392893706e+01
      1120  2.7999999999999514e+00  1.2405494904999598e-01  8.2659712708171051e-01  6.038121e-01  4.489679e+00  7.435298e+00  3.602739e+01  9.115108e+01  3.825815e+02  5.344945e+00  5.644335e+01  1.9924296425060465e+01
      1130  2.8249999999999509e+00  1.2404108494941747e-01  8.3718940390160412e-01  5.891240e-01  4.510015e+00  7.238050e+00  3.613286e+01  8.872828e+01  3.821828e+02  5.421477e+00  5.909357e+01  2.0726449537371757e+01
      1140  2.8499999999999504e+00  1.2402704279696873e-01  8.4796396988495770e-01  5.740267e-01  4.532946e+00  7.032305e+00  3.629166e+01  8.617638e+01  3.826843e+02  5.501737e+00  6.193293e+01  2.1556894163006866e+01
      1150  2.8749999999999498e+00  1.2401281952424507e-01  8.5892441843600664e-01  5.585268e-01  4.558556e+00  6.817664e+00  3.650797e+01  8.347727e+01  3.841920e+02  5.585559e+00  6.496147e+01  2.2416780209098064e+01
      1160  2.8999999999999493e+00  1.2399841200079935e-01  8.7007460367618616e-01  5.426320e-01  4.586913e+00  6.593748e+00  3.678594e+01  8.061192e+01  3.868185e+02  5.672726e+00  6.817697e+01  2.3307395110892337e+01
      1170  2.9249999999999488e+00  1.2398381702962336e-01  8.8141866190913509e-01  5.263503e-01  4.618073e+00  6.360218e+00  3.712962e+01  7.756122e+01  3.906799e+02  5.762960e+00  7.157172e+01  2.4230180511955663e+01
      1180  2.9499999999999482e+00  1.2396903134227205e-01  8.9296103372959057e-01  5.096906e-01  4.652075e+00  6.116788e+00  3.754283e+01  7.430701e+01  3.958906e+02  5.855907e+00  7.512743e+01  2.5186749316221359e+01
      1190  2.9749999999999477e+00  1.2395405159360282e-01  9.0470648679888077e-01  4.926626e-01  4.688939e+00  5.863257e+00  3.802896e+01  7.083343e+01  4.025570e+02  5.951116e+00  7.880877e+01  2.6178902821389912e+01
      1200  2.9999999999999472e+00  1.2393887435613934e-01  9.1666013936784552e-01  4.752771e-01  4.728664e+00  5.599534e+00  3.859077e+01  6.712837e+01  4.107705e+02  6.048026e+00  8.255779e+01  2.7208647633769733e+01
      1210  3.0249999999999466e+00  1.2392349611403117e-01  9.2882748469786769e-01  4.575455e-01  4.771226e+00  5.325667e+00  3.923020e+01  6.318487e+01  4.206008e+02  6.145963e+00  8.629223e+01  2.8278212091873382e+01
      1220  3.0499999999999461e+00  1.2390791325659836e-01  9.4121441660351868e-01  4.394805e-01  4.816581e+00  5.041868e+00  3.994820e+01  5.900212e+01  4.320910e+02  6.244149e+00  8.991106e+01  2.9390061995703281e+01
      1230  3.0749999999999456e+00  1.2389212207143695e-01  9.5382725640174681e-01  4.210955e-01  4.864659e+00  4.748528e+00  4.074464e+01  5.458582e+01  4.452566e+02  6.341748e+00  9.330918e+01  3.0546915549781474e+01
      1240  3.0999999999999450e+00  1.2387611873706178e-01  9.6667278158358927e-01  4.024049e-01  4.915369e+00  4.446220e+00  4.161840e+01  4.994764e+01  4.600887e+02  6.437947e+00  9.640020e+01  3.1751757571184196e+01
      1250  3.1249999999999445e+00  1.2385989931505545e-01  9.7975825650402404e-01  3.834235e-01  4.968598e+00  4.135684e+00  4.256746e+01  4.510380e+01  4.765631e+02  6.532080e+00  9.914228e+01  3.3007853170717283e+01
      1260  3.1499999999999440e+00  1.2384345974168186e-01  9.9309146529403980e-01  3.641662e-01  5.024218e+00  3.817790e+00  4.358926e+01  4.007292e+01  4.946517e+02  6.623779e+00  1.015591e+02  3.4318761259989415e+01
      1270  3.1749999999999434e+00  1.2382679581893699e-01  1.0066807470231822e+00  3.446477e-01  5.082087e+00  3.493482e+00  4.468099e+01  3.487358e+01  5.143353e+02  6.713129e+00  1.037473e+02  3.5688348339641060e+01
      1280  3.1999999999999429e+00  1.2380990320498854e-01  1.0205350328798981e+00  3.248820e-01  5.142054e+00  3.163718e+00  4.583998e+01  2.952227e+01  5.356128e+02  6.800813e+00  1.058655e+02  3.7120803055951988e+01
      1290  3.2249999999999424e+00  1.2379277740399160e-01  1.0346638848058927e+00  3.048814e-01  5.203968e+00  2.829403e+00  4.706389e+01  2.403226e+01  5.585026e+02  6.888183e+00  1.081051e+02  3.8620651953754937e+01
      1300  3.2499999999999418e+00  1.2377541375524614e-01  1.0490775346534473e+00  2.846563e-01  5.267682e+00  2.491339e+00  4.835082e+01  1.841397e+01  5.830351e+02  6.977258e+00  1.106506e+02  4.0192776695885655e+01
      1310  3.2749999999999413e+00  1.2375780742171308e-01  1.0637869225812369e+00  2.642145e-01  5.333057e+00  2.150191e+00  4.969912e+01  1.267663e+01  6.092340e+02  7.070621e+00  1.136432e+02  4.1842432773738032e+01
      1320  3.2999999999999408e+00  1.2373995337790972e-01  1.0788037331260483e+00  2.435610e-01  5.399961e+00  1.806476e+00  5.110709e+01  6.831032e+00  6.370936e+02  7.171236e+00  1.171607e+02  4.3575269428745003e+01
      1330  3.3249999999999402e+00  1.2372184639723732e-01  1.0941404272469035e+00  2.226981e-01  5.468277e+00  1.460584e+00  5.257259e+01  8.922363e-01  6.665561e+02  7.282234e+00  1.212215e+02  4.5397350185091852e+01
      1340  3.3499999999999397e+00  1.2370348103882253e-01  1.1098102686849922e+00  2.016256e-01  5.537895e+00  1.112798e+00  5.409266e+01 -5.118749e+00  6.974976e+02  7.406698e+00  1.258127e+02  4.7315173112687980e+01
      1350  3.3749999999999392e+00  1.2368485163398532e-01  1.1258273432442019e+00  1.803415e-01  5.608709e+00  7.633290e-01  5.566335e+01 -1.117516e+01  7.297301e+02  7.547521e+00  1.309331e+02  4.9335689748669765e+01
      1360  3.3999999999999386e+00  1.2366595227245393e-01  1.1422065700656558e+00  1.588431e-01  5.680620e+00  4.123347e-01  5.727980e+01 -1.724688e+01  7.630193e+02  7.707350e+00  1.366352e+02  5.1466321546895728e+01
      1370  3.4249999999999381e+00  1.2364677678846320e-01  1.1589637046013226e+00  1.371279e-01  5.753524e+00  5.992483e-02  5.893653e+01 -2.330452e+01  7.971159e+02  7.888626e+00  1.430521e+02  5.3714972819913385e+01
      1380  3.4499999999999376e+00  1.2362731874687746e-01  1.1761153337086603e+00  1.151957e-01  5.827321e+00 -2.938482e-01  6.062796e+01 -2.932404e+01  8.317911e+02  8.093698e+00  1.504022e+02  5.6090039384106760e+01
      1390  3.4749999999999370e+00  1.2360757142945204e-01  1.1936788639908835e+00  9.304912e-02  5.901906e+00 -6.490072e-01  6.234885e+01 -3.529041e+01  8.668644e+02  8.324974e+00  1.589738e+02  5.8600412488995516e+01
      1400  3.4999999999999365e+00  1.2358752782133692e-01  1.2116725050946391e+00  7.069547e-02  5.977179e+00 -1.005667e+00  6.409472e+01 -4.119910e+01  9.022163e+02  8.585062e+00  1.690998e+02  6.1255478059321831e+01
      1410  3.5249999999999360e+00  1.2356718059788301e-01  1.2301152500630863e+00  4.814702e-02  6.053046e+00 -1.364043e+00  6.586198e+01 -4.705513e+01  9.377821e+02  8.876882e+00  1.811352e+02  6.4065111746304652e+01
      1420  3.5499999999999354e+00  1.2354652211178373e-01  1.2490268549799404e+00  2.542164e-02  6.129423e+00 -1.724452e+00  6.764794e+01 -5.287025e+01  9.735315e+02  9.203726e+00  1.954490e+02  6.7039670714529194e+01
      1430  3.5749999999999349e+00  1.2352554438054644e-01  1.2684278200246029e+00  2.542476e-03  6.206245e+00 -2.087310e+00  6.945060e+01 -5.865995e+01  1.009446e+03  9.569288e+00  2.124335e+02  7.0189983433790943e+01
      1440  3.5999999999999344e+00  1.2350423907424887e-01  1.2883393737305382e+00 -2.046252e-02  6.283469e+00 -2.453138e+00  7.126869e+01 -6.444209e+01  1.045504e+03  9.977647e+00  2.325273e+02  7.3527338963970308e+01
      1450  3.6249999999999338e+00  1.2348259750351984e-01  1.3087834617672305e+00 -4.356153e-02  6.361085e+00 -2.822593e+00  7.310181e+01 -7.023845e+01  1.081695e+03  1.043322e+01  2.562437e+02  7.7063477290652557e+01
      1460  3.6499999999999333e+00  1.2346061060766257e-01  1.3297827410221226e+00 -6.671981e-02  6.439119e+00 -3.196512e+00  7.495095e+01 -7.607944e+01  1.118041e+03  1.094068e+01  2.841937e+02  8.0810582170683858e+01
      1470  3.6749999999999328e+00  1.2343826894282717e-01  1.3513605791900785e+00 -8.990046e-02  6.517642e+00 -3.575973e+00  7.681919e+01 -8.201080e+01  1.154647e+03  1.150476e+01  3.170973e+02  8.4781277658710692e+01
      1480  3.6999999999999322e+00  1.2341556267014347e-01  1.3735410594806994e+00 -1.130648e-01  6.596777e+00 -3.962347e+00  7.871255e+01 -8.810017e+01  1.191751e+03  1.213010e+01  3.557813e+02  8.8988628976730126e+01
      1490  3.7249999999999317e+00  1.2339248154373778e-01  1.3963489893640775e+00 -1.361722e-01  6.676704e+00 -4.357319e+00  8.064063e+01 -9.444136e+01  1.229754e+03  1.282089e+01  4.011645e+02  9.3446147615719170e+01
      1500  3.7499999999999312e+00  1.2336901489857911e-01  1.4198099113783202e+00 -1.591790e-01  6.757666e+00 -4.762859e+00  8.261699e+01 -1.011550e+02  1.269244e+03  1.358063e+01  4.542349e+02  9.8167799473070801e+01
      1510  3.7749999999999306e+00  1.2334515163813957e-01  1.4439501127824133e+00 -1.820374e-01  6.839962e+00 -5.181140e+00  8.465913e+01 -1.083851e+02  1.310986e+03  1.441177e+01  5.160226e+02  1.0316801339474587e+02
      1520  3.7999999999999301e+00  1.2332088022192896e-01  1.4687966291528607e+00 -2.046927e-01  6.923952e+00 -5.614409e+00  8.678809e+01 -1.162931e+02  1.355910e+03  1.531544e+01  5.875694e+02  1.0846168570656636e+02
      1530  3.8249999999999296e+00  1.2329618865305327e-01  1.4943772348802544e+00 -2.270812e-01  7.010042e+00 -6.064828e+00  8.902794e+01 -1.250509e+02  1.405085e+03  1.629121e+01  6.698884e+02  1.1406417425242481e+02
      1540  3.8499999999999290e+00  1.2327106446608752e-01  1.5207204110551993e+00 -2.491275e-01  7.098679e+00 -6.534315e+00  9.140517e+01 -1.348348e+02  1.459709e+03  1.733682e+01  7.639092e+02  1.1999127327282346e+02
      1550  3.8749999999999285e+00  1.2324549471573464e-01  1.5478552787506608e+00 -2.707417e-01  7.190337e+00 -7.024376e+00  9.394821e+01 -1.458210e+02  1.521106e+03  1.844794e+01  8.703962e+02  1.2625915843592287e+02
      1560  3.8999999999999280e+00  1.2321946596696236e-01  1.5758114836874735e+00 -2.918168e-01  7.285497e+00 -7.535944e+00  9.668708e+01 -1.581833e+02  1.590735e+03  1.961779e+01  9.898382e+02  1.3288428987337409e+02
      1570  3.9249999999999274e+00  1.2319296428754729e-01  1.6046190173072714e+00 -3.122266e-01  7.384630e+00 -8.069200e+00  9.965295e+01 -1.720907e+02  1.670207e+03  2.083682e+01  1.122311e+03  1.3988326066493366e+02
      1580  3.9499999999999269e+00  1.2316597524420994e-01  1.6343079599909784e+00 -3.318239e-01  7.488171e+00 -8.623333e+00  1.028775e+02 -1.877033e+02  1.761295e+03  2.209230e+01  1.267327e+03  1.4727257938648583e+02
      1590  3.9749999999999264e+00  1.2313848390373837e-01  1.6649081350661015e+00 -3.504389e-01  7.596475e+00 -9.196231e+00  1.063920e+02 -2.051642e+02  1.865924e+03  2.336814e+01  1.423698e+03  1.5506837856655551e+02
      1600  3.9999999999999258e+00  1.2311047484064522e-01  1.6964486676214907e+00 -3.678784e-01  7.709782e+00 -9.784088e+00  1.102249e+02 -2.245835e+02  1.986133e+03  2.464490e+01  1.589443e+03  1.6328604651890024e+02
      1610  4.0249999999999293e+00  1.2308193215294670e-01  1.7289574499231488e+00 -3.839257e-01  7.828158e+00 -1.038093e+01  1.144001e+02 -2.460148e+02  2.123985e+03  2.590025e+01  1.761768e+03  1.7193978811090369e+02
      1620  4.0499999999999332e+00  1.2305283948753569e-01  1.7624605249157292e+00 -3.983415e-01  7.951441e+00 -1.097812e+01  1.189328e+02 -2.694214e+02  2.281427e+03  2.710980e+01  1.937142e+03  1.8104213032123428e+02
      1630  4.0749999999999371e+00  1.2302318007635149e-01  1.7969814100052581e+00 -4.108663e-01  8.079196e+00 -1.156393e+01  1.238264e+02 -2.946352e+02  2.460076e+03  2.824840e+01  2.111466e+03  1.9060340026251268e+02
      1640  4.0999999999999410e+00  1.2299293678409348e-01  1.8325403938088092e+00 -4.212245e-01  8.210673e+00 -1.212332e+01  1.290687e+02 -3.213128e+02  2.660966e+03  2.929156e+01  2.280316e+03  2.0063121559733364e+02
      1650  4.1249999999999449e+00  1.2296209216759717e-01  1.8691538473583533e+00 -4.291305e-01  8.344797e+00 -1.263796e+01  1.346300e+02 -3.488969e+02  2.884268e+03  3.021700e+01  2.439224e+03  2.1113003845300577e+02
      1660  4.1499999999999488e+00  1.2293062854627490e-01  1.9068335968072350e+00 -4.342976e-01  8.480197e+00 -1.308679e+01  1.404620e+02 -3.765926e+02  3.129032e+03  3.100605e+01  2.583932e+03  2.2210085217504164e+02
      1670  4.1749999999999527e+00  1.2289852808220519e-01  1.9455864055160572e+00 -4.364483e-01  8.615257e+00 -1.344706e+01  1.464989e+02 -4.033704e+02  3.393009e+03  3.164460e+01  2.710597e+03  2.3354102339753916e+02
      1680  4.1999999999999567e+00  1.2286577286771924e-01  1.9854136081977165e+00 -4.353278e-01  8.748220e+00 -1.369580e+01  1.526604e+02 -4.280035e+02  3.672580e+03  3.212360e+01  2.815900e+03  2.4544440762601420e+02
      1690  4.2249999999999606e+00  1.2283234501769891e-01  2.0263109276453939e+00 -4.307172e-01  8.877310e+00 -1.381176e+01  1.588554e+02 -4.491417e+02  3.962783e+03  3.243905e+01  2.897082e+03  2.5780174253885474e+02
      1700  4.2499999999999645e+00  1.2279822676344296e-01  2.0682684850944471e+00 -4.224485e-01  9.000877e+00 -1.377723e+01  1.649856e+02 -4.654160e+02  4.257395e+03  3.259149e+01  2.951928e+03  2.7060134763710579e+02
      1710  4.2749999999999684e+00  1.2276340054497545e-01  2.1112709890184602e+00 -4.104176e-01  9.117528e+00 -1.357971e+01  1.709492e+02 -4.755605e+02  4.549047e+03  3.258544e+01  2.978769e+03  2.8383011082554447e+02
      1720  4.2999999999999723e+00  1.2272784909917450e-01  2.1552980559698454e+00 -3.945948e-01  9.226260e+00 -1.321271e+01  1.766436e+02 -4.785276e+02  4.829408e+03  3.242873e+01  2.976539e+03  2.9747469293050369e+02
      1730  4.3249999999999762e+00  1.2269155554209696e-01  2.2003245845088752e+00 -3.750322e-01  9.326550e+00 -1.267565e+01  1.819706e+02 -4.735720e+02  5.089582e+03  3.213225e+01  2.944923e+03  3.1152282377766477e+02
      1740  4.3499999999999801e+00  1.2265450344544215e-01  2.2463210748338662e+00 -3.518645e-01  9.418407e+00 -1.197274e+01  1.868438e+02 -4.602811e+02  5.320893e+03  3.170974e+01  2.884586e+03  3.2596450563931654e+02
      1750  4.3749999999999840e+00  1.2261667690901491e-01  2.2932537696998536e+00 -3.253054e-01  9.502367e+00 -1.111118e+01  1.911997e+02 -4.385417e+02  5.516111e+03  3.117783e+01  2.797427e+03  3.4079289300105665e+02
      1760  4.3999999999999879e+00  1.2257806063312827e-01  2.3410844947037326e+00 -2.956379e-01  9.579421e+00 -1.009912e+01  1.950110e+02 -4.084547e+02  5.670950e+03  3.055581e+01  2.686750e+03  3.5600459645644185e+02
      1770  4.4249999999999918e+00  1.2253863999670679e-01  2.3897701051955287e+00 -2.631998e-01  9.650866e+00 -8.944154e+00  1.982970e+02 -3.702267e+02  5.785371e+03  2.986488e+01  2.557251e+03  3.7159917911431813e+02
      1780  4.4499999999999957e+00  1.2249840114797622e-01  2.4392615066014156e+00 -2.283684e-01  9.718073e+00 -7.652690e+00  2.011272e+02 -3.240819e+02  5.864211e+03  2.912687e+01  2.414745e+03  3.8757768946003910e+02
      1790  4.4749999999999996e+00  1.2245733111451351e-01  2.4895023020204818e+00 -1.915452e-01  9.782231e+00 -6.230427e+00  2.036127e+02 -2.702271e+02  5.916814e+03  2.836232e+01  2.265617e+03  4.0394021006193299e+02
      1800  4.5000000000000036e+00  1.2241541793772769e-01  2.5404272240323369e+00 -1.531449e-01  9.844081e+00 -4.683659e+00  2.058880e+02 -2.088800e+02  5.955715e+03  2.758852e+01  2.116088e+03  4.2068258729198396e+02
      1810  4.5250000000000075e+00  1.2237265083343812e-01  2.5919606061252503e+00 -1.135902e-01  9.903725e+00 -3.020948e+00  2.080869e+02 -1.403395e+02  5.994768e+03  2.681791e+01  1.971467e+03  4.3779271500152691e+02
      1820  4.5500000000000114e+00  1.2232902037536651e-01  2.6440152165727775e+00 -7.331220e-02  9.960552e+00 -1.254653e+00  2.103209e+02 -6.506016e+01  6.047243e+03  2.605728e+01  1.835576e+03  4.5524692864709448e+02
      1830  4.5750000000000153e+00  1.2228451869279175e-01  2.6964917889591904e+00 -3.275495e-02  1.001330e+01  5.980400e-01  2.126639e+02  1.629986e+01  6.124347e+03  2.530826e+01  1.710479e+03  4.7300717061808666e+02
      1840  4.6000000000000192e+00  1.2223913966841346e-01  2.7492795253810041e+00  7.621127e-03  1.006025e+01  2.514727e+00  2.151480e+02  1.028596e+02  6.234356e+03  2.456881e+01  1.596588e+03  4.9101956577441945e+02
      1850  4.6250000000000231e+00  1.2219287911874699e-01  2.8022577272932367e+00  4.734113e-02  1.009952e+01  4.468001e+00  2.177658e+02  1.935073e+02  6.382224e+03  2.383547e+01  1.493074e+03  5.0921488059696981e+02
      1860  4.6500000000000270e+00  1.2214573493797791e-01  2.8552985534458371e+00  8.592685e-02  1.012934e+01  6.426181e+00  2.204766e+02  2.868804e+02  6.569352e+03  2.310567e+01  1.398466e+03  5.2751105460535075e+02
      1870  4.6750000000000309e+00  1.2209770718746761e-01  2.9082707551803892e+00  1.229179e-01  1.014828e+01  8.354425e+00  2.232123e+02  3.813267e+02  6.793154e+03  2.237944e+01  1.311236e+03  5.4581765292723230e+02
      1880  4.7000000000000348e+00  1.2204879811649978e-01  2.9610441315434746e+00  1.578991e-01  1.015544e+01  1.021611e+01  2.258786e+02  4.748585e+02  7.046321e+03  2.166017e+01  1.230213e+03  5.6404177492783731e+02
      1890  4.7250000000000387e+00  1.2199901210471722e-01  3.0134943921163062e+00  1.905281e-01  1.015040e+01  1.197434e+01  2.283525e+02  5.651284e+02  7.316022e+03  2.095413e+01  1.154720e+03  5.8209473122678742e+02
      1900  4.7500000000000426e+00  1.2194835552210055e-01  3.0655080989931451e+00  2.205550e-01  1.013313e+01  1.359347e+01  2.304784e+02  6.494622e+02  7.583639e+03  2.026920e+01  1.084442e+03  5.9989869879447849e+02
      1910  4.7750000000000465e+00  1.2189683650791021e-01  3.1169873536330464e+00  2.478277e-01  1.010380e+01  1.504073e+01  2.320685e+02  7.249921e+02  7.825715e+03  1.961313e+01  1.019162e+03  6.1739257518605427e+02
      1920  4.8000000000000504e+00  1.2184446467571823e-01  3.1678538845545900e+00  2.722817e-01  1.006259e+01  1.628801e+01  2.329136e+02  7.889162e+02  8.016557e+03  1.899192e+01  9.585126e+02  6.3453636013331527e+02
      1930  4.8250000000000544e+00  1.2179125075744404e-01  3.2180521903776738e+00  2.939165e-01  1.000956e+01  1.731416e+01  2.328051e+02  8.388725e+02  8.132307e+03  1.840877e+01  9.018905e+02  6.5131358426395752e+02
      1940  4.8500000000000583e+00  1.2173720620487941e-01  3.2675514290018470e+00  3.127655e-01  9.944636e+00  1.810723e+01  2.315685e+02  8.733502e+02  8.155544e+03  1.786400e+01  8.485543e+02  6.6773157096102238e+02
      1950  4.8750000000000622e+00  1.2168234277166751e-01  3.3163458365018772e+00  3.288671e-01  9.867713e+00  1.866590e+01  2.290986e+02  8.919995e+02  8.079019e+03  1.735575e+01  7.978397e+02  6.8381962582337417e+02
      1960  4.9000000000000661e+00  1.2162667210124514e-01  3.3644535978639363e+00  3.422437e-01  9.778918e+00  1.899911e+01  2.253868e+02  8.957048e+02  7.907145e+03  1.688129e+01  7.493638e+02  6.9962553131655159e+02
      1970  4.9250000000000700e+00  1.2157020534633532e-01  3.4119142485481033e+00  3.528953e-01  9.678815e+00  1.912364e+01  2.205309e+02  8.863604e+02  7.654585e+03  1.643788e+01  7.030955e+02  7.1521090776467804e+02
      1980  4.9500000000000739e+00  1.2151295284293208e-01  3.4587848514732276e+00  3.608069e-01  9.568500e+00  1.906056e+01  2.147185e+02  8.664213e+02  7.342399e+03  1.602267e+01  6.592407e+02  7.3064606061912525e+02
      1990  4.9750000000000778e+00  1.2145492385609181e-01  3.5051353897646025e+00  3.659706e-01  9.449496e+00  1.883222e+01  2.081916e+02  8.384101e+02  6.993223e+03  1.563178e+01  6.180099e+02  7.4600491818507021e+02
      2000  5.0000000000000817e+00  1.2139612640542574e-01  3.5510440501794758e+00  3.684155e-01  9.323577e+00  1.846091e+01  2.012053e+02  8.045764e+02  6.627333e+03  1.525978e+01  5.794290e+02  7.6136064773360056e+02
      2010  5.0250000000000856e+00  1.2133656716488521e-01  3.5965932661090525e+00  3.682367e-01  9.192681e+00  1.796933e+01  1.939994e+02  7.668105e+02  6.260843e+03  1.490085e+01  5.433408e+02  7.7678251595573420e+02
      2020  5.0500000000000895e+00  1.2127625141638271e-01  3.6418673561129591e+00  3.656135e-01  9.059059e+00  1.738176e+01  1.867921e+02  7.267558e+02  5.906103e+03  1.455154e+01  5.095986e+02  7.9233440088203179e+02
      2030  5.0750000000000934e+00  1.2121518302569237e-01  3.6869521529458527e+00  3.608047e-01  8.925539e+00  1.672420e+01  1.797899e+02  6.859491e+02  5.573222e+03  1.421346e+01  4.782855e+02  8.0807491398079526e+02
      2040  5.1000000000000973e+00  1.2115336440914115e-01  3.7319361930710899e+00  3.541197e-01  8.795666e+00  1.602236e+01  1.731981e+02  6.458320e+02  5.271329e+03  1.389335e+01  4.497617e+02  8.2405838938227294e+02
      2050  5.1250000000001013e+00  1.2109079647485065e-01  3.7769121724575738e+00  3.458739e-01  8.673533e+00  1.529827e+01  1.672186e+02  6.076204e+02  5.008643e+03  1.359983e+01  4.244864e+02  8.4033538517719239e+02
      2060  5.1500000000001052e+00  1.2102747854872396e-01  3.8219770027627118e+00  3.363468e-01  8.563308e+00  1.456751e+01  1.620318e+02  5.721525e+02  4.791453e+03  1.333877e+01  4.027602e+02  8.5695131014416256e+02
      2070  5.1750000000001091e+00  1.2096340832078610e-01  3.8672292872663898e+00  3.257660e-01  8.468702e+00  1.383972e+01  1.577771e+02  5.398474e+02  4.623028e+03  1.311028e+01  3.846001e+02  8.7394258991115521e+02
      2080  5.2000000000001130e+00  1.2089858185748861e-01  3.9127642574098851e+00  3.143297e-01  8.392599e+00  1.312197e+01  1.545459e+02  5.107876e+02  4.503578e+03  1.290976e+01  3.698328e+02  8.9133113336653093e+02
      2090  5.2250000000001169e+00  1.2083299371252681e-01  3.9586675679280932e+00  3.022621e-01  8.336919e+00  1.242232e+01  1.523918e+02  4.848317e+02  4.431495e+03  1.273218e+01  3.582999e+02  9.0911903322880357e+02
      2100  5.2500000000001208e+00  1.2076663713678977e-01  4.0050101318030116e+00  2.898796e-01  8.302546e+00  1.175037e+01  1.513423e+02  4.616647e+02  4.404955e+03  1.257632e+01  3.499841e+02  9.2728577174381655e+02
      2110  5.2750000000001247e+00  1.2069950435106236e-01  4.0518460266829415e+00  2.776407e-01  8.289082e+00  1.111527e+01  1.513924e+02  4.408030e+02  4.422569e+03  1.244549e+01  3.449496e+02  9.4578958013064914e+02
      2120  5.3000000000001286e+00  1.2063158681801001e-01  4.0992145958876582e+00  2.661606e-01  8.294341e+00  1.052454e+01  1.524722e+02  4.216749e+02  4.482355e+03  1.234366e+01  3.431153e+02  9.6457347332046857e+02
      2130  5.3250000000001325e+00  1.2056287544142934e-01  4.1471466885366901e+00  2.561850e-01  8.313865e+00  9.986595e+00  1.544051e+02  4.038746e+02  4.579567e+03  1.226961e+01  3.439829e+02  9.8357544225852723e+02
      2140  5.3500000000001364e+00  1.2049336063124377e-01  4.1956739505660803e+00  2.485351e-01  8.340993e+00  9.515357e+00  1.568887e+02  3.875255e+02  4.704907e+03  1.221342e+01  3.465035e+02  1.0027415691792037e+03
      2150  5.3750000000001403e+00  1.2042303219812193e-01  4.2448393279809817e+00  2.440350e-01  8.367923e+00  9.133280e+00  1.595279e+02  3.735104e+02  4.844608e+03  1.215875e+01  3.492751e+02  1.0220402402369117e+03
      2160  5.4000000000001442e+00  1.2035187907730058e-01  4.2947064424078158e+00  2.434306e-01  8.387601e+00  8.869951e+00  1.619183e+02  3.633509e+02  4.982760e+03  1.209009e+01  3.510856e+02  1.0414749345829212e+03
      2170  5.4250000000001481e+00  1.2027988892286240e-01  4.3453652813548267e+00  2.473073e-01  8.395646e+00  8.756979e+00  1.637491e+02  3.587594e+02  5.105079e+03  1.200014e+01  3.514866e+02  1.0610924392149216e+03
      2180  5.4500000000001521e+00  1.2020704765510164e-01  4.3969318943624334e+00  2.560083e-01  8.391437e+00  8.821775e+00  1.648854e+02  3.611310e+02  5.202929e+03  1.189238e+01  3.509128e+02  1.0809833412032262e+03
      2190  5.4750000000001560e+00  1.2013333907523904e-01  4.4495406751863049e+00  2.695649e-01  8.377961e+00  9.082422e+00  1.654072e+02  3.712384e+02  5.276659e+03  1.177721e+01  3.501477e+02  1.1012727805347847e+03
      2200  5.5000000000001599e+00  1.2005874467315070e-01  4.5033292908422915e+00  2.876488e-01  8.360687e+00  9.544048e+00  1.656012e+02  3.891787e+02  5.337159e+03  1.166453e+01  3.494759e+02  1.1221016462652431e+03
      2210  5.5250000000001638e+00  1.1998324373779072e-01  4.5584180787571391e+00  3.095581e-01  8.345990e+00  1.019598e+01  1.658970e+02  4.144325e+02  5.404014e+03  1.155769e+01  3.481545e+02  1.1436009893810633e+03
      2220  5.5500000000001677e+00  1.1990681383563101e-01  4.6148873619537989e+00  3.342445e-01  8.339490e+00  1.101004e+01  1.667463e+02  4.459585e+02  5.499873e+03  1.145183e+01  3.446326e+02  1.1658645312332358e+03
      2230  5.5750000000001716e+00  1.1982943165473102e-01  4.6727573107858689e+00  3.603815e-01  8.344634e+00  1.194215e+01  1.684850e+02  4.824626e+02  5.644075e+03  1.133661e+01  3.374428e+02  1.1889251911330441e+03
      2240  5.6000000000001755e+00  1.1975107412965375e-01  4.7319755157320929e+00  3.864719e-01  8.361903e+00  1.293757e+01  1.712468e+02  5.228920e+02  5.849672e+03  1.120146e+01  3.262177e+02  1.2127414378547089e+03
      2250  5.6250000000001794e+00  1.1967171967716750e-01  4.7924171334914529e+00  4.109862e-01  8.388989e+00  1.393595e+01  1.749503e+02  5.666757e+02  6.122780e+03  1.104061e+01  3.121275e+02  1.2371981329678831e+03
      2260  5.6500000000001833e+00  1.1959134930079388e-01  4.8539010268899156e+00  4.325281e-01  8.421795e+00  1.487253e+01  1.793096e+02  6.130735e+02  6.458511e+03  1.085550e+01  2.973152e+02  1.2621244544145043e+03
      2270  5.6750000000001872e+00  1.1950994728599287e-01  4.9162224517395634e+00  4.500115e-01  8.455729e+00  1.568048e+01  1.838520e+02  6.600369e+02  6.834719e+03  1.065350e+01  2.835724e+02  1.2873284116826592e+03
      2280  5.7000000000001911e+00  1.1942750123190451e-01  4.9791986289054257e+00  4.628309e-01  8.486854e+00  1.630393e+01  1.880352e+02  7.041649e+02  7.216821e+03  1.044456e+01  2.712601e+02  1.3126434845953772e+03
      2290  5.7250000000001950e+00  1.1934400126756224e-01  5.0427187728402707e+00  4.709884e-01  8.512853e+00  1.672001e+01  1.915064e+02  7.425058e+02  7.579979e+03  1.023838e+01  2.595454e+02  1.3379786603414552e+03
      2300  5.7500000000001990e+00  1.1925943847703352e-01  5.1067863858711586e+00  4.751362e-01  8.533821e+00  1.695212e+01  1.943170e+02  7.745743e+02  7.928904e+03  1.004384e+01  2.478393e+02  1.3633598890672490e+03
      2310  5.7750000000002029e+00  1.1917380277539966e-01  5.1715407427563260e+00  4.764954e-01  8.552508e+00  1.706012e+01  1.968290e+02  8.023199e+02  8.288133e+03  9.869761e+00  2.369292e+02  1.3889503423927176e+03
      2320  5.8000000000002068e+00  1.1908708067408483e-01  5.2372478280111201e+00  4.766400e-01  8.573548e+00  1.711486e+01  1.993496e+02  8.280695e+02  8.666564e+03  9.725523e+00  2.285704e+02  1.4150400837447478e+03
      2330  5.8250000000002107e+00  1.1899925347704632e-01  5.3042585032213836e+00  4.771751e-01  8.601718e+00  1.717700e+01  2.018639e+02  8.525691e+02  9.033180e+03  9.620704e+00  2.240842e+02  1.4420029203030335e+03
      2340  5.8500000000002146e+00  1.1891029640292206e-01  5.3729415321106453e+00  4.793852e-01  8.640020e+00  1.728851e+01  2.041432e+02  8.747454e+02  9.331875e+03  9.563560e+00  2.235122e+02  1.4702277456287402e+03
      2350  5.8750000000002185e+00  1.1882017892076915e-01  5.4436080350594267e+00  4.839521e-01  8.688670e+00  1.746999e+01  2.060729e+02  8.929838e+02  9.521961e+03  9.558795e+00  2.259234e+02  1.5000406120497667e+03
      2360  5.9000000000002224e+00  1.1872886626469031e-01  5.5164484869580503e+00  4.908295e-01  8.745651e+00  1.771868e+01  2.078186e+02  9.065822e+02  9.606050e+03  9.605904e+00  2.301832e+02  1.5316386295623047e+03
      2370  5.9250000000002263e+00  1.1863632175080721e-01  5.5915012198059300e+00  4.993097e-01  8.808490e+00  1.801319e+01  2.096971e+02  9.160834e+02  9.623174e+03  9.699527e+00  2.354684e+02  1.5650550407817768e+03
      2380  5.9500000000002302e+00  1.1854250927267948e-01  5.6686625779246453e+00  5.082513e-01  8.875989e+00  1.832875e+01  2.119635e+02  9.224264e+02  9.619481e+03  9.831163e+00  2.413938e+02  1.6001661578232774e+03
      2390  5.9750000000002341e+00  1.1844739528912410e-01  5.7477360490434188e+00  5.163854e-01  8.948478e+00  1.865350e+01  2.147473e+02  9.263705e+02  9.625529e+03  9.989466e+00  2.478066e+02  1.6367377689388693e+03
      2400  6.0000000000002380e+00  1.1835094977080433e-01  5.8285053878790229e+00  5.225981e-01  9.026179e+00  1.898944e+01  2.181209e+02  9.291734e+02  9.655368e+03  1.015780e+01  2.543874e+02  1.6744959272031754e+03
      2410  6.0250000000002419e+00  1.1825314588901255e-01  5.9108097158734481e+00  5.261155e-01  9.106822e+00  1.933311e+01  2.221000e+02  9.330305e+02  9.714375e+03  1.031188e+01  2.603763e+02  1.7132000455075192e+03
      2420  6.0500000000002458e+00  1.1815395859650704e-01  5.9945996853854098e+00  5.265637e-01  9.184386e+00  1.964951e+01  2.264533e+02  9.390630e+02  9.792213e+03  1.042215e+01  2.646038e+02  1.7526981731534063e+03
      2430  6.0750000000002498e+00  1.1805336253210016e-01  6.0799623405400469e+00  5.239226e-01  9.250166e+00  1.986469e+01  2.304774e+02  9.438997e+02  9.843040e+03  1.046279e+01  2.657503e+02  1.7929541311575385e+03
      2440  6.1000000000002537e+00  1.1795132978718866e-01  6.1671139995103053e+00  5.184246e-01  9.295892e+00  1.989436e+01  2.330845e+02  9.393971e+02  9.788555e+03  1.042377e+01  2.628324e+02  1.8340483854317397e+03
      2450  6.1250000000002576e+00  1.1784782799980828e-01  6.2563696425252280e+00  5.104443e-01  9.317364e+00  1.969989e+01  2.333747e+02  9.184135e+02  9.567798e+03  1.031930e+01  2.559450e+02  1.8761623583671249e+03
      2460  6.1500000000002615e+00  1.1774281906780604e-01  6.3481002656805448e+00  5.004088e-01  9.316734e+00  1.933721e+01  2.313667e+02  8.832398e+02  9.202201e+03  1.018643e+01  2.468614e+02  1.9195557878334394e+03
      2470  6.1750000000002654e+00  1.1763625860052154e-01  6.4426870724799858e+00  4.887304e-01  9.302159e+00  1.896059e+01  2.282833e+02  8.491295e+02  8.815338e+03  1.007282e+01  2.388566e+02  1.9645410778014552e+03
      2480  6.2000000000002693e+00  1.1752809611853322e-01  6.5404772337628252e+00  4.757578e-01  9.285002e+00  1.876824e+01  2.260911e+02  8.384722e+02  8.584934e+03  1.001931e+01  2.356095e+02  2.0114536352338760e+03
      2490  6.2250000000002732e+00  1.1741827595285688e-01  6.6417441667775847e+00  4.617471e-01  9.276084e+00  1.891122e+01  2.265680e+02  8.685473e+02  8.659212e+03  1.004611e+01  2.397457e+02  2.0606178671593707e+03
      2500  6.2500000000002771e+00  1.1730673873831353e-01  6.7466564694757878e+00  4.468603e-01  9.282618e+00  1.940988e+01  2.304327e+02  9.405508e+02  9.081168e+03  1.014832e+01  2.517322e+02  2.1123140640643919e+03
      2510  6.2750000000002810e+00  1.1719342331259873e-01  6.8552609507518589e+00  4.311984e-01  9.306317e+00  2.012275e+01  2.369367e+02  1.036661e+03  9.749541e+03  1.030036e+01  2.695216e+02  2.1667560163418025e+03
      2520  6.3000000000002849e+00  1.1707826875133812e-01  6.9674833712075914e+00  4.148538e-01  9.342260e+00  2.078982e+01  2.440788e+02  1.126999e+03  1.044023e+04  1.046509e+01  2.890842e+02  2.2240872462539601e+03
      2530  6.3250000000002888e+00  1.1696121625018296e-01  7.0831453282836563e+00  3.979536e-01  9.378586e+00  2.113131e+01  2.493939e+02  1.182498e+03  1.089798e+04  1.060389e+01  3.057826e+02  2.2843949961014973e+03
      2540  6.3500000000002927e+00  1.1684221063815459e-01  7.2019905921309064e+00  3.806643e-01  9.398391e+00  2.094968e+01  2.509906e+02  1.186395e+03  1.096144e+04  1.068604e+01  3.161586e+02  2.3477315626848167e+03
      2550  6.3750000000002967e+00  1.1672120143319192e-01  7.3237132474133633e+00  3.631474e-01  9.385020e+00  2.018421e+01  2.483085e+02  1.138588e+03  1.064319e+04  1.069604e+01  3.192836e+02  2.4141296211087406e+03
      2560  6.4000000000003006e+00  1.1659814344671821e-01  7.4479841163807787e+00  3.454877e-01  9.329360e+00  1.890521e+01  2.421793e+02  1.052182e+03  1.010540e+04  1.063707e+01  3.168728e+02  2.4836044020426252e+03
      2570  6.4250000000003045e+00  1.1647299695148809e-01  7.5744773693330023e+00  3.276355e-01  9.234901e+00  1.727213e+01  2.342189e+02  9.459192e+02  9.547456e+03  1.052910e+01  3.120278e+02  2.5561461030503629e+03
      2580  6.4500000000003084e+00  1.1634572737590723e-01  7.7029001919497855e+00  3.094061e-01  9.116469e+00  1.548398e+01  2.259672e+02  8.370773e+02  9.089139e+03  1.040138e+01  3.073300e+02  2.6317118879398463e+03
      2590  6.4750000000003123e+00  1.1621630448684256e-01  7.8330219856618886e+00  2.905536e-01  8.992443e+00  1.373054e+01  2.182519e+02  7.373993e+02  8.728489e+03  1.028154e+01  3.034218e+02  2.7102225168203126e+03
      2600  6.5000000000003162e+00  1.1608470117496607e-01  7.9646891976718335e+00  2.709047e-01  8.874800e+00  1.214259e+01  2.110145e+02  6.517786e+02  8.384016e+03  1.018403e+01  2.988664e+02  2.7915566687434675e+03
      2610  6.5250000000003201e+00  1.1595089225705071e-01  8.0978060362056201e+00  2.505013e-01  8.762917e+00  1.075314e+01  2.035724e+02  5.783452e+02  7.969493e+03  1.010183e+01  2.912330e+02  2.8755265249645236e+03
      2620  6.5500000000003240e+00  1.1581485400349112e-01  8.2322682497848465e+00  2.296929e-01  8.644849e+00  9.497227e+00  1.951278e+02  5.099592e+02  7.442207e+03  1.000637e+01  2.786607e+02  2.9618219750692479e+03
      2630  6.5750000000003279e+00  1.1567656514688220e-01  8.3678582338015293e+00  2.091273e-01  8.505591e+00  8.265268e+00  1.852636e+02  4.381567e+02  6.804205e+03  9.859304e+00  2.609782e+02  3.0499307403406447e+03
      2640  6.6000000000003318e+00  1.1553600975420138e-01  8.5041363897276252e+00  1.896263e-01  8.337350e+00  6.985019e+00  1.741618e+02  3.585101e+02  6.083403e+03  9.632882e+00  2.397728e+02  3.1390683901155517e+03
      2650  6.6250000000003357e+00  1.1539318158901656e-01  8.6403804442116297e+00  1.719781e-01  8.144723e+00  5.677985e+00  1.624446e+02  2.738100e+02  5.326153e+03  9.326802e+00  2.174732e+02  3.2281678720193813e+03
      2660  6.6500000000003396e+00  1.1524808874482045e-01  8.7756176599551043e+00  1.567192e-01  7.940754e+00  4.451430e+00  1.508252e+02  1.927088e+02  4.593762e+03  8.969010e+00  1.961909e+02  3.3159675227124030e+03
      2670  6.6750000000003435e+00  1.1510075682855923e-01  8.9087622913043027e+00  1.439943e-01  7.737846e+00  3.436934e+00  1.398769e+02  1.250514e+02  3.944995e+03  8.600560e+00  1.771675e+02  3.4011986656874424e+03
      2680  6.7000000000003475e+00  1.1495122914990039e-01  9.0388255900515162e+00  1.335539e-01  7.542886e+00  2.721481e+00  1.300252e+02  7.717737e+01  3.418007e+03  8.258542e+00  1.609971e+02  3.4828264369061076e+03
      2690  6.7250000000003514e+00  1.1479956324273649e-01  9.1651311927818284e+00  1.248920e-01  7.360946e+00  2.308921e+00  1.216307e+02  4.999922e+01  3.026630e+03  7.969338e+00  1.481024e+02  3.5602674895045016e+03
      2700  6.7500000000003553e+00  1.1464582425883094e-01  9.2874636121605647e+00  1.174625e-01  7.200652e+00  2.122519e+00  1.150237e+02  4.004887e+01  2.763123e+03  7.749473e+00  1.389504e+02  3.6335139215246827e+03
      2710  6.7750000000003592e+00  1.1449007679583480e-01  9.4061037426343326e+00  1.108835e-01  7.071728e+00  2.043490e+00  1.104139e+02  4.121956e+01  2.605861e+03  7.604075e+00  1.338723e+02  3.7031295385123408e+03
      2720  6.8000000000003631e+00  1.1433237714528591e-01  9.5217470580442605e+00  1.050612e-01  6.976183e+00  1.966427e+00  1.076877e+02  4.597268e+01  2.531425e+03  7.523238e+00  1.326802e+02  3.7701287325555168e+03
      2730  6.8250000000003670e+00  1.1417276769254615e-01  9.6353363304282205e+00  1.002104e-01  6.904202e+00  1.835964e+00  1.063042e+02  4.720760e+01  2.515137e+03  7.485236e+00  1.344800e+02  3.8357766542784393e+03
      2740  6.8500000000003709e+00  1.1401127448614423e-01  9.7478587761145246e+00  9.678127e-02  6.840053e+00  1.647569e+00  1.054786e+02  4.120546e+01  2.523391e+03  7.466326e+00  1.378164e+02  3.9013563689617777e+03
      2750  6.8750000000003748e+00  1.1384790813291179e-01  9.8601578205277303e+00  9.529880e-02  6.771246e+00  1.442623e+00  1.044809e+02  2.979939e+01  2.519330e+03  7.446396e+00  1.408235e+02  3.9679446160116686e+03
      2760  6.9000000000003787e+00  1.1368266741611888e-01  9.9727984565427370e+00  9.612575e-02  6.693131e+00  1.318086e+00  1.027923e+02  1.998495e+01  2.476632e+03  7.408670e+00  1.414444e+02  4.0362328066745322e+03
      2770  6.9250000000003826e+00  1.1351554452666691e-01  1.0086007520418580e+01  9.919580e-02  6.609265e+00  1.399321e+00  1.002597e+02  2.028119e+01  2.388145e+03  7.344295e+00  1.383857e+02  4.1064233803459156e+03
      2780  6.9500000000003865e+00  1.1334653062167775e-01  1.0199689787948286e+01  1.038338e-01  6.529934e+00  1.734759e+00  9.737470e+01  3.430743e+01  2.276683e+03  7.262134e+00  1.324396e+02  4.1782178763193879e+03
      2790  6.9750000000003904e+00  1.1317562057964256e-01  1.0313503174882367e+01  1.088166e-01  6.467169e+00  2.205867e+00  9.520263e+01  5.619865e+01  2.194516e+03  7.186887e+00  1.263265e+02  4.2508932613147572e+03
      2800  7.0000000000003944e+00  1.1300281619458361e-01  1.0426967971734033e+01  1.127523e-01  6.427250e+00  2.594117e+00  9.458629e+01  7.479033e+01  2.183689e+03  7.140632e+00  1.225121e+02  4.3234468135327288e+03
      2810  7.0250000000003983e+00  1.1282812745868878e-01  1.0539587483293783e+01  1.146738e-01  6.408891e+00  2.766455e+00  9.539162e+01  8.394384e+01  2.231514e+03  7.129900e+00  1.214514e+02  4.3947843417490330e+03
      2820  7.0500000000004022e+00  1.1265157188857478e-01  1.0650964387469445e+01  1.145566e-01  6.410512e+00  2.765001e+00  9.688046e+01  8.593638e+01  2.291181e+03  7.154074e+00  1.223671e+02  4.4639275607199288e+03
      2830  7.0750000000004061e+00  1.1247317206373696e-01  1.0760899833680471e+01  1.134524e-01  6.435650e+00  2.700285e+00  9.878966e+01  8.408122e+01  2.350488e+03  7.216272e+00  1.249639e+02  4.5302137393514704e+03
      2840  7.1000000000004100e+00  1.1229295177815045e-01  1.0869458357003854e+01  1.131186e-01  6.485832e+00  2.604909e+00  1.015393e+02  7.698453e+01  2.449303e+03  7.313207e+00  1.293765e+02  4.5934510216937142e+03
      2850  7.1250000000004139e+00  1.1211093152592197e-01  1.0976977634821019e+01  1.153085e-01  6.549097e+00  2.434458e+00  1.051973e+02  6.243028e+01  2.614114e+03  7.416819e+00  1.347556e+02  4.6539854518803704e+03
      2860  7.1500000000004178e+00  1.1192712437122146e-01  1.1084007122849346e+01  1.210745e-01  6.601284e+00  2.182759e+00  1.086716e+02  4.316276e+01  2.795266e+03  7.478996e+00  1.388478e+02  4.7126443466249330e+03
      2870  7.1750000000004217e+00  1.1174153340017301e-01  1.1191177018536109e+01  1.304060e-01  6.620324e+00  1.940031e+00  1.103077e+02  2.626072e+01  2.889792e+03  7.459778e+00  1.391436e+02  4.7705502089609199e+03
      2880  7.2000000000004256e+00  1.1155415174178875e-01  1.1299023677348663e+01  1.423199e-01  6.596400e+00  1.827076e+00  1.091893e+02  1.794440e+01  2.831525e+03  7.346966e+00  1.342654e+02  4.8288411950816444e+03
      2890  7.2250000000004295e+00  1.1136496552790144e-01  1.1407819715774654e+01  1.552825e-01  6.529474e+00  1.896811e+00  1.057278e+02  1.900321e+01  2.655870e+03  7.150950e+00  1.246607e+02  4.8883715600175137e+03
      2900  7.2500000000004334e+00  1.1117395925530049e-01  1.1517467041052843e+01  1.677177e-01  6.425109e+00  2.107917e+00  1.011928e+02  2.419388e+01  2.469753e+03  6.895169e+00  1.124840e+02  4.9494828914849686e+03
      2910  7.2750000000004373e+00  1.1098112207748120e-01  1.1627502246141798e+01  1.783909e-01  6.298109e+00  2.382037e+00  9.684774e+01  2.731951e+01  2.356711e+03  6.619786e+00  1.005496e+02  5.0119251809639409e+03
      2920  7.3000000000004412e+00  1.1078645293791285e-01  1.1737233702963046e+01  1.865963e-01  6.174826e+00  2.681996e+00  9.331237e+01  2.874539e+01  2.312605e+03  6.381142e+00  9.083376e+01  5.0749648990996238e+03
      2930  7.3250000000004452e+00  1.1058996250008066e-01  1.1845983068976683e+01  1.921899e-01  6.081332e+00  3.038007e+00  9.043947e+01  3.687559e+01  2.266489e+03  6.225210e+00  8.390508e+01  5.1376540900906448e+03
      2940  7.3500000000004491e+00  1.1039167069640496e-01  1.1953356278119207e+01  1.955415e-01  6.024877e+00  3.493083e+00  8.774005e+01  5.960321e+01  2.156817e+03  6.153203e+00  7.961741e+01  5.1991709928567234e+03
      2950  7.3750000000004530e+00  1.1019160022544733e-01  1.2059444183944350e+01  1.974287e-01  5.990424e+00  4.017438e+00  8.499416e+01  9.383383e+01  1.989580e+03  6.121242e+00  7.765221e+01  5.2591084391979803e+03
      2960  7.4000000000004569e+00  1.0998976790353124e-01  1.2164870640099569e+01  1.988505e-01  5.959110e+00  4.488388e+00  8.250484e+01  1.254181e+02  1.828282e+03  6.082553e+00  7.726832e+01  5.3176050232233065e+03
      2970  7.4250000000004608e+00  1.0978617668065799e-01  1.2270665503508674e+01  2.007495e-01  5.928471e+00  4.776246e+00  8.081900e+01  1.409783e+02  1.732911e+03  6.029698e+00  7.735664e+01  5.3752841574226313e+03
      2980  7.4500000000004647e+00  1.0958081086283794e-01  1.2378015034402301e+01  2.037012e-01  5.910986e+00  4.857857e+00  8.018404e+01  1.394475e+02  1.710623e+03  5.992009e+00  7.720630e+01  5.4330536230176594e+03
      2990  7.4750000000004686e+00  1.0937363573542290e-01  1.2487992525832507e+01  2.076864e-01  5.913688e+00  4.837218e+00  8.018532e+01  1.313274e+02  1.718717e+03  5.994965e+00  7.684502e+01  5.4918743222899466e+03
      3000  7.5000000000004725e+00  1.0916460103346412e-01  1.2601370247120670e+01  2.120539e-01  5.924798e+00  4.850305e+00  7.995054e+01  1.276413e+02  1.704361e+03  6.030714e+00  7.651623e+01  5.5526008230504276e+03
      3010  7.5250000000004764e+00  1.0895364643025296e-01  1.2718563340964133e+01  2.157023e-01  5.924376e+00  4.954702e+00  7.888460e+01  1.312383e+02  1.644387e+03  6.071267e+00  7.632221e+01  5.6159367456087930e+03
      3020  7.5500000000004803e+00  1.0874070696999072e-01  1.2839688253710991e+01  2.174048e-01  5.906653e+00  5.106304e+00  7.728325e+01  1.380525e+02  1.561008e+03  6.103247e+00  7.657219e+01  5.6824758418064193e+03
      3030  7.5750000000004842e+00  1.0852571710871575e-01  1.2964669959651372e+01  2.161495e-01  5.888232e+00  5.218025e+00  7.615273e+01  1.434224e+02  1.501256e+03  6.141275e+00  7.799582e+01  5.7527576628500919e+03
      3040  7.6000000000004881e+00  1.0830861320829238e-01  1.3093324793323134e+01  2.113811e-01  5.893171e+00  5.220707e+00  7.636502e+01  1.453155e+02  1.497260e+03  6.207246e+00  8.112289e+01  5.8272728359824305e+03
      3050  7.6250000000004921e+00  1.0808933528698053e-01  1.3225375296173757e+01  2.030940e-01  5.930959e+00  5.078737e+00  7.796292e+01  1.434360e+02  1.548117e+03  6.302105e+00  8.546897e+01  5.9063940844269500e+03
      3060  7.6500000000004960e+00  1.0786782914238428e-01  1.3360398562798935e+01  1.917793e-01  5.988232e+00  4.782069e+00  8.016743e+01  1.378507e+02  1.627983e+03  6.399924e+00  8.960188e+01  5.9902558608005202e+03
      3070  7.6750000000004999e+00  1.0764404960068068e-01  1.3497745895509084e+01  1.782649e-01  6.038460e+00  4.347658e+00  8.188217e+01  1.286599e+02  1.695430e+03  6.465129e+00  9.207879e+01  6.0786327418736792e+03
      3080  7.7000000000005038e+00  1.0741796489697969e-01  1.3636484835220433e+01  1.634959e-01  6.057496e+00  3.822403e+00  8.220377e+01  1.160344e+02  1.707389e+03  6.471755e+00  9.222089e+01  6.1708664021479053e+03
      3090  7.7250000000005077e+00  1.0718956144377237e-01  1.3775404552070174e+01  1.483213e-01  6.033054e+00  3.262595e+00  8.073535e+01  1.001455e+02  1.643949e+03  6.410439e+00  9.009322e+01  6.2658712987164654e+03
      3100  7.7500000000005116e+00  1.0695884779147742e-01  1.3913101434463613e+01  1.333552e-01  5.966678e+00  2.698818e+00  7.773048e+01  8.101140e+01  1.521238e+03  6.287393e+00  8.612862e+01  6.3622245985425643e+03
      3110  7.7750000000005155e+00  1.0672585654774094e-01  1.4048134452522392e+01  1.189623e-01  5.872218e+00  2.126593e+00  7.403637e+01  5.883776e+01  1.381859e+03  6.123814e+00  8.105550e+01  6.4583258210032864e+03
      3120  7.8000000000005194e+00  1.0649064337968414e-01  1.4179217126377695e+01  1.053591e-01  5.771961e+00  1.540369e+00  7.078032e+01  3.513137e+01  1.275951e+03  5.954081e+00  7.605875e+01  6.5525970318091186e+03
      3130  7.8250000000005233e+00  1.0625328287292296e-01  1.4305399347118442e+01  9.275735e-02  5.689309e+00  9.768664e-01  6.889919e+01  1.323175e+01  1.240593e+03  5.816376e+00  7.258639e+01  6.6436831359036732e+03
      3140  7.8500000000005272e+00  1.0601386179871942e-01  1.4426191684213931e+01  8.144863e-02  5.640103e+00  5.184593e-01  6.876577e+01 -3.047090e+00  1.284515e+03  5.737595e+00  7.164779e+01  6.7306064285360617e+03
      3150  7.8750000000005311e+00  1.0577247102235382e-01  1.4541599330385141e+01  7.176642e-02  5.627978e+00  2.471155e-01  7.015473e+01 -1.159327e+01  1.391580e+03  5.723132e+00  7.324601e+01  6.8128373412201372e+03
      3160  7.9000000000005350e+00  1.0552919763775416e-01  1.4652059269835597e+01  6.394197e-02  5.646545e+00  1.874865e-01  7.257620e+01 -1.305848e+01  1.543582e+03  5.759025e+00  7.660345e+01  6.8902676786154807e+03
      3170  7.9250000000005389e+00  1.0528411880122292e-01  1.4758302591153722e+01  5.794413e-02  5.685388e+00  2.851660e-01  7.571494e+01 -1.052308e+01  1.743490e+03  5.823125e+00  8.097034e+01  6.9631053877207369e+03
      3180  7.9500000000005429e+00  1.0503729821531578e-01  1.4861182132333285e+01  5.341165e-02  5.734836e+00  4.338010e-01  7.962959e+01 -8.537261e+00  2.020529e+03  5.896008e+00  8.619256e+01  7.0317343306745006e+03
      3190  7.9750000000005468e+00  1.0478878550089708e-01  1.4961507952928793e+01  4.973988e-02  5.787722e+00  5.277573e-01  8.460518e+01 -1.183941e+01  2.414756e+03  5.966002e+00  9.259885e+01  7.0965861081723360e+03
      3200  8.0000000000005507e+00  1.0453861803898751e-01  1.5059923175978348e+01  4.629777e-02  5.839948e+00  5.037920e-01  9.084544e+01 -2.392429e+01  2.952177e+03  6.029322e+00  1.005006e+02  7.1580552944239571e+03
      3210  8.0250000000005457e+00  1.0428682441127719e-01  1.5156839124513468e+01  4.267842e-02  5.890953e+00  3.498014e-01  9.823437e+01 -4.612363e+01  3.623321e+03  6.087923e+00  1.097756e+02  7.2164675844546200e+03
      3220  8.0500000000005407e+00  1.0403342834311821e-01  1.5252436924134571e+01  3.886886e-02  5.942450e+00  8.623695e-02  1.062345e+02 -7.760685e+01  4.373031e+03  6.145172e+00  1.196886e+02  7.2720949467024357e+03
      3230  8.0750000000005357e+00  1.0377845203143579e-01  1.5346732234962310e+01  3.526951e-02  5.994162e+00 -2.556638e-01  1.138858e+02 -1.157614e+02  5.104013e+03  6.199252e+00  1.288819e+02  7.3252059896578185e+03
      3240  8.1000000000005308e+00  1.0352191791924975e-01  1.5439687840842687e+01  3.256912e-02  6.039144e+00 -6.387528e-01  1.199185e+02 -1.562197e+02  5.694147e+03  6.238002e+00  1.355559e+02  7.3761382324422821e+03
      3250  8.1250000000005258e+00  1.0326384836425620e-01  1.5531346481689248e+01  3.154018e-02  6.063564e+00 -1.008974e+00  1.230439e+02 -1.927456e+02  6.025861e+03  6.240868e+00  1.379312e+02  7.4253763855174302e+03
      3260  8.1500000000005208e+00  1.0300426319104322e-01  1.5621949082102274e+01  3.283635e-02  6.052693e+00 -1.287490e+00  1.223828e+02 -2.179673e+02  6.021200e+03  6.189105e+00  1.349149e+02  7.4736169701801009e+03
      3270  8.1750000000005159e+00  1.0274317567811450e-01  1.5712006647702951e+01  3.684988e-02  5.999167e+00 -1.383738e+00  1.178272e+02 -2.254034e+02  5.669259e+03  6.077763e+00  1.266232e+02  7.5217986010030709e+03
      3280  8.2000000000005109e+00  1.0248058793937181e-01  1.5802307395676214e+01  4.364960e-02  5.907259e+00 -1.229062e+00  1.101044e+02 -2.119217e+02  5.031705e+03  5.920348e+00  1.144021e+02  7.5710822043982471e+03
      3290  8.2250000000005059e+00  1.0221648680081255e-01  1.5893858188274129e+01  5.299317e-02  5.790356e+00 -8.118361e-01  1.004884e+02 -1.791569e+02  4.222443e+03  5.742687e+00  1.003104e+02  7.6227757975766453e+03
      3300  8.2500000000005009e+00  1.0195084114724874e-01  1.5987773783732832e+01  6.439591e-02  5.664351e+00 -1.902540e-01  9.034349e+01 -1.330636e+02  3.371632e+03  5.571145e+00  8.640314e+01  7.6782110002450008e+03
      3310  8.2750000000004960e+00  1.0168360141088839e-01  1.6085135164422933e+01  7.723554e-02  5.542173e+00  5.289162e-01  8.076720e+01 -8.190285e+01  2.590789e+03  5.423808e+00  7.422529e+01  7.7385899367346610e+03
      3320  8.3000000000004910e+00  1.0141470149987607e-01  1.6186840246499330e+01  9.086705e-02  5.432364e+00  1.235983e+00  7.247787e+01 -3.360158e+01  1.951688e+03  5.309077e+00  6.467192e+01  7.8048292597948439e+03
      3330  8.3250000000004860e+00  1.0114406308892247e-01  1.6293469356719669e+01  1.047165e-01  5.340559e+00  1.861424e+00  6.588112e+01  6.510236e+00  1.482315e+03  5.229331e+00  5.808717e+01  7.8774305723183279e+03
      3340  8.3500000000004810e+00  1.0087160184868411e-01  1.6405185270325727e+01  1.183260e-01  5.270883e+00  2.390043e+00  6.115388e+01  3.672677e+01  1.175442e+03  5.184431e+00  5.439464e+01  7.9564017249213466e+03
      3350  8.3750000000004761e+00  1.0059723490444460e-01  1.6521682822148769e+01  1.313415e-01  5.225738e+00  2.841479e+00  5.826897e+01  5.835868e+01  1.003075e+03  5.172435e+00  5.317986e+01  8.0412416443551574e+03
      3360  8.4000000000004711e+00  1.0032088862766429e-01  1.6642195830667283e+01  1.434595e-01  5.204829e+00  3.238287e+00  5.700985e+01  7.403184e+01  9.308384e+02  5.188858e+00  5.378269e+01  8.1309865222190838e+03
      3370  8.4250000000004661e+00  1.0004250580744227e-01  1.6765560744618998e+01  1.543699e-01  5.204942e+00  3.588395e+00  5.702803e+01  8.612310e+01  9.273045e+02  5.226847e+00  5.545306e+01  8.2243037433045429e+03
      3380  8.4500000000004611e+00  9.9762051320859108e-02  1.6890329307670964e+01  1.637320e-01  5.220716e+00  3.889214e+00  5.790646e+01  9.611225e+01  9.657069e+02  5.278621e+00  5.752166e+01  8.3196163942661715e+03
      3390  8.4750000000004562e+00  9.9479515591534770e-02  1.7014917491405971e+01  1.711990e-01  5.245485e+00  4.138269e+00  5.917961e+01  1.045854e+02  1.021101e+03  5.336724e+00  5.949639e+01  8.4152445308537917e+03
      3400  8.5000000000004512e+00  9.9194915371584480e-02  1.7137773556313498e+01  1.764822e-01  5.271670e+00  4.333824e+00  6.035209e+01  1.113434e+02  1.069679e+03  5.394109e+00  6.106518e+01  8.5095534782119576e+03
      3410  8.5250000000004462e+00  9.8908291711640922e-02  1.7257542723559805e+01  1.794256e-01  5.291424e+00  4.466517e+00  6.099150e+01  1.156050e+02  1.093131e+03  5.443853e+00  6.205928e+01  8.6010982687184314e+03
      3420  8.5500000000004412e+00  9.8619705410065803e-02  1.7373200856308230e+01  1.800581e-01  5.298407e+00  4.516837e+00  6.087451e+01  1.165268e+02  1.084302e+03  5.479812e+00  6.242539e+01  8.6887467562265520e+03
      3430  8.5750000000004363e+00  9.8329230712147955e-02  1.7484129584038318e+01  1.786020e-01  5.290234e+00  4.467222e+00  6.007383e+01  1.138819e+02  1.049040e+03  5.498188e+00  6.221285e+01  8.7717587018024460e+03
      3440  8.6000000000004313e+00  9.8036948427361673e-02  1.7590115274288333e+01  1.754397e-01  5.269746e+00  4.320066e+00  5.890936e+01  1.084533e+02  1.002500e+03  5.498520e+00  6.156034e+01  8.8498022683149993e+03
      3450  8.6250000000004263e+00  9.7742939767940268e-02  1.7691273862006803e+01  1.710527e-01  5.243590e+00  4.104688e+00  5.778935e+01  1.018722e+02  9.617422e+02  5.482873e+00  6.066112e+01  8.9229048458995258e+03
      3460  8.6500000000004214e+00  9.7447281974737593e-02  1.7787925521040592e+01  1.659585e-01  5.218712e+00  3.866489e+00  5.702892e+01  9.597341e+01  9.385270e+02  5.453874e+00  5.969491e+01  8.9913551201273658e+03
      3470  8.6750000000004164e+00  9.7150046240124854e-02  1.7880457034563417e+01  1.606591e-01  5.199216e+00  3.648096e+00  5.673694e+01  9.204451e+01  9.359092e+02  5.413576e+00  5.875766e+01  9.0555867981642241e+03
      3480  8.7000000000004114e+00  9.6851297774747561e-02  1.7969208603056440e+01  1.556072e-01  5.185669e+00  3.477498e+00  5.682811e+01  9.046684e+01  9.496733e+02  5.364319e+00  5.785513e+01  9.1160742889335997e+03
      3490  8.7250000000004064e+00  9.6551097356025850e-02  1.8054406980687713e+01  1.511839e-01  5.176719e+00  3.368339e+00  5.714152e+01  9.096044e+01  9.729601e+02  5.310550e+00  5.698155e+01  9.1732584063021623e+03
      3500  8.7500000000004015e+00  9.6249503509541950e-02  1.8136146643799059e+01  1.476802e-01  5.170928e+00  3.325140e+00  5.756284e+01  9.309926e+01  1.000765e+03  5.259213e+00  5.620611e+01  9.2275041953639629e+03
      3510  8.7750000000003965e+00  9.5946574608336749e-02  1.8214405141443684e+01  1.452804e-01  5.167054e+00  3.344341e+00  5.804475e+01  9.652510e+01  1.030812e+03  5.217435e+00  5.566137e+01  9.2790821846688686e+03
      3520  8.8000000000003915e+00  9.5642370487048683e-02  1.8289073531645990e+01  1.440528e-01  5.163024e+00  3.410580e+00  5.852453e+01  1.006752e+02  1.060257e+03  5.188796e+00  5.542369e+01  9.3281624811339261e+03
      3530  8.8250000000003865e+00  9.5336953477144978e-02  1.8359986905066933e+01  1.439515e-01  5.155423e+00  3.495626e+00  5.884941e+01  1.044479e+02  1.082447e+03  5.171101e+00  5.539958e+01  9.3748154357882377e+03
      3540  8.8500000000003816e+00  9.5030388959784495e-02  1.8426947979185876e+01  1.448318e-01  5.140822e+00  3.566060e+00  5.881838e+01  1.063935e+02  1.088836e+03  5.157701e+00  5.534429e+01  9.4190173020252405e+03
      3550  8.8750000000003766e+00  9.4722745590679835e-02  1.8489743111701042e+01  1.464737e-01  5.118365e+00  3.597109e+00  5.833358e+01  1.055184e+02  1.075823e+03  5.141803e+00  5.502307e+01  9.4606604268888914e+03
      3560  8.9000000000003716e+00  9.4414095331741124e-02  1.8548152722834050e+01  1.486050e-01  5.091559e+00  3.583375e+00  5.753915e+01  1.021199e+02  1.050624e+03  5.120948e+00  5.439728e+01  9.4995657312516560e+03
      3570  8.9250000000003666e+00  9.4104513383242994e-02  1.8601958556085773e+01  1.509211e-01  5.067505e+00  3.538776e+00  5.681749e+01  9.790682e+01  1.030826e+03  5.098710e+00  5.369626e+01  9.5354945062383158e+03
      3580  8.9500000000003617e+00  9.3794078061180453e-02  1.8650951022703826e+01  1.531011e-01  5.053619e+00  3.485929e+00  5.661457e+01  9.516082e+01  1.037248e+03  5.082546e+00  5.332231e+01  9.5681599538645441e+03
      3590  8.9750000000003567e+00  9.3482870588554548e-02  1.8694941715201544e+01  1.548287e-01  5.053643e+00  3.442249e+00  5.718895e+01  9.541405e+01  1.083046e+03  5.079199e+00  5.364228e+01  9.5972451323078330e+03
      3600  9.0000000000003517e+00  9.3170974662283426e-02  1.8733786930619530e+01  1.558225e-01  5.065306e+00  3.411366e+00  5.843335e+01  9.846680e+01  1.163547e+03  5.090468e+00  5.477157e+01  9.6224376509352351e+03
      3610  9.0250000000003467e+00  9.2858475564335047e-02  1.8767424861128745e+01  1.558770e-01  5.081059e+00  3.384107e+00  5.987800e+01  1.023738e+02  1.253185e+03  5.111732e+00  5.645713e+01  9.6434872871176358e+03
      3620  9.0500000000003418e+00  9.2545458586563087e-02  1.8795921507954301e+01  1.549059e-01  5.091599e+00  3.347117e+00  6.088915e+01  1.044571e+02  1.315038e+03  5.133977e+00  5.813368e+01  9.6602802801750659e+03
      3630  9.0750000000003368e+00  9.2232006690019908e-02  1.8819511715182205e+01  1.529747e-01  5.090552e+00  3.292980e+00  6.097772e+01  1.027975e+02  1.320272e+03  5.148240e+00  5.916080e+01  9.6729094991078618e+03
      3640  9.1000000000003318e+00  9.1918197596382326e-02  1.8838617535186955e+01  1.503088e-01  5.078118e+00  3.225665e+00  6.007242e+01  9.734552e+01  1.265296e+03  5.150286e+00  5.914866e+01  9.6817122388362459e+03
      3650  9.1250000000003268e+00  9.1604100797757118e-02  1.8853830384975289e+01  1.472683e-01  5.061914e+00  3.158576e+00  5.861186e+01  8.997881e+01  1.174962e+03  5.143232e+00  5.819770e+01  9.6872534270590040e+03
      3660  9.1500000000003219e+00  9.1289775124069064e-02  1.8865855468345593e+01  1.442926e-01  5.054324e+00  3.107181e+00  5.738413e+01  8.346345e+01  1.091178e+03  5.136613e+00  5.689285e+01  9.6902504560422876e+03
      3670  9.1750000000003169e+00  9.0975267428118844e-02  1.8875431367386149e+01  1.418242e-01  5.067179e+00  3.081077e+00  5.717269e+01  7.996699e+01  1.055197e+03  5.141975e+00  5.602810e+01  9.6914583923738228e+03
      3680  9.2000000000003119e+00  9.0660612651085645e-02  1.8883247480418014e+01  1.402301e-01  5.106072e+00  3.080066e+00  5.838495e+01  8.004365e+01  1.091292e+03  5.166928e+00  5.620850e+01  9.6915500829496468e+03
      3690  9.2250000000003070e+00  9.0345835136219327e-02  1.8889882317770638e+01  1.397371e-01  5.167119e+00  3.095888e+00  6.086028e+01  8.265902e+01  1.195921e+03  5.210732e+00  5.755525e+01  9.6910271996690917e+03
      3700  9.2500000000003020e+00  9.0030950730734791e-02  1.8895776584678007e+01  1.403964e-01  5.238039e+00  3.117703e+00  6.395189e+01  8.609490e+01  1.337066e+03  5.263981e+00  5.967028e+01  9.6901852414441109e+03
      3710  9.2750000000002970e+00  8.9715969082395028e-02  1.8901241062375764e+01  1.420806e-01  5.303164e+00  3.137435e+00  6.682131e+01  8.899688e+01  1.467537e+03  5.312735e+00  6.185869e+01  9.6891345093477212e+03
      3720  9.3000000000002920e+00  8.9400895629090607e-02  1.8906487086219858e+01  1.445113e-01  5.349870e+00  3.151724e+00  6.877999e+01  9.082229e+01  1.547241e+03  5.344908e+00  6.346605e+01  9.6878598374564117e+03
      3730  9.3250000000002871e+00  8.9085733026414385e-02  1.8911662054117251e+01  1.473088e-01  5.373134e+00  3.159878e+00  6.951276e+01  9.153001e+01  1.560329e+03  5.355413e+00  6.413901e+01  9.6862923918056786e+03
      3740  9.3500000000002821e+00  8.8770482032165310e-02  1.8916875248096346e+01  1.500513e-01  5.376088e+00  3.160050e+00  6.910539e+01  9.101518e+01  1.516382e+03  5.347381e+00  6.388642e+01  9.6843696938706635e+03
      3750  9.3750000000002771e+00  8.8455142050217969e-02  1.8922207655270284e+01  1.523361e-01  5.366737e+00  3.146986e+00  6.791012e+01  8.890417e+01  1.438445e+03  5.329173e+00  6.295766e+01  9.6820716030658205e+03
      3760  9.4000000000002721e+00  8.8139711575031351e-02  1.8927708585740440e+01  1.538307e-01  5.353018e+00  3.113324e+00  6.635116e+01  8.484146e+01  1.349591e+03  5.309292e+00  6.166080e+01  9.6794331469108092e+03
      3770  9.4250000000002672e+00  8.7824188694681671e-02  1.8933387450654855e+01  1.543068e-01  5.339016e+00  3.053567e+00  6.476788e+01  7.890711e+01  1.266048e+03  5.292250e+00  6.023758e+01  9.6765433239966951e+03
      3780  9.4500000000002622e+00  8.7508571676091107e-02  1.8939209455548252e+01  1.536540e-01  5.324009e+00  2.967678e+00  6.333827e+01  7.176472e+01  1.196285e+03  5.277383e+00  5.882668e+01  9.6735398327936437e+03
      3790  9.4750000000002572e+00  8.7192859545345031e-02  1.8945100380358866e+01  1.518713e-01  5.304111e+00  2.861656e+00  6.207446e+01  6.443685e+01  1.141983e+03  5.260515e+00  5.747947e+01  9.6706051079722602e+03
      3800  9.5000000000002522e+00  8.6877052531083965e-02  1.8950960691563552e+01  1.490439e-01  5.274924e+00  2.744836e+00  6.086421e+01  5.788393e+01  1.099032e+03  5.236790e+00  5.618832e+01  9.6679633558629484e+03
      3810  9.5250000000002473e+00  8.6561152262532304e-02  1.8956685295894761e+01  1.453144e-01  5.233598e+00  2.625860e+00  5.953683e+01  5.265163e+01  1.059294e+03  5.202901e+00  5.491352e+01  9.6658750084786207e+03
      3820  9.5500000000002423e+00  8.6245161682031585e-02  1.8962183393033257e+01  1.408575e-01  5.179645e+00  2.509594e+00  5.793621e+01  4.876008e+01  1.013791e+03  5.157965e+00  5.360719e+01  9.6646252250863581e+03
      3830  9.5750000000002373e+00  8.5929084713936954e-02  1.8967393057211336e+01  1.358626e-01  5.114721e+00  2.396175e+00  5.598095e+01  4.583289e+01  9.563895e+02  5.103284e+00  5.223136e+01  9.6645055810436552e+03
      3840  9.6000000000002323e+00  8.5612925801520301e-02  1.8972286731077119e+01  1.305237e-01  5.041933e+00  2.282157e+00  5.369289e+01  4.334022e+01  8.862246e+02  5.041613e+00  5.076657e+01  9.6657908542233617e+03
      3850  9.6250000000002274e+00  8.5296689464997494e-02  1.8976866007638492e+01  1.250290e-01  4.965008e+00  2.163114e+00  5.118742e+01  4.082983e+01  8.077187e+02  4.976332e+00  4.921411e+01  9.6687142914192664e+03
      3860  9.6500000000002224e+00  8.4980380040562548e-02  1.8981146304234166e+01  1.195473e-01  4.887624e+00  2.036805e+00  4.863626e+01  3.807895e+01  7.284720e+02  4.910797e+00  4.759869e+01  9.6734444760901606e+03
      3870  9.6750000000002174e+00  8.4664001734122862e-02  1.8985133907039465e+01  1.142071e-01  4.813142e+00  1.905819e+00  4.622324e+01  3.514267e+01  6.563701e+02  4.848082e+00  4.597515e+01  9.6800655292261272e+03
      3880  9.7000000000002125e+00  8.4347559071731248e-02  1.8988799199119512e+01  1.090765e-01  4.744839e+00  1.778419e+00  4.410953e+01  3.230348e+01  5.973181e+02  4.791195e+00  4.443254e+01  9.6885609610523479e+03
      3890  9.7250000000002075e+00  8.4031057761761827e-02  1.8992050616901885e+01  1.041489e-01  4.686262e+00  1.666696e+00  4.241327e+01  2.995417e+01  5.542475e+02  4.743390e+00  4.308285e+01  9.6988009852859814e+03
      3900  9.7500000000002025e+00  8.3714505912618975e-02  1.8994713977246647e+01  9.934733e-02  4.641040e+00  1.582274e+00  4.119930e+01  2.845398e+01  5.272457e+02  4.707942e+00  4.202919e+01  9.7105337788232209e+03
      3910  9.7750000000001975e+00  8.3397915484345914e-02  1.8996521250431751e+01  9.454787e-02  4.611804e+00  1.531237e+00  4.047465e+01  2.799194e+01  5.143547e+02  4.687048e+00  4.132655e+01  9.7233825303517551e+03
      3920  9.8000000000001926e+00  8.3081303801793766e-02  1.8997111648808662e+01  8.962120e-02  4.598665e+00  1.510804e+00  4.019075e+01  2.850074e+01  5.126008e+02  4.680330e+00  4.096033e+01  9.7368512451247243e+03
      3930  9.8250000000001876e+00  8.2764694927804458e-02  1.8996046197364677e+01  8.448103e-02  4.598386e+00  1.509577e+00  4.025524e+01  2.966764e+01  5.188658e+02  4.684066e+00  4.085840e+01  9.7503423079833010e+03
      3940  9.8500000000001826e+00  8.2448120691656426e-02  1.8992834990954449e+01  7.912571e-02  4.605114e+00  1.511385e+00  4.055349e+01  3.104352e+01  5.303771e+02  4.692020e+00  4.092943e+01  9.7631873783352294e+03
      3950  9.8750000000001776e+00  8.2131621193178475e-02  1.8986974378161371e+01  7.366021e-02  4.612566e+00  1.500789e+00  4.097441e+01  3.218281e+01  5.448422e+02  4.697716e+00  4.110274e+01  9.7746905193376278e+03
      3960  9.9000000000001727e+00  8.1815244656939901e-02  1.8977989564225076e+01  6.829111e-02  4.616478e+00  1.467684e+00  4.143175e+01  3.273450e+01  5.603682e+02  4.696946e+00  4.134653e+01  9.7841792462479862e+03
      3970  9.9250000000001677e+00  8.1499046591211530e-02  1.8965476847343808e+01  6.329497e-02  4.615917e+00  1.409298e+00  4.187276e+01  3.246281e+01  5.752737e+02  4.689085e+00  4.165496e+01  9.7910564005503966e+03
      3980  9.9500000000001627e+00  8.1183088304255149e-02  1.8949139275670888e+01  5.896784e-02  4.612781e+00  1.329619e+00  4.227047e+01  3.124204e+01  5.879342e+02  4.676580e+00  4.201346e+01  9.7948444806138868e+03
      3990  9.9750000000001577e+00  8.0867434928223431e-02  1.8928810376750587e+01  5.556860e-02  4.609956e+00  1.237469e+00  4.260512e+01  2.908145e+01  5.968241e+02  4.663109e+00  4.236555e+01  9.7952151015154504e+03
      4000  1.0000000000000153e+01  8.0552153173689564e-02  1.8904462938522450e+01  5.326966e-02  4.609281e+00  1.144506e+00  4.284769e+01  2.619104e+01  6.007820e+02  4.651564e+00  4.260781e+01  9.7919997104734575e+03
