0.00 7.476500e-03 100 1
0.10 7.471500e-03 100 1
0.20 7.444200e-03 100 1
0.30 7.446400e-03 100 1
0.40 7.453100e-03 100 1
0.50 7.462700e-03 100 1
0.60 7.498100e-03 100 1
0.70 7.537800e-03 100 1
0.80 7.601100e-03 100 1
0.90 7.660100e-03 100 1
1.00 7.753900e-03 100 1
1.10 7.863200e-03 100 1
1.20 7.975200e-03 100 1
1.30 8.099300e-03 100 1
1.40 8.222900e-03 100 1
1.50 8.369200e-03 100 1
1.60 8.530100e-03 100 1
1.70 8.710700e-03 100 1
1.80 8.886600e-03 100 1
1.90 9.052200e-03 100 1
2.00 9.247200e-03 100 1
2.10 9.440800e-03 100 1
2.20 9.642500e-03 100 1
2.30 9.850000e-03 100 1
2.40 1.006560e-02 100 1
2.50 1.025820e-02 100 1
2.60 1.045880e-02 100 1
2.70 1.065760e-02 100 1
2.80 1.083870e-02 100 1
2.90 1.102930e-02 100 1
3.00 1.119610e-02 100 1
3.10 1.138780e-02 100 1
3.20 1.155910e-02 100 1
3.30 1.172670e-02 100 1
3.40 1.187660e-02 100 1
3.50 1.203030e-02 100 1
3.60 1.215110e-02 100 1
3.70 1.227290e-02 100 1
3.80 1.238740e-02 100 1
3.90 1.249290e-02 100 1
4.00 1.258770e-02 100 1
4.10 1.267350e-02 100 1
4.20 1.273860e-02 100 1
4.30 1.281330e-02 100 1
4.40 1.286990e-02 100 1
4.50 1.292300e-02 100 1
4.60 1.294660e-02 100 1
4.70 1.298230e-02 100 1
4.80 1.299180e-02 100 1
4.90 1.299650e-02 100 1
5.00 1.299200e-02 100 1
5.10 1.298480e-02 100 1
5.20 1.295490e-02 100 1
5.30 1.293130e-02 100 1
5.40 1.288800e-02 100 1
5.50 1.282930e-02 100 1
5.60 1.275360e-02 100 0
5.70 1.267430e-02 100 0
5.80 1.257710e-02 100 1
5.90 1.247790e-02 100 1
6.00 1.235930e-02 100 1
6.10 1.222800e-02 100 1
6.20 1.210130e-02 100 1
6.30 1.195440e-02 100 1
6.40 1.178950e-02 100 1
6.50 1.165060e-02 100 1
6.60 1.146940e-02 100 1
6.70 1.128140e-02 100 1
6.80 1.112320e-02 100 1
6.90 1.095670e-02 100 0
7.00 1.074750e-02 100 1
7.10 1.056100e-02 100 1
7.20 1.037340e-02 100 1
7.30 1.018120e-02 100 1
7.40 9.986400e-03 100 1
7.50 9.783800e-03 100 0
7.60 9.570700e-03 100 0
7.70 9.357100e-03 100 0
7.80 9.156700e-03 100 0
7.90 8.975600e-03 100 1
8.00 8.779200e-03 100 1
8.10 8.572600e-03 100 1
8.20 8.376700e-03 100 1
8.30 8.187200e-03 100 1
8.40 7.984500e-03 100 1
8.50 7.789000e-03 100 1
8.60 7.601300e-03 100 1
8.70 7.433600e-03 100 1
8.80 7.254900e-03 100 1
8.90 7.067800e-03 100 1
9.00 6.889500e-03 100 1
9.10 6.714200e-03 100 1
9.20 6.566500e-03 100 1
9.30 6.381300e-03 100 1
9.40 6.227100e-03 100 1
9.50 6.072300e-03 100 1
9.60 5.896900e-03 100 1
9.70 5.753000e-03 100 1
9.80 5.620700e-03 100 1
9.90 5.474600e-03 100 1
10.00 5.344000e-03 100 1
0.00 3.739500e-03 200 1
0.10 3.735800e-03 200 1
0.20 3.745300e-03 200 1
0.30 3.754700e-03 200 1
0.40 3.773600e-03 200 1
0.50 3.792500e-03 200 1
0.60 3.820700e-03 200 1
0.70 3.839900e-03 200 1
0.80 3.896000e-03 200 1
0.90 3.952300e-03 200 1
1.00 4.008600e-03 200 1
1.10 4.080300e-03 200 1
1.20 4.155100e-03 200 1
1.30 4.250900e-03 200 1
1.40 4.345500e-03 200 1
1.50 4.458900e-03 200 1
1.60 4.573400e-03 200 1
1.70 4.695200e-03 200 1
1.80 4.842100e-03 200 1
1.90 4.966200e-03 200 1
2.00 5.132100e-03 200 1
2.10 5.286100e-03 200 1
2.20 5.462600e-03 200 1
2.30 5.634200e-03 200 1
2.40 5.834900e-03 200 1
2.50 6.023600e-03 200 1
2.60 6.205100e-03 200 1
2.70 6.414100e-03 200 1
2.80 6.603300e-03 200 1
2.90 6.806400e-03 200 1
3.00 7.012600e-03 200 1
3.10 7.229700e-03 200 1
3.20 7.445700e-03 200 1
3.30 7.644800e-03 200 1
3.40 7.887300e-03 200 1
3.50 8.121100e-03 200 1
3.60 8.340500e-03 200 1
3.70 8.553200e-03 200 1
3.80 8.788400e-03 200 1
3.90 9.034400e-03 200 1
4.00 9.252900e-03 200 1
4.10 9.487800e-03 200 1
4.20 9.744600e-03 200 1
4.30 9.981400e-03 200 1
4.40 1.020900e-02 200 1
4.50 1.044050e-02 200 1
4.60 1.069640e-02 200 1
4.70 1.091210e-02 200 1
4.80 1.115620e-02 200 1
4.90 1.138040e-02 200 1
5.00 1.160230e-02 200 1
5.10 1.184980e-02 200 1
5.20 1.205000e-02 200 1
5.30 1.223930e-02 200 1
5.40 1.238240e-02 200 1
5.50 1.252120e-02 200 1
5.60 1.262640e-02 200 0
5.70 1.271770e-02 200 0
5.80 1.276830e-02 200 1
5.90 1.280440e-02 200 1
6.00 1.279660e-02 200 1
6.10 1.279670e-02 200 1
6.20 1.278710e-02 200 1
6.30 1.272960e-02 200 1
6.40 1.266300e-02 200 1
6.50 1.257760e-02 200 1
6.60 1.247490e-02 200 1
6.70 1.235980e-02 200 1
6.80 1.221810e-02 200 1
6.90 1.210160e-02 200 1
7.00 1.195330e-02 200 1
7.10 1.179120e-02 200 1
7.20 1.165710e-02 200 1
7.30 1.150380e-02 200 1
7.40 1.133530e-02 200 1
7.50 1.116640e-02 200 1
7.60 1.099760e-02 200 1
7.70 1.080560e-02 200 0
7.80 1.062490e-02 200 0
7.90 1.044170e-02 200 0
8.00 1.025800e-02 200 0
8.10 1.007950e-02 200 1
8.20 9.896000e-03 200 1
8.30 9.715100e-03 200 1
8.40 9.524500e-03 200 1
8.50 9.327600e-03 200 1
8.60 9.154100e-03 200 1
8.70 8.972300e-03 200 1
8.80 8.805000e-03 200 1
8.90 8.628600e-03 200 1
9.00 8.471200e-03 200 1
9.10 8.310900e-03 200 1
9.20 8.144100e-03 200 1
9.30 8.018700e-03 200 1
9.40 7.874200e-03 200 1
9.50 7.740000e-03 200 1
9.60 7.612800e-03 200 1
9.70 7.482700e-03 200 1
9.80 7.352100e-03 200 1
9.90 7.225000e-03 200 1
10.00 7.100700e-03 200 1
0.00 1.872600e-03 400 1
0.10 1.872600e-03 400 1
0.20 1.890800e-03 400 1
0.30 1.891600e-03 400 1
0.40 1.910400e-03 400 1
0.50 1.929300e-03 400 1
0.60 1.938700e-03 400 1
0.70 1.957600e-03 400 1
0.80 1.985800e-03 400 1
0.90 2.016300e-03 400 1
1.00 2.042300e-03 400 1
1.10 2.083400e-03 400 1
1.20 2.143100e-03 400 1
1.30 2.189700e-03 400 1
1.40 2.237900e-03 400 1
1.50 2.304900e-03 400 1
1.60 2.379900e-03 400 1
1.70 2.448300e-03 400 1
1.80 2.530100e-03 400 1
1.90 2.612400e-03 400 1
2.00 2.704600e-03 400 1
2.10 2.815900e-03 400 1
2.20 2.920000e-03 400 1
2.30 3.047700e-03 400 1
2.40 3.150700e-03 400 1
2.50 3.298900e-03 400 1
2.60 3.411400e-03 400 1
2.70 3.553000e-03 400 1
2.80 3.699600e-03 400 1
2.90 3.852200e-03 400 1
3.00 3.995900e-03 400 1
3.10 4.165600e-03 400 1
3.20 4.363900e-03 400 1
3.30 4.533600e-03 400 1
3.40 4.702600e-03 400 1
3.50 4.911300e-03 400 1
3.60 5.117700e-03 400 1
3.70 5.332600e-03 400 1
3.80 5.557400e-03 400 1
3.90 5.801500e-03 400 1
4.00 6.048800e-03 400 1
4.10 6.308100e-03 400 1
4.20 6.626800e-03 400 1
4.30 6.909200e-03 400 1
4.40 7.190500e-03 400 1
4.50 7.509600e-03 400 1
4.60 7.854800e-03 400 1
4.70 8.181800e-03 400 1
4.80 8.523900e-03 400 1
4.90 8.862000e-03 400 1
5.00 9.166900e-03 400 1
5.10 9.444100e-03 400 1
5.20 9.698600e-03 400 1
5.30 9.944600e-03 400 1
5.40 1.013150e-02 400 1
5.50 1.031340e-02 400 1
5.60 1.043720e-02 400 1
5.70 1.056370e-02 400 1
5.80 1.064970e-02 400 1
5.90 1.073420e-02 400 1
6.00 1.080140e-02 400 1
6.10 1.084810e-02 400 1
6.20 1.090340e-02 400 1
6.30 1.094320e-02 400 1
6.40 1.095330e-02 400 1
6.50 1.097620e-02 400 1
6.60 1.098090e-02 400 1
6.70 1.098860e-02 400 1
6.80 1.098570e-02 400 0
6.90 1.097810e-02 400 0
7.00 1.095480e-02 400 1
7.10 1.093480e-02 400 1
7.20 1.090680e-02 400 1
7.30 1.088720e-02 400 1
7.40 1.086250e-02 400 1
7.50 1.082470e-02 400 1
7.60 1.079500e-02 400 1
7.70 1.076610e-02 400 0
7.80 1.074730e-02 400 0
7.90 1.073870e-02 400 0
8.00 1.074200e-02 400 0
8.10 1.075930e-02 400 0
8.20 1.077690e-02 400 1
8.30 1.082330e-02 400 1
8.40 1.087100e-02 400 1
8.50 1.092870e-02 400 1
8.60 1.098340e-02 400 1
8.70 1.100220e-02 400 1
8.80 1.100230e-02 400 1
8.90 1.098390e-02 400 1
9.00 1.092840e-02 400 1
9.10 1.083860e-02 400 1
9.20 1.073390e-02 400 1
9.30 1.060920e-02 400 1
9.40 1.047210e-02 400 1
9.50 1.032390e-02 400 1
9.60 1.015750e-02 400 1
9.70 9.991300e-03 400 1
9.80 9.828200e-03 400 1
9.90 9.636700e-03 400 1
10.00 9.435600e-03 400 1
0.00 9.398000e-04 800 1
0.10 9.363000e-04 800 1
0.20 9.427000e-04 800 1
0.30 9.553000e-04 800 1
0.40 9.835000e-04 800 1
0.50 9.743000e-04 800 1
0.60 9.860000e-04 800 1
0.70 9.932000e-04 800 1
0.80 1.012100e-03 800 1
0.90 1.021600e-03 800 1
1.00 1.049800e-03 800 1
1.10 1.068600e-03 800 1
1.20 1.094000e-03 800 1
1.30 1.125100e-03 800 1
1.40 1.145700e-03 800 1
1.50 1.181300e-03 800 1
1.60 1.219200e-03 800 1
1.70 1.256700e-03 800 1
1.80 1.294400e-03 800 1
1.90 1.335700e-03 800 1
2.00 1.388200e-03 800 1
2.10 1.444600e-03 800 1
2.20 1.506900e-03 800 1
2.30 1.585500e-03 800 1
2.40 1.650600e-03 800 1
2.50 1.738100e-03 800 1
2.60 1.801000e-03 800 1
2.70 1.890700e-03 800 1
2.80 1.983900e-03 800 1
2.90 2.081700e-03 800 1
3.00 2.175500e-03 800 1
3.10 2.270100e-03 800 1
3.20 2.391700e-03 800 1
3.30 2.496900e-03 800 1
3.40 2.628000e-03 800 1
3.50 2.764500e-03 800 1
3.60 2.919400e-03 800 1
3.70 3.067300e-03 800 1
3.80 3.239500e-03 800 1
3.90 3.462000e-03 800 1
4.00 3.650400e-03 800 1
4.10 3.881300e-03 800 1
4.20 4.119900e-03 800 1
4.30 4.397200e-03 800 1
4.40 4.650600e-03 800 1
4.50 4.950400e-03 800 1
4.60 5.269100e-03 800 1
4.70 5.553700e-03 800 1
4.80 5.855900e-03 800 1
4.90 6.140400e-03 800 1
5.00 6.403000e-03 800 1
5.10 6.632900e-03 800 1
5.20 6.850900e-03 800 1
5.30 7.042700e-03 800 1
5.40 7.203200e-03 800 1
5.50 7.362800e-03 800 1
5.60 7.504800e-03 800 1
5.70 7.641500e-03 800 1
5.80 7.758200e-03 800 1
5.90 7.894200e-03 800 1
6.00 8.047300e-03 800 1
6.10 8.173200e-03 800 1
6.20 8.309400e-03 800 1
6.30 8.441600e-03 800 1
6.40 8.574800e-03 800 1
6.50 8.706100e-03 800 1
6.60 8.852500e-03 800 1
6.70 8.985200e-03 800 1
6.80 9.131700e-03 800 1
6.90 9.240900e-03 800 1
7.00 9.352800e-03 800 1
7.10 9.432500e-03 800 1
7.20 9.516900e-03 800 1
7.30 9.606700e-03 800 1
7.40 9.732700e-03 800 1
7.50 9.892900e-03 800 0
7.60 1.010440e-02 800 1
7.70 1.034330e-02 800 1
7.80 1.059360e-02 800 0
7.90 1.087850e-02 800 1
8.00 1.112260e-02 800 1
8.10 1.131600e-02 800 1
8.20 1.150050e-02 800 0
8.30 1.165890e-02 800 0
8.40 1.177140e-02 800 0
8.50 1.184330e-02 800 0
8.60 1.189930e-02 800 1
8.70 1.193850e-02 800 1
8.80 1.196670e-02 800 1
8.90 1.199490e-02 800 1
9.00 1.197640e-02 800 1
9.10 1.192160e-02 800 1
9.20 1.179540e-02 800 1
9.30 1.161060e-02 800 1
9.40 1.138860e-02 800 1
9.50 1.115720e-02 800 1
9.60 1.090530e-02 800 1
9.70 1.069940e-02 800 1
9.80 1.049830e-02 800 1
9.90 1.034610e-02 800 1
10.00 1.020640e-02 800 1
0.00 4.776000e-04 1600 1
0.10 4.776000e-04 1600 1
0.20 4.784000e-04 1600 1
0.30 4.872000e-04 1600 1
0.40 5.060000e-04 1600 1
0.50 5.061000e-04 1600 1
0.60 5.063000e-04 1600 1
0.70 5.064000e-04 1600 1
0.80 5.159000e-04 1600 1
0.90 5.253000e-04 1600 1
1.00 5.301000e-04 1600 1
1.10 5.443000e-04 1600 1
1.20 5.538000e-04 1600 1
1.30 5.717000e-04 1600 1
1.40 5.786000e-04 1600 1
1.50 6.010000e-04 1600 1
1.60 6.178000e-04 1600 1
1.70 6.388000e-04 1600 1
1.80 6.575000e-04 1600 1
1.90 6.764000e-04 1600 1
2.00 7.139000e-04 1600 1
2.10 7.407000e-04 1600 1
2.20 7.705000e-04 1600 1
2.30 8.265000e-04 1600 1
2.40 8.563000e-04 1600 1
2.50 9.019000e-04 1600 1
2.60 9.395000e-04 1600 1
2.70 9.917000e-04 1600 1
2.80 1.042600e-03 1600 1
2.90 1.089100e-03 1600 1
3.00 1.145600e-03 1600 1
3.10 1.209600e-03 1600 1
3.20 1.269400e-03 1600 1
3.30 1.333600e-03 1600 1
3.40 1.411400e-03 1600 1
3.50 1.494800e-03 1600 1
3.60 1.586700e-03 1600 1
3.70 1.683700e-03 1600 1
3.80 1.793400e-03 1600 1
3.90 1.925600e-03 1600 1
4.00 2.076400e-03 1600 1
4.10 2.220100e-03 1600 1
4.20 2.440200e-03 1600 1
4.30 2.624900e-03 1600 1
4.40 2.833700e-03 1600 1
4.50 3.058400e-03 1600 1
4.60 3.282000e-03 1600 1
4.70 3.489500e-03 1600 1
4.80 3.708100e-03 1600 1
4.90 3.951300e-03 1600 1
5.00 4.145600e-03 1600 1
5.10 4.328200e-03 1600 1
5.20 4.476900e-03 1600 1
5.30 4.619800e-03 1600 1
5.40 4.763600e-03 1600 1
5.50 4.875700e-03 1600 1
5.60 4.991700e-03 1600 1
5.70 5.123900e-03 1600 1
5.80 5.245000e-03 1600 1
5.90 5.390700e-03 1600 1
6.00 5.555300e-03 1600 1
6.10 5.723800e-03 1600 1
6.20 5.939900e-03 1600 1
6.30 6.155300e-03 1600 1
6.40 6.420000e-03 1600 1
6.50 6.666800e-03 1600 1
6.60 6.907100e-03 1600 1
6.70 7.078600e-03 1600 1
6.80 7.194500e-03 1600 1
6.90 7.273900e-03 1600 1
7.00 7.375200e-03 1600 1
7.10 7.555200e-03 1600 1
7.20 7.801700e-03 1600 1
7.30 8.101600e-03 1600 1
7.40 8.436400e-03 1600 1
7.50 8.758600e-03 1600 1
7.60 9.065000e-03 1600 1
7.70 9.347800e-03 1600 0
7.80 9.665000e-03 1600 1
7.90 1.003670e-02 1600 1
8.00 1.039550e-02 1600 0
8.10 1.073350e-02 1600 0
8.20 1.105510e-02 1600 0
8.30 1.137620e-02 1600 0
8.40 1.171230e-02 1600 0
8.50 1.208800e-02 1600 1
8.60 1.245460e-02 1600 1
8.70 1.273710e-02 1600 1
8.80 1.291900e-02 1600 1
8.90 1.295920e-02 1600 1
9.00 1.291160e-02 1600 1
9.10 1.267110e-02 1600 1
9.20 1.238200e-02 1600 1
9.30 1.204810e-02 1600 1
9.40 1.181620e-02 1600 1
9.50 1.167310e-02 1600 1
9.60 1.158860e-02 1600 1
9.70 1.152800e-02 1600 1
9.80 1.149220e-02 1600 1
9.90 1.148110e-02 1600 1
10.00 1.151020e-02 1600 1
0.00 2.688000e-04 3000 1
0.10 2.626000e-04 3000 1
0.20 2.717000e-04 3000 1
0.30 2.718000e-04 3000 1
0.40 2.813000e-04 3000 1
0.50 2.814000e-04 3000 1
0.60 2.816000e-04 3000 1
0.70 2.910000e-04 3000 1
0.80 2.818000e-04 3000 1
0.90 2.823000e-04 3000 1
1.00 2.809000e-04 3000 1
1.10 3.009000e-04 3000 1
1.20 3.104000e-04 3000 1
1.30 3.105000e-04 3000 1
1.40 3.106000e-04 3000 1
1.50 3.388000e-04 3000 1
1.60 3.389000e-04 3000 1
1.70 3.492000e-04 3000 1
1.80 3.579000e-04 3000 1
1.90 3.768000e-04 3000 1
2.00 3.866000e-04 3000 1
2.10 3.957000e-04 3000 1
2.20 4.148000e-04 3000 1
2.30 4.522000e-04 3000 1
2.40 4.710000e-04 3000 1
2.50 4.899000e-04 3000 1
2.60 5.087000e-04 3000 1
2.70 5.328000e-04 3000 1
2.80 5.660000e-04 3000 1
2.90 5.923000e-04 3000 1
3.00 6.239000e-04 3000 1
3.10 6.591000e-04 3000 1
3.20 6.973000e-04 3000 1
3.30 7.434000e-04 3000 1
3.40 7.779000e-04 3000 1
3.50 8.303000e-04 3000 1
3.60 8.872000e-04 3000 1
3.70 9.464000e-04 3000 1
3.80 1.034500e-03 3000 1
3.90 1.104700e-03 3000 1
4.00 1.203700e-03 3000 1
4.10 1.324000e-03 3000 1
4.20 1.461300e-03 3000 1
4.30 1.595500e-03 3000 1
4.40 1.758900e-03 3000 1
4.50 1.927200e-03 3000 1
4.60 2.095700e-03 3000 1
4.70 2.234600e-03 3000 1
4.80 2.405900e-03 3000 1
4.90 2.556000e-03 3000 1
5.00 2.702000e-03 3000 1
5.10 2.847000e-03 3000 1
5.20 2.970900e-03 3000 1
5.30 3.102300e-03 3000 1
5.40 3.208600e-03 3000 1
5.50 3.339300e-03 3000 1
5.60 3.433400e-03 3000 1
5.70 3.544100e-03 3000 1
5.80 3.664500e-03 3000 1
5.90 3.810700e-03 3000 1
6.00 3.981300e-03 3000 1
6.10 4.179100e-03 3000 1
6.20 4.407100e-03 3000 1
6.30 4.763800e-03 3000 1
6.40 5.127100e-03 3000 1
6.50 5.443400e-03 3000 1
6.60 5.711200e-03 3000 1
6.70 5.922600e-03 3000 1
6.80 6.119900e-03 3000 1
6.90 6.308900e-03 3000 1
7.00 6.545300e-03 3000 1
7.10 6.871700e-03 3000 1
7.20 7.191200e-03 3000 1
7.30 7.483000e-03 3000 1
7.40 7.789700e-03 3000 1
7.50 8.147100e-03 3000 1
7.60 8.480700e-03 3000 1
7.70 8.859800e-03 3000 1
7.80 9.303800e-03 3000 0
7.90 9.742600e-03 3000 1
8.00 1.022640e-02 3000 0
8.10 1.071280e-02 3000 0
8.20 1.125740e-02 3000 0
8.30 1.193550e-02 3000 1
8.40 1.273730e-02 3000 1
8.50 1.352470e-02 3000 1
8.60 1.420410e-02 3000 1
8.70 1.477050e-02 3000 1
8.80 1.514880e-02 3000 1
8.90 1.528120e-02 3000 1
9.00 1.520670e-02 3000 1
9.10 1.485010e-02 3000 1
9.20 1.434940e-02 3000 1
9.30 1.382870e-02 3000 1
9.40 1.339000e-02 3000 1
9.50 1.301690e-02 3000 1
9.60 1.269030e-02 3000 1
9.70 1.244090e-02 3000 1
9.80 1.222980e-02 3000 1
9.90 1.201000e-02 3000 1
10.00 1.179860e-02 3000 1
